0.998092
0.997257
1.00817
0.998182
1.00284
1.00929
0.999536
1.00058
1.00018
0.989995
1.00483
0.992153
1.00522
0.993788
1.00131
0.993958
0.988911
1.00191
1.00191
1.00514
0.987584
0.999096
0.996265
0.992106
0.993936
1.00329
0.990792
1.00497
0.992757
0.980348
0.996016
0.998693
0.998195
1.00187
1.00818
1.00104
0.997568
1.00333
1.01267
0.997612
0.990228
1.00039
0.998171
0.996608
0.999468
0.995645
0.987133
0.998213
0.999275
1.00796
0.994565
0.995264
0.996964
0.999113
0.988066
0.994027
0.98918
0.999909
1.00819
0.999269
1.00463
1.00212
0.992004
0.983974
0.996709
1.00614
1.00347
1.0112
1.00034
1.0155
1.00194
0.983891
1.00616
0.9915
1.00102
1.00225
1.0029
1.01585
1.00646
0.988995
1.01064
0.996072
0.99276
1.0027
0.998614
1.00263
1.00095
0.989373
1.00759
0.994947
1.00463
0.996193
0.996755
0.986404
0.999467
0.996144
1.01707
0.998522
0.995173
1.00274
0.998326
0.988798
0.994676
1.00758
1.00904
1.00495
1.01328
0.998349
1.00197
1.00856
1.00121
0.993746
0.999662
0.991917
1.00132
0.98631
1.01202
1.00065
1.00366
1.00622
1.00342
0.992249
1.00058
1.01202
1.01194
0.984799
1.01393
1.00127
1.00186
1.01766
0.998076
0.995118
0.989811
1.00842
1.00137
0.996099
0.997801
1.00207
1.00167
1.00691
1.00079
0.996189
0.998668
1.01067
0.995343
1.00863
0.991667
1.00844
1.014
1.01298
1.00666
0.993703
0.998621
0.998782
0.992559
0.99327
0.996818
0.996531
0.997106
1.01471
1.00967
0.994057
1.00099
0.995788
1.01305
0.999266
0.991831
0.992698
1.00153
1.0126
1.01065
1.00376
0.984302
1.0014
1.00224
1.00631
1.00103
1.00962
0.992396
0.994627
1.01396
1.0086
1.00192
0.996695
1.01535
1.00579
0.980547
1.00955
0.98531
1.00413
1.00756
1.00249
1.00284
1.00037
0.993827
1.00323
1.00344
1.00058
0.999837
0.991804
1.00793
0.988295
0.997753
0.996928
1.0071
1.00834
1.00541
0.995312
0.995797
0.991679
1.00129
1.00227
1.01495
0.992314
1.00276
0.996366
1.01271
1.00057
0.989484
1.00114
0.995213
1.00716
1.01091
1.01332
0.997286
1.00512
0.983924
1.00274
1.00478
1.01691
0.984026
1.02033
1.00367
0.996951
0.988542
0.988677
0.994256
0.987592
0.986966
0.980594
0.992689
1.00086
0.993165
1.00926
1.00519
0.996777
1.00226
0.989435
1.0109
0.993922
1.00302
0.997202
0.99913
0.984847
0.98617
0.983383
1.00076
0.998052
0.998929
0.989535
1.00109
1.01359
0.995427
0.99037
0.987241
0.995091
0.998888
1.00031
0.980182
0.998567
0.996049
0.992462
0.989758
1.00884
0.996588
1.00266
1.00959
0.986931
0.996621
1.00049
1.01045
1.00773
1.00361
1.00721
0.992987
1.00208
0.993502
1.00501
0.990491
0.995405
0.994761
0.987133
1.01913
1.00502
1.00252
1.00164
0.989286
1.01104
1.01655
0.992425
0.990957
0.985196
0.999547
1.0141
1.02084
1.00593
1.00156
1.0099
1.00608
1.00838
1.00306
1.01121
1.00582
1.00502
0.993268
0.998584
1.01098
1.00097
1.00531
0.989914
0.994945
1.00622
1.00201
1.00479
0.995654
0.985202
1.0003
1.00438
0.988745
0.995795
0.990249
1.00564
0.992393
0.993984
1.00944
1.00736
0.999771
1.00075
1.00488
0.995083
1.00709
1.00404
0.99616
1.0018
1.00386
1.00351
0.992652
0.987423
0.992242
0.991141
1.01937
1.00341
1.00191
0.989797
1.0013
1.00518
1.00112
1.00242
1.00341
0.984779
1.00275
1.02357
0.994796
1.00111
0.9984
0.996679
0.990997
0.995839
1.00774
0.997985
1.00624
1.00596
1.01053
1.00365
1.00724
0.997698
0.993246
1.0026
0.993981
1.00935
0.998941
1.00815
1.00162
0.997967
1.00224
1.00723
1.00669
1.0106
0.994723
0.990813
0.996692
1.00638
0.984224
0.992924
1.00208
0.991111
1.0006
1.01257
0.996807
0.992028
0.992822
1.00188
1.0129
0.996877
0.996792
1.00594
1.00852
0.992241
1.01418
0.999445
0.990154
0.994854
0.996167
0.997794
0.996818
1.00191
0.992917
0.993158
0.998968
1.00322
0.999727
1.01181
0.990167
0.99755
0.996613
1.00077
0.989625
1.0035
0.993039
1.00268
1.01227
1.00734
1.00075
1.00198
0.993232
1.01375
0.999383
1.00477
1.00985
0.982102
1.00938
1.01217
0.991327
0.981838
1.01475
1.00549
1.0081
0.992824
0.984831
0.999327
1.00041
0.992603
0.99608
1.00641
1.00477
1.00152
0.981596
0.993515
1.0093
0.996887
0.99507
0.999303
0.994637
1.00106
0.994665
0.995695
0.990091
0.983883
0.995469
1.01731
1.00204
1.01123
1.00305
0.987855
0.995709
1.00116
0.992015
0.993279
1.00175
0.991101
1.00066
1.01295
0.992006
1.00125
1.00172
0.994324
1.00722
0.996904
0.999266
0.995779
0.997155
0.988076
0.993795
1.00078
1.00435
0.993403
0.998107
1.00412
1.00701
1.01211
1.00563
0.989552
1.0032
1.00579
1.00581
0.995161
0.993189
0.997349
0.997768
0.98389
0.996112
1.00305
0.993696
0.994268
1.00458
1.00307
1.01316
1.00023
0.990444
0.996036
1.00186
1.00321
1.00518
0.999873
1.01373
0.99989
1.00814
1.00173
0.995216
1.0047
0.989341
0.991554
0.99891
0.99572
1.01424
1.0037
1.00423
1.01078
1.00406
1.01091
0.997327
0.982837
1.00687
1.00041
0.992511
0.994291
1.0135
1.00478
1.00732
0.996081
1.00144
1.00031
1.01053
0.988215
0.993354
0.997811
1.00712
0.99686
1.00926
1.0092
0.997573
1.01138
0.99082
0.99721
1.00446
0.996789
1.01096
1.00659
1.00659
0.994256
0.999354
0.988152
1.0018
0.998773
0.991162
1.00582
0.992232
1.00604
1.00533
0.989969
1.00826
1.00013
0.993712
0.99974
1.00735
1.00356
1.00382
1.01122
0.989985
0.989632
1.00807
0.992525
1.00053
0.992333
0.996748
1.00732
1.0122
0.987449
1.00755
0.992461
0.994143
1.00568
0.988864
1.00672
1.01082
0.993735
0.990959
1.00661
0.996669
0.979554
1.00629
1.00876
0.997526
0.994025
1.00135
0.993438
0.991732
1.01693
0.997215
1.01134
0.987091
0.991627
0.999514
1
1.00683
0.991139
0.993542
0.998
1.00457
0.999188
0.988054
0.996251
0.994716
1.01488
1.01008
1.0117
1.00618
0.995263
1.00046
0.999329
0.998331
0.999848
1.00174
1.00655
0.996516
0.998735
0.998384
1.0043
0.999991
0.994422
0.993639
0.993521
1.0095
1.00294
1.00403
0.987189
1.0077
1.00424
1.0074
1.00436
1.00744
0.995148
1.00215
0.991966
1.00086
0.995966
0.991118
0.988919
0.995863
1.00857
1.01389
0.982142
0.999582
1.00152
0.997312
1.00244
0.998521
0.997345
0.99384
0.996927
0.999542
1.01393
1.00467
1.00553
0.996318
1.00391
0.998709
0.984212
1.00374
0.998686
1.00259
0.99234
1.00453
0.999296
0.994219
1.00421
0.993214
1.01452
1.00708
0.995728
1.00371
1.00203
0.990338
1.00447
1.00963
1.00338
0.991689
0.995965
1.01238
1.00061
0.997902
1.00212
1.00767
0.995643
0.998274
0.987156
0.982033
0.999505
1.00001
1.00129
0.997263
0.98401
0.994995
1.00706
0.994513
1.00455
1.00215
0.998202
1.01572
1.01443
0.999909
1.0065
0.976514
0.99876
1.01708
0.996877
1.00009
1.00819
1.00348
0.997361
1.00357
0.991783
1.00113
1.00004
0.990071
1.00843
1.01309
0.992006
0.991915
1.003
1.00618
0.992567
1.00239
0.996079
1.00541
1.00195
0.995606
1.01023
1.00146
0.996855
0.99649
1.00294
1.00298
0.989621
1.00689
1.0048
0.999962
0.993097
1.0082
1.00015
1.0044
0.99456
1.00351
0.995743
1.00662
1.01537
0.986545
1.00409
0.996045
0.998872
0.999014
1.00502
0.996124
0.997647
0.998053
0.998575
0.998408
1.00112
1.00174
0.988561
1.00123
0.993493
1.00315
0.998276
0.996194
0.983341
0.998584
0.996174
0.999822
0.999888
1.01331
1.00199
0.999231
0.988435
1.00895
0.998472
0.983468
1.00372
1.01062
1.00739
1.00314
1.00186
1.01187
1.00391
0.999889
0.993233
1.00237
0.993022
1.00558
0.996094
0.99386
1.00983
0.992928
1.00273
0.994692
1.00011
1.01086
1.00144
0.994235
0.997578
0.984028
0.991385
1.00627
1.00637
1.00172
1.0032
0.992711
0.986709
0.993113
1.00834
1.00758
1.00927
1.01664
1.0093
0.996219
1.0194
1.0011
1.00966
1.01042
1.00028
1.00104
1.00401
1.00454
1.00394
0.987493
1.00426
1.01372
0.997591
0.996303
0.998839
1.00112
1.0002
0.983933
1.00191
0.991936
1.00919
1.00737
1.00186
1.00132
0.992854
1.00946
1.00074
1.0155
0.993521
0.994204
0.991079
1.00107
1.01948
0.982305
0.991247
1.00456
1.00749
1.00602
0.985087
1.00354
1.02397
1.00225
1.00729
0.990911
1.007
1.00364
0.997058
1.00207
0.995322
1.00366
1.00204
1.01412
0.992875
0.988454
1.00539
0.989041
0.996472
0.986459
0.995874
1.00153
1.02214
1.02007
1.00706
1.00798
1.00726
0.99379
1.00582
1.00016
1.00435
0.997678
0.992455
0.99912
1.00913
1.0015
0.999767
1.00665
0.980662
1.00991
1.00583
0.996062
0.996848
0.99458
0.993717
0.996588
1.00381
1.00755
0.999328
0.994416
0.980565
0.995416
0.986432
1.01659
1.0066
0.992597
0.997584
0.9969
1.00812
1.0024
1.00075
1.00841
1.00083
0.992841
1.00442
1.00354
1.00473
0.995668
0.997654
0.994825
1.0022
0.99544
1.00491
1.0036
1.00686
0.994293
1.00761
0.986252
0.992781
0.979327
0.998798
1.00109
1.00832
0.996508
0.996191
1.0054
1.00513
0.99787
1.0029
0.988582
1.0103
0.991249
0.986173
1.00122
0.99869
1.00644
0.999757
0.992553
1.00089
0.994927
1.00152
0.988491
0.987072
0.99954
0.99939
0.983627
0.98693
0.997356
1.01212
0.994668
0.99997
1.00493
1.0053
0.993673
0.994601
0.997948
0.998659
1.00972
1.0078
0.992289
0.992807
0.9962
1.02484
0.998153
0.996288
0.996474
1.01171
1.00435
0.991732
1.00689
0.999666
1.00159
0.993261
0.992442
0.995481
0.997233
1.00692
0.994385
0.995521
1.01227
1.00174
1.01732
1.00857
1.00036
1.00718
1.00044
0.998365
0.996496
1.01045
1.00598
1.00005
0.995599
0.9868
0.99722
0.990995
1.01359
1.00169
0.996676
1.00633
0.997104
0.994342
0.994942
1.00478
0.997011
0.995888
1.00857
0.997529
1.00816
1.00821
1.01396
1.00408
0.99263
1.00334
0.999574
0.997073
0.999843
0.994144
1.00159
1.00237
1.00783
1.0012
1.00825
1.00925
1.00771
0.997167
0.995413
1.00343
0.9924
0.993512
1.00979
0.997711
1.00687
1.02104
1.01566
0.990838
1.01625
1.01207
0.99245
1.0146
1.00474
1.00677
1.00787
1.00349
0.995734
1.00138
1.00133
0.992002
0.989486
1.00539
0.987992
1.00678
0.996269
0.991484
0.98606
0.991385
0.994608
1.00738
0.99827
1.01298
0.994824
1.00663
1.00118
0.988958
0.995694
0.99358
1.00225
0.995753
0.999128
1.01055
0.996793
1.00303
1.00753
1.00104
0.998914
0.995225
0.987626
0.994638
0.995406
0.989576
0.993744
1.00055
1.00605
1.00623
0.99282
1.00428
1.00395
0.999874
1.01622
1.00162
1.00126
0.995233
0.995968
1.0056
1.01001
0.989777
1.00002
0.98731
1.00409
0.986191
1.00653
0.987017
1.00324
0.997636
1.00196
0.992392
1.0206
1.01372
1.00384
1.01337
0.998788
1.00877
0.996757
0.994948
1.00155
0.990302
0.992084
1.0077
0.996901
0.980547
0.975661
0.99018
0.99133
1.00053
1.00621
0.997532
0.991986
0.9992
1.00219
0.976339
0.988965
1.00375
0.993926
0.993294
1.00344
0.995891
1.00137
0.999087
1.00412
0.998938
1.01645
0.982432
0.99603
1.01593
1.00508
0.99786
1.00049
1.00358
0.993628
0.992596
1.0041
0.991286
1.0057
0.992152
0.991156
0.990403
0.993545
0.99289
1.00399
1.01013
0.998749
1.00032
0.999357
0.993512
1.00125
1.01408
1.01567
1.01059
0.993845
1.00359
0.988469
0.99983
0.997481
0.99666
0.988307
0.995304
1.0108
1.01816
0.991331
0.996201
1.00934
0.993843
1.00356
1.00288
0.994584
1.00077
0.999734
0.994055
1.00518
1.01184
1.00741
1.00567
1.01708
1.01505
1.00172
0.998328
0.993856
1.00889
1.01322
1.00631
0.998485
1.00161
0.99184
0.997893
1.01143
0.999483
1.0043
1.00491
0.993492
0.985928
1.00351
0.998065
1.0191
0.999592
1.00327
1.00523
0.991837
1.00194
1.00876
0.986861
0.993394
0.994614
0.996125
1.00715
1.00321
0.989922
1.00728
1.00627
0.986799
1.0032
1.00531
1.00991
1.00529
0.993161
1.00336
1.01349
0.984226
1.00234
0.988315
0.995083
1.0042
0.980372
1.01334
0.997141
1.00243
1.00657
0.996467
0.989705
1.00487
0.995181
0.991424
0.994459
1.01098
0.994534
1.00671
0.982003
0.998028
0.9859
0.99276
0.997933
0.991469
1.00143
1.00079
0.992775
1.00609
1.00718
0.997231
0.978098
1.01441
1.00544
0.992558
1.00032
0.995625
0.986325
0.987612
0.999055
0.993492
0.999336
1.00038
1.0048
0.984581
0.982387
1.00436
1.00061
0.987088
0.995191
1.00571
1.00302
0.989623
0.998494
0.992131
0.993459
1.00068
0.984763
1.01136
0.988909
0.987969
1.01222
0.987789
1.00238
0.998655
0.981446
0.991524
0.994465
0.998619
0.995274
1.00406
0.99824
1.00283
0.980983
0.992595
0.980525
1.01228
0.997817
1.01309
0.985867
1.01009
0.996195
1.00712
0.993723
1.00372
1.00026
1.00208
1.0071
1.00093
0.985919
0.997647
0.999259
1.01697
1.00794
0.984317
0.991202
1.0002
0.992325
0.999511
1.00769
1.00564
1.00281
1.00665
0.988588
0.987487
1.00371
1.00502
1.00271
0.991486
0.984949
0.98893
0.998229
0.996388
0.992035
1.002
1.01767
1.00331
0.995272
1.00757
1.00217
1.0081
1.00589
0.999285
1.01648
1.00163
1.0156
0.994715
1.00268
0.984616
0.99453
0.997917
1.00406
0.998968
0.993988
0.996494
0.997357
1.00518
0.984715
0.996936
0.989605
0.998398
1.00266
1.00454
1.00094
0.999399
1.01648
0.984194
1.01157
1.00017
0.995506
1.0026
1.01001
0.989295
1.00779
0.99664
1.00203
1.00008
0.995778
1.00692
0.999819
0.994067
0.994357
1.00297
0.999082
1.00157
1.00222
1.00303
0.997673
1.00029
1.00447
1.01083
0.992512
1.01413
0.999047
0.991627
0.999901
0.995457
0.981067
1.00029
0.999575
0.999377
1.00814
1.00214
1.00586
0.998067
1.00255
0.997344
0.990494
1.0026
0.9873
0.983331
0.997104
1.00909
0.989846
1.00135
0.996211
1.01356
0.999429
0.992661
0.997385
0.999605
1.00069
0.993993
0.995025
1.00745
0.985615
1.01191
1.00211
0.981287
0.999504
1.01005
1.00199
1.0002
1.01113
0.985809
0.999891
0.990879
0.990523
1.00633
1.00389
0.999388
0.998505
1.00382
1.00699
0.987872
0.987354
0.996796
1.00671
0.999502
0.991985
0.993315
1.01968
0.991656
1.0012
0.991354
1.0128
1.0008
0.995383
1.02468
0.989016
1.01551
1.0087
0.999474
1.00476
0.998815
0.978529
0.996753
1.01719
0.989389
1.00014
0.992012
1.0026
1.00641
1.00233
0.996759
1.00245
0.993475
0.999048
1.0126
1.00308
1.0055
1.00728
0.991215
0.993136
0.993903
1.0066
0.999894
0.995941
0.992403
0.993049
1.0072
0.989648
1.00658
1.01725
1.00401
0.986051
0.992592
1.01312
1.01226
1.00702
1.00269
0.992076
0.993289
0.989804
1.00017
0.997052
0.983233
0.990071
1.01276
1.01053
1.00216
0.994433
0.998727
0.999172
1.00667
1.00845
0.997708
0.999233
0.999484
1.00197
1.0074
0.996302
1.00034
1.01014
1.00147
0.99771
0.992799
0.994791
1.00228
0.994366
0.999183
0.994777
0.991627
1.00088
0.992022
0.993178
0.998433
1.01011
1.00699
0.999708
1.00411
0.999871
1.00258
1.00409
1.01054
1.00573
0.99404
1.01141
1.00951
0.998029
1.00081
0.998147
0.975463
1.00215
0.996961
0.989791
1.00329
0.98709
1.00173
1.00977
1.00649
1.00476
1.00996
1.0011
1.00241
0.99657
0.998998
1.001
1.01506
0.985341
1.00927
0.986328
1.00466
0.997832
0.996717
0.991441
0.997172
1.00787
1.00576
1.01021
1.00663
0.995952
0.995699
1.00058
0.991346
0.998794
0.998918
1.00429
1.00411
1.01577
1.00764
1.00306
1.00919
1.00372
1.00033
0.989729
1.01179
0.996688
0.997634
0.985397
0.996662
0.990608
0.994882
0.99756
0.988345
0.999789
0.992169
0.998119
1.0006
0.995912
1.00619
1.0109
1.00898
1.01058
1.01118
0.986048
0.994382
1.0091
0.994801
0.990035
1.00201
0.994421
0.995739
0.998411
1.01251
0.986578
0.982551
1.00494
1.01311
0.989393
1.00658
0.99231
0.996196
1.00256
0.985638
0.990646
1.00083
0.998022
0.986354
0.995086
1.00193
1.00232
1.00552
0.997666
0.998823
0.992901
0.994564
1.00313
0.99933
0.996142
1.00447
0.997223
1.00922
0.993052
1.01412
0.998543
0.994535
1.00376
1.00118
1.00052
0.99303
0.999283
1.00751
1.01827
0.998813
0.994355
0.991209
1.00019
0.99416
1.00084
1.00725
0.991816
1.00125
0.998461
0.991573
1.01429
1.00279
1.01346
0.992844
1.00599
0.996904
1.00188
0.996057
1
1.00633
0.998039
0.998986
1.00783
0.995608
1.00167
1.00416
1.00027
0.999355
1.00714
0.997879
0.996999
1.00511
1.00493
1.00624
0.98837
1.00003
1.00511
1.0134
1.00446
1.01218
0.984376
1.00289
1.01218
0.994219
1.00253
1.00311
0.998892
1.00564
1.00508
0.989825
0.983656
1.00638
1.01241
0.998071
1.00945
0.997998
1.00265
0.998648
1.00307
0.998698
0.987464
1.01374
0.992674
1.00411
0.984655
1.00397
0.997759
0.993637
1.01731
0.98265
0.9918
1.01437
1.00725
0.998123
0.991462
0.991539
1.00572
0.997335
0.998262
1.01041
0.98678
0.992493
1.00474
1.00066
1.00284
1.00107
0.999654
0.996355
1.01155
0.990202
0.988289
0.996436
1.00136
0.981126
1.00311
0.984333
1.00502
0.995963
0.98475
1.00966
1.00497
1.01183
0.985821
1.01067
1.00874
0.999746
0.99843
0.986585
1.01072
0.993942
1.01003
1.00069
0.977221
1.00373
0.990773
0.999436
1.00533
1.0066
1.01625
0.996147
0.993247
0.995504
0.993319
0.998855
0.991607
1.00745
1.00178
0.989945
0.995655
0.998062
1.00412
0.998503
0.999422
0.997913
0.981823
1.00357
0.998018
1.00164
1.01671
0.998607
1.00037
0.991694
0.996248
1.00432
0.999121
1.01224
0.997976
1.00467
1.00264
1.00542
0.995551
0.998287
1.01471
1.003
0.984072
1.00143
1.01133
0.99829
0.998154
1.00301
0.997175
0.999592
1.00771
0.997347
0.990162
0.998619
1.00241
1.00368
1.00837
0.991875
1.01866
1.00423
1.00157
0.981392
0.988841
1.00462
0.999463
1.00832
0.992745
0.995737
1.00032
1.00424
1.00584
0.988867
1.00656
1.0062
0.993056
1.00419
0.995032
0.997558
0.997704
0.997593
1.00596
1.00957
0.99247
1.00192
0.997821
1.00598
1.00089
0.995694
1.00374
0.987074
0.997824
1.00545
0.9974
0.978167
0.999834
0.990865
0.999306
0.996532
0.996935
1.01467
0.992811
0.996855
0.996658
1.00238
1.00548
0.989474
0.992797
0.998099
0.983806
1.0014
0.98518
0.991262
1.00042
1.00577
1.00479
1.00491
0.998961
1.00673
1.00062
1.00279
0.986516
1.00326
0.987251
1.00727
1.0075
1.00269
1.0016
0.999856
1.00428
1.00765
1.00354
0.988038
0.988667
1.0093
1.00253
0.998466
1.00102
0.997034
1.00346
0.999644
1.01393
1.01024
1.00198
1.00059
1.00647
0.987236
0.996969
1.01126
1.00755
0.986277
0.989966
1.00068
1.01098
0.993645
0.992155
0.987839
1.01181
1.00595
0.98296
0.999524
1.00829
1.00773
1.00259
0.998332
0.999185
1.00529
1.00352
0.992348
1.00738
1.00004
0.993282
0.998711
1.00785
1.00761
1.01342
0.995615
1.00357
0.996411
1.00092
0.990676
0.994106
1.01113
1.00125
0.996047
1.0059
1.01399
1.00629
1.00146
0.994973
1.00033
1.01042
0.995156
0.999415
1.00194
1.01637
0.996167
1.00562
1.00198
0.996994
1.00658
0.991162
1.00302
1.00552
1.00012
1.00308
1.00944
1.00727
0.994249
0.998662
1.00772
1.01729
0.994463
0.992625
1.01963
0.989143
0.993034
0.990725
1.00834
1.01195
1.00088
0.997108
1.00569
0.99744
0.989256
1.0011
1.00419
0.998142
1.01543
1.01908
1.00479
1.00053
0.998654
1.01671
1.01023
1.00816
0.998195
1.01115
1.00205
1.00132
0.989838
0.983568
1.00247
0.989216
0.983401
0.995822
1.00216
1.00996
1.00392
1.013
1.00078
0.991452
1.00265
0.994429
1.00119
0.989792
1.00994
0.993214
1.00852
0.990149
0.989139
0.994762
0.985178
0.99515
0.990744
0.99037
0.996082
1.01025
1.00207
0.995777
0.992116
0.997363
1.01472
1.0133
1.00641
1.01176
0.996374
0.991622
1.01296
0.999892
1.00403
0.996262
1.00159
1.00144
1.00382
1.01361
1.01153
1.00019
1.00192
1.00204
1.01091
1.00298
1.01103
1.00342
0.996113
1.00014
1.00572
0.99732
0.991991
1.0098
0.991414
1.0042
1.00046
1.01966
0.992645
0.998599
0.990447
0.999117
0.997634
1.00981
0.986654
0.98187
0.990157
1.00068
1.00876
1.0103
1.01274
0.998625
0.99376
1.00891
0.999352
1.00029
0.99409
0.999957
1.00745
1.00694
0.991127
0.996411
1.00435
0.991411
1.00625
0.9902
1.0033
0.987314
0.997959
0.994388
0.994119
0.987452
1.0067
0.99238
1.0056
1.00692
0.997067
1.00585
1.00042
0.999643
1.00114
0.997695
1.01674
1.00511
1.00936
1.01036
1.00859
1.01455
0.984662
0.990986
0.999325
0.984989
1.00555
0.992999
0.997651
1.00203
1.02163
0.989052
1.00427
0.992736
0.985882
1.00132
1.00758
1.01222
0.997694
0.995874
1.00201
0.993705
0.989586
1.00178
1.00723
0.987664
1.01373
1.00077
1.00543
0.995166
0.995866
1.00587
0.999749
0.994758
0.985435
0.992285
1.00585
0.991225
0.997889
1.01563
1.00583
0.991665
1.00055
1.00726
0.998315
1.00755
0.99272
0.999252
0.998786
1.01816
0.994182
1.00391
0.98823
0.987011
1.00474
0.985562
0.99964
1.00057
0.997993
1.01688
1.00009
1.0131
1.0008
0.996994
0.986353
1.00263
0.994488
0.996901
1.01049
1.00507
1.0011
0.994787
0.995376
1.01165
1.00642
0.984646
0.996388
0.998583
0.999263
1.00401
0.997451
0.98524
0.99855
0.993471
0.994352
1.00036
1.0125
1.00478
0.994433
1.0007
0.999285
1.00909
1.00129
1.00277
0.998912
1.01216
0.997979
1.01293
0.998775
1.00255
1.00063
1.01565
0.998483
1.00803
1.00875
1.00371
1.00358
0.995958
1.00164
1.00307
1.00371
0.976144
0.977737
1.0034
0.987213
0.994453
0.998606
0.994201
0.989408
0.993175
0.998866
1.00775
0.998378
1.00315
0.984011
0.986359
0.994015
1.00565
1.00427
1.00109
0.993835
0.998999
1.00551
0.98853
1.01737
1.00627
0.997733
0.997191
1.00069
1.00724
1.00349
1.00288
0.983187
0.988891
1.002
1.007
0.996729
0.976698
0.981062
0.998191
1.00051
0.991113
1.00816
0.98749
0.997428
0.999574
0.998276
1.0133
1.00465
0.98949
1.01422
1.01559
1.00334
1.00027
0.999454
0.991709
1.00627
0.996238
0.99534
0.996593
1.01037
0.99465
0.991379
1.00228
0.993047
1.00923
0.99738
0.99732
0.998145
0.99876
0.994835
1.00788
1.00572
1.00671
0.997573
0.999266
0.993305
1.01296
1.00995
1.00292
1.00039
0.997869
1.00654
0.999345
0.992345
1.00174
1.00671
1.00457
0.998621
1.00205
1.00755
0.995816
1.01032
1.00479
1.00886
0.996933
1.00794
1.01372
0.995322
0.990335
0.994583
1.00719
1.01171
0.994018
0.985649
0.991328
0.988455
1.00493
1.00063
0.992605
1.01201
0.999252
0.991694
1.01137
0.983539
0.99498
0.999353
1.00626
1.00091
0.990971
1.00721
0.998573
1.00019
1.00506
0.996808
0.99276
1.00083
0.992797
1.00631
0.991668
0.98868
1.00265
1.00364
0.983966
0.999059
1.00794
0.997095
1.00275
1.00778
0.996003
0.997672
1.00395
0.990454
1.00517
1.00391
0.995046
0.997112
1.01589
0.998756
0.996312
0.997372
0.99765
1.00805
0.990945
0.989423
0.993994
1.00319
0.990607
1.00952
1.00015
0.999937
0.997539
0.985848
1.01082
1.01352
1.00338
1.00766
1.0001
0.987776
0.994813
0.993871
1.00276
1.00795
0.988743
1.00208
0.99735
0.995103
1.01238
1.00646
0.997387
1.00354
0.991852
1.01644
0.994651
0.997352
1.00415
0.995638
1.00989
1.00574
0.990618
0.993886
1.00676
1.00385
1.00697
1.0179
1.00258
1.00543
0.990911
0.995274
1.00446
0.992416
1.00732
1.00442
0.992731
0.994288
0.998826
0.992301
1.01532
0.997231
1.01786
0.995564
1.00311
0.994249
1.00756
1.00284
0.993557
0.990534
1.00986
1.01445
0.985721
1.02027
1.0014
1.00609
1.00195
1.00025
1.00507
0.993708
0.999159
0.990716
0.991191
1.00058
0.996949
0.996394
0.998401
0.994405
0.998967
0.990466
0.989398
0.988242
0.998418
0.985257
0.991156
0.997198
0.99823
1.0189
0.986271
1.00336
0.989811
1.00016
1.01051
0.99964
1.0033
1.00885
1.0074
0.999569
0.993725
0.998232
1.00234
0.997092
1.01286
1.01916
1.00617
1.00204
0.989062
1.00376
1.00102
1.00315
1.00985
0.992899
0.992321
0.99175
1.01326
0.995704
1.00389
1.00167
0.991225
0.988179
0.996703
1.00597
1.00724
0.993659
1.00078
1.00919
1.01483
0.99806
0.995905
1.00266
1.00305
0.992238
1.00716
0.989652
0.984915
0.999735
0.996079
0.999419
0.994603
1.00003
0.991449
1.00135
1.01206
1.00888
0.994653
0.998523
1.00002
0.996047
1.00161
1.01455
1.00078
1.00657
1.00933
1.01085
1.00806
1.00849
1.0119
1.00875
0.994013
1.00552
0.999081
0.984643
1.00044
0.987918
1.00486
1.00767
1.01309
0.996234
1.00373
1.00154
0.996531
1.00673
0.988764
1.01223
0.989385
1.01545
0.991237
1.00779
1.0062
1.00066
1.00762
0.993163
0.999388
1.00576
1.00776
1.0054
0.999505
0.989957
0.997249
1.00077
0.977671
0.997697
0.992604
1.00275
1.00326
0.997388
1.00226
0.998188
0.987375
0.992718
0.995689
0.998973
0.994612
0.984278
0.989422
1.0024
1.01068
0.987668
0.98919
0.990429
0.986296
0.998056
1.02018
0.990078
0.994791
1.00636
1.01184
1.01303
1.01406
1.00002
0.997482
0.991093
0.998704
1.00152
0.987782
1.00464
1.01133
0.993108
0.998631
1.01206
1.00406
0.998825
0.994801
1.00467
0.996009
1.0043
0.99794
0.988536
0.987096
0.990905
0.995627
1.00272
0.991156
1.00158
1.0074
0.996701
1.01299
1.00759
0.993237
0.996413
1.01219
0.992138
0.999894
1.00113
0.992537
0.990537
0.990853
0.992779
0.998195
0.989551
1.00483
0.991562
0.993861
0.996384
0.998798
1.00848
0.997915
0.991573
1.00094
0.999382
0.99708
1.00138
1.00638
0.991566
0.997918
0.992919
0.999591
1.00323
0.999943
0.992081
1.00116
1.00376
0.987574
0.995004
1.00128
1.00067
1.00142
0.999202
0.979005
0.983398
1.00677
0.999754
0.996425
0.999736
1.00585
1.00969
0.993537
1.00451
0.986445
0.994669
0.9943
0.994384
0.99578
1.00929
0.994545
1.0021
1.00216
1.00287
0.993739
0.995716
0.982991
1.00031
1.00575
0.998275
1.02047
0.998859
1.00643
0.996469
1.00988
0.999957
1.00292
1.00222
1.00341
1.01538
0.990205
1.00545
1.00732
0.995787
0.999948
0.993777
1.00802
0.996757
1.00748
1.00682
1.00648
1.00028
0.998942
0.993733
1.00368
0.999651
1.00408
0.998094
1.00712
0.98926
1.00392
1.00943
0.985612
1.00739
0.999373
1.00509
0.986944
0.993078
0.985556
1.01005
1.00265
1.0009
0.999785
1.00435
1.00049
0.992565
0.987406
0.992389
1.00129
1.00562
0.994656
0.993378
0.997865
0.999341
0.999203
0.984349
1.0125
0.995995
0.990864
1.00648
1.00982
0.987722
0.999497
1.00452
0.995254
1.00363
0.990183
0.993511
0.995079
1.00422
1.00586
0.995337
0.996276
1.00257
0.998319
0.997557
0.998294
0.996383
0.993508
0.985545
0.99653
1.01532
1.00064
1.00067
1.00874
1.01708
0.996793
0.988291
0.998046
1.00664
0.996584
0.998712
0.993344
1.01625
1.00588
1.00292
0.982359
0.990617
1.01152
1.00975
1.01773
0.996252
1.00106
1.00129
0.984981
0.988301
1.0001
1.00264
0.999988
0.984914
1.00257
1.00426
1.01073
0.994332
0.999626
1.00424
0.997202
0.99824
0.997033
1.00693
0.997816
0.996743
1.00763
1.00346
1.00401
1.01309
0.993991
0.991812
0.993964
0.999932
1.00153
0.994605
0.997763
1.00497
1.00256
0.992961
0.99747
0.993606
0.999087
1.00267
1.00222
0.998705
1.00311
1.0033
0.994342
1.00513
1.00747
0.982118
0.999808
1.00471
1.01253
0.996604
0.982221
1.00455
1.00078
1.00282
0.989051
0.999027
1.00187
0.997776
0.997822
0.982374
1.00077
1.01184
1.00489
1.00652
1.0156
1.00387
0.999207
1.00086
1.00573
0.99932
0.989596
0.995721
1.00163
0.993743
0.998589
0.997749
1.00321
1.00947
1.00107
0.999444
1.00598
0.991038
0.987029
1.01287
0.99729
0.985167
1.00454
1.00969
1.00474
0.99016
1.0109
1.02264
1.00199
0.997552
0.995624
1.00233
0.980139
0.992542
1.01561
0.999616
0.997932
0.990638
1.00553
0.993015
0.994722
1.00944
0.993858
0.9945
0.99858
0.990199
1.0068
1.00593
1.00574
1.02067
0.995057
0.993718
1.00428
1.01224
0.996471
0.996749
1.00363
1.00466
1.00604
1.00113
1.0013
0.990639
0.99435
1.01148
0.991102
1.0101
1.01608
0.986004
0.987836
0.993568
0.987381
0.990826
1.01145
0.995441
1.00924
0.997369
0.999826
0.998114
0.999495
1.01635
1.00056
0.987964
0.98631
1.00612
1.00192
1.00265
0.999989
1.00105
0.996393
0.994457
1.00434
1.00909
1.00736
0.994746
0.989486
0.986255
0.998535
1.00386
1.00081
0.994267
0.989989
1.00023
1.00467
1.00756
1.00647
1.00563
1.00199
0.996565
1.00025
0.995839
1.00617
0.991731
1.01114
1.00252
1.00199
1.00076
0.983849
1.00949
0.997393
1.01121
1.00049
1.00544
1.00636
0.99953
1.00625
1.00579
1.01078
1.00568
1.00598
1.0084
1.00043
0.996025
0.997355
1.01175
0.998653
1.00123
0.99455
0.997562
0.999088
0.991384
0.998216
1.00174
0.99498
1.01165
1.00611
1.00844
1.00332
0.99613
0.995716
0.998835
0.997641
0.997353
0.999446
1.00506
1.00235
1.00119
0.992739
1.01263
0.996679
1.00336
0.997006
1.001
1.01464
1.00769
1.00513
0.997932
0.994499
1.01161
1.00093
1.00835
0.985913
1.00179
1.00599
1.01531
0.99528
0.999787
0.993468
0.99059
0.999376
0.990488
1.00881
1.01125
0.996262
0.997065
0.994578
1.00012
0.98114
0.997533
0.996856
1.00228
0.995751
0.997628
1.00228
0.998213
0.992311
0.987687
1.00227
1.00522
0.998479
0.998097
0.985808
1.00013
0.999031
1.00346
1.00697
1.00454
1.00122
0.999693
0.993258
0.999
1.00945
0.995552
0.99463
1.01002
0.987019
0.997755
1.00082
1.00839
1.02338
1.01254
0.999073
0.987185
1.00374
1.00486
0.993789
0.997521
0.995012
1.00111
0.995468
1.01337
0.99623
0.999703
0.999644
0.991605
0.994433
0.988499
1.01074
0.988817
1.00809
0.995041
1.01255
0.996516
0.990861
0.992511
0.996248
1.01462
1.00223
0.99831
1.00589
1.00365
0.975598
0.997743
1.00177
1.00495
1.0032
0.997342
0.998711
1.012
0.991568
0.98413
0.992176
0.988555
0.998491
1.00069
1.01015
0.993165
0.994701
1.01392
0.991272
0.989754
0.999794
1.01226
0.993449
0.996189
0.995052
0.990546
0.988287
0.994448
0.997213
1.00394
0.995669
1.00023
1.00616
0.990779
0.994133
0.992723
1.00625
0.99295
1.00678
0.997082
1.01031
0.989546
0.993089
1.00169
0.998277
0.989046
0.993693
0.995866
0.987231
0.995994
1.01295
0.990599
1.01032
1.00063
1.00055
1.00709
1.00015
1.00102
1.00125
1.00593
0.998948
1.00209
0.997838
0.989255
0.99579
0.994903
0.993572
0.998174
0.997802
1.00368
1.00231
1.0031
0.99228
0.995468
1.00423
1.00204
1.0008
0.984643
0.991431
0.995232
1.00454
1.00959
0.990437
1.00039
0.985647
1.00439
1.00262
0.998335
0.993899
1.00301
0.990838
1.00761
1.00558
1.00405
0.998174
1.00767
0.988986
0.997803
0.996702
1.00424
1.00119
1.01066
0.989402
0.994714
0.989053
0.992511
1.00313
0.996869
0.986967
1.00024
0.995916
0.988169
0.997879
1.00383
1.00933
1.01277
1.00481
0.998563
1.00056
0.981991
0.985622
0.984933
1.00267
1.00678
0.997193
1.01315
0.997104
0.991007
0.993351
1.00733
0.998219
0.999281
0.999048
0.997231
1.0069
0.99893
0.994841
0.992413
0.982092
0.990969
1.00045
0.992433
1.00546
0.990715
0.999174
1.00945
1.01407
1.01102
0.987568
1.00782
0.989732
0.996848
0.995767
1.0081
0.988004
0.998328
1.00616
1.0005
0.995778
0.990862
1.00147
0.990577
1.01614
1.00439
0.999234
1.00551
0.994206
1.01528
1.01148
0.990243
1.00085
0.995106
1.00791
1.00902
1.01138
1.00822
0.997784
1.00227
1.00077
0.993347
1.00524
0.998916
1.00281
1.00542
0.997363
0.985143
0.999982
0.995347
1.00226
1.00522
0.991279
1.001
0.997466
0.999494
1.00372
1.00632
0.994436
0.995098
1.01232
1.00775
1.00199
0.986189
1.00789
0.983204
1.006
1.01508
0.992672
1.01119
0.989007
1.01071
1.00587
0.995795
0.992831
0.995889
1.00018
1.00806
0.98516
1.00727
0.998124
0.995397
1.00688
0.988685
0.996049
1.00034
1.00491
1.007
1.00626
0.996169
0.996515
1.00919
0.989331
0.984451
0.976365
0.995383
0.984815
0.993963
0.985237
0.991638
0.991653
1.00056
0.993267
0.998637
1.00147
1.00497
0.990316
0.983071
1.00047
0.988295
1.00198
0.986178
0.988287
0.991878
0.994788
1.01763
0.998596
0.99707
0.987801
1.00659
1.00714
0.998608
1.01201
1.00841
1.00102
0.980804
0.990511
0.983022
0.996684
1.0023
0.999306
0.991716
0.992666
0.991216
1.00779
1.00484
1.00675
0.997729
0.996439
1.00431
0.990952
0.993319
0.991518
0.998682
0.990293
1.00203
0.991006
1.00755
1.01162
1.01682
1.00444
0.996151
1.00837
0.992489
1.00318
0.997462
1.00542
0.996529
1.00317
0.999448
1.00869
0.991455
0.996862
0.995519
1.00637
1.0111
0.994408
1.00426
1.00998
0.994055
0.998453
1.00408
0.99551
1.00425
1.00027
0.996267
1.00123
0.994596
1.00149
0.996617
0.994392
0.995153
1.01001
1.00044
0.992959
1.00681
1.00234
0.99567
0.998095
1.00935
1.00075
1.01144
1.00092
1.01575
1.01412
0.990131
0.993982
0.991694
0.996469
0.996343
1.00854
0.989427
1.01407
0.998694
1.00082
1.00732
1.00331
1.0053
1.00804
1.00196
1.01414
0.994712
0.993643
0.996078
0.9983
0.995258
0.994689
0.989809
1.01051
1.00102
1.00085
0.997492
0.993848
0.995095
1.00148
1.00114
0.993759
0.995824
0.999845
1.00212
1.00264
1.00759
0.997409
1.00678
0.998482
0.993847
0.998933
1.00456
0.996947
1.00297
1.00734
0.99678
1.00817
0.997421
1.00166
0.998778
0.992945
0.991931
0.994201
1.01151
0.996611
0.999827
0.988957
0.992037
1.01042
0.997628
0.995169
1.00009
0.998448
0.998454
0.997297
1.00587
0.991856
1.00175
1.00176
0.987022
0.995425
1.00093
0.996433
0.996987
1.0091
1.00494
1.01027
1.0056
1.0019
1.00185
0.993091
1.01669
1.00463
1.01251
0.991676
1.0056
0.988633
1.00319
1.00357
0.989822
0.99212
0.991481
1.0033
1.00299
1.01412
0.997537
0.990617
0.9981
0.99775
1.0051
1.00068
0.993812
1.00262
1.01828
0.990014
0.999959
0.99044
1.00373
0.999032
0.997118
0.992536
1.00011
0.993975
0.999731
0.991434
1.00025
1.00639
0.991931
0.998504
1.00792
0.994067
0.992315
0.995416
1.00038
1.00307
0.998808
0.993178
0.99656
0.992562
1.00204
1.01164
1.00356
1.00047
1.00052
0.998495
0.988949
0.9965
1.00773
1.00954
1.00564
1.00883
0.9976
1.00493
1.01329
1.00452
1.00383
1.00854
1.00648
1.01062
1.00141
1.00495
0.989312
0.998598
1.00657
0.992797
1.01661
1.00392
0.99093
0.988054
1.00433
0.990177
1.0049
0.98775
1.00455
0.993109
0.982247
0.997842
1.00419
0.996696
0.997603
1.01299
1.00636
0.990297
1.01369
0.999847
0.993783
1.00737
1.00317
1.01414
0.998633
1.0039
1.00279
1.00225
1.00622
0.994206
0.998292
0.995757
1.00024
0.992538
1.00393
0.98685
1.00059
1.00371
0.990077
1.00865
0.995333
1.01047
0.996882
1.00767
0.992468
1.00766
0.99249
1.00295
0.986454
1.00274
0.994082
1.01318
0.997972
0.992908
1.00016
0.991707
1.00055
0.998881
0.993245
1.00677
1.00098
0.992428
0.988271
1.0043
1.00428
1.00161
0.995465
0.987698
0.99478
0.99456
1.00693
1.00409
0.991892
1.00475
0.999792
1.00606
1.00443
1.01858
0.990757
0.994388
1.00813
1.0115
0.994155
1.00023
1.00086
1.00254
0.997917
0.994724
0.984593
0.999144
0.999333
1.00143
1.00251
1.00799
1.01043
1.00433
1.00486
1.01215
1.01061
1.00194
1.00585
0.992192
1.00144
0.988702
0.97939
1.00403
1.00645
1.004
0.996732
0.999953
0.991571
0.993291
0.990377
1.00247
1.003
1.01883
1.00348
1.01432
1.00684
0.98768
1.01181
1.0025
1.00566
0.9908
0.998663
1.00376
0.998438
0.983485
0.992191
0.988844
0.999694
0.991925
1.00675
0.992062
0.990737
1.00579
1.01115
0.997983
1.00512
0.992417
0.996499
1.00515
1.00078
0.990747
1.00643
1.00752
0.990603
1.00363
1.004
1.00204
0.992862
1.00193
0.990398
1.0049
1.01388
1.00577
0.995378
1.00371
1.00163
1.00777
0.991964
0.999262
1.00465
0.998884
0.99658
1.00031
0.988545
1.01472
1.01422
1.00262
0.998138
1.00755
0.999339
1.00104
0.997156
1.00625
0.994979
1.00223
1.00594
0.992448
0.994795
0.993818
0.995738
0.996494
0.998066
1.00748
1.00226
1.01018
1.01007
1.00157
0.994743
1.00009
0.98414
0.991224
0.99105
1.01494
0.994695
1.00612
1.00436
1.00897
1.0039
1.01263
0.972493
0.994516
1.01176
0.994553
0.996932
1.01037
0.995245
1.00086
1.00894
0.996011
0.996549
0.995281
0.999454
0.999325
0.99022
0.995304
0.994873
1.00426
1.00129
0.998618
0.99285
1.00066
1.00167
0.998401
1.00265
0.996125
0.977662
1.00052
0.997505
0.995075
1.00745
1.02465
0.999
1.01998
1.00019
0.9972
0.995164
0.988097
0.981445
0.994606
1.00214
0.988065
0.99967
0.999723
0.99165
1.0023
1.00794
0.997458
0.998809
0.993798
1.00065
1.02105
1.01163
0.996022
0.996309
0.997395
1.01071
1.00009
1.01603
1.0056
1.00387
0.994032
1.0104
1.00574
1.00026
1.00471
1.00128
1.00263
1.01042
1.00945
1.00774
0.996328
0.98354
0.986424
1.01178
0.995009
0.98937
0.992043
0.989214
0.998406
1.00635
0.995876
0.990663
0.998792
1.00594
1.01344
0.992403
1.00421
1.00471
0.99372
0.993429
0.99916
1.01324
1.00504
1.01143
0.993349
0.992394
1.00771
1.00408
1.00913
1.00286
0.996411
0.999979
0.998564
1.00795
0.986574
0.993824
0.99034
0.99149
0.997201
1.01114
1.0005
0.995053
0.992856
0.993852
0.992244
1.00622
1.00761
0.992017
0.992425
0.997222
1.00486
0.996079
1.00081
0.996951
0.99868
0.990295
1.00133
0.986832
1.00467
0.999039
1.01625
1.01714
0.998628
1.00326
1.00412
0.989172
1.00226
0.997535
1.00548
1.01245
1.01022
0.990324
0.990458
1.00419
0.992883
1.00319
1.00683
0.991111
1.00721
0.990812
0.996427
0.998727
1.00889
0.992186
0.999343
0.994494
0.993523
1.00683
1.00088
0.999576
1.00427
1.00812
0.991748
0.998864
0.998888
1.0115
0.998807
0.9952
0.992836
0.997689
0.983895
0.989548
1.00362
1.01152
0.989678
0.99889
0.997573
1.00129
0.996446
1.01645
0.992309
1.00804
1.00509
0.998787
1.00618
1.00426
1.00832
1.00182
1.00497
0.995586
0.996658
1.00167
1.00153
0.997461
0.99743
0.993997
0.997538
1.01793
0.99922
0.995974
0.993211
1.00944
0.998909
0.997962
1.00942
1.01019
0.981866
1.00718
1.00327
1.01741
0.994491
1.00122
1.00504
0.987925
1.01322
1.00613
1.00563
1.01943
1.00307
0.999272
0.99723
1.00278
0.99975
0.993635
1.00494
1.00513
1.01425
1.00719
0.98678
0.997711
1.01826
1.00114
1.00847
1.00911
1.00383
1.00511
0.983987
0.98916
1.00496
1.01468
0.999579
0.987075
1.01041
1.00619
1.00329
0.99784
1.00468
1.00796
1.0072
0.992589
1.01231
1.01016
1.00341
1.01306
0.998311
1.00794
1.0029
0.989652
0.989297
0.992648
0.998969
0.9933
1.00753
1.00372
0.998564
0.99537
1.0057
0.980424
1.00558
1.00702
0.989571
0.999753
1.00492
0.987414
1.0035
0.995449
0.999322
0.992573
1.00244
1.00184
0.993738
0.997403
0.995267
1.01119
0.986074
1.00717
0.992198
0.99023
0.988641
0.995321
0.992501
0.997344
1.00131
1.00747
1.00053
1.01091
0.997967
0.999294
1.00902
1.00086
1.01621
1.01501
1.00965
0.980874
1.0091
1.0021
0.998083
1.00135
0.993708
1.01129
1.00808
0.994081
1.00705
0.99658
1.00309
0.990967
0.99447
0.990359
0.992166
0.998964
0.989828
0.991374
1.00451
1.00379
0.983274
1.00651
1.00858
0.99475
0.993055
1.00537
0.997003
0.99475
1.00619
0.986602
1.00746
0.994795
0.994481
1.00985
1.00288
0.996582
0.996206
1.00452
1.00328
1.00842
0.999102
0.998598
1.00723
0.989642
1.01033
1.01166
1.00015
1.0128
0.986836
0.995159
1.01648
0.995255
0.999631
1.00734
1.0019
1.00313
1.00255
1.01828
1.00583
0.995037
0.993023
0.999516
1.00783
1.00101
0.993954
0.996879
0.98324
0.988029
1.0033
1.0079
1.00016
1.01087
1.00323
0.989776
0.991122
0.999244
1.00156
1.00258
0.993705
0.984099
1.00244
1.01209
0.997025
1.00243
0.991835
1.00677
0.990904
0.992298
1.01013
1.00417
1.01818
1.00572
1.00988
0.995919
1.005
0.999816
0.999787
0.996635
0.988854
1.00595
1.00986
0.995128
1.01133
0.989811
1.00891
1.00417
0.98366
0.989974
1.01067
0.982015
1.00031
0.988727
1.00551
0.992571
0.996371
1.00596
1.0068
1.00415
1.01555
0.989338
1.00285
0.994774
0.993557
0.996289
1.00925
0.99997
0.98835
1.00013
0.997378
1.00419
0.996416
0.994883
0.993137
1.00171
0.977593
1.00567
1.01812
1.01412
0.998654
0.995202
1.01226
0.992426
1.00119
1.00603
1.00022
0.991627
1.00732
1.00412
1.01142
1.00719
1.00154
0.996958
0.998576
0.996443
0.997713
1.00688
1.00066
1.01006
1.00819
0.998431
0.997542
1.01219
0.994465
1.00088
0.995768
1.00927
0.992062
1.0024
0.999735
1.01766
1.01367
1.00288
0.998428
0.993848
1.00006
1.00292
0.992933
1.00183
0.999869
1.00456
0.99943
1.00669
0.974367
0.992929
0.995629
0.998608
1.0037
0.991982
1.00464
0.991497
0.994713
0.998873
1.00018
1.00441
0.997832
1.01391
1.00705
1.00126
1.00618
1.00829
1.01556
0.99787
0.996364
0.995253
1.01751
0.997073
1.00091
1.00176
0.988954
0.991235
1.00265
1.00642
1.00575
1.00117
0.99595
0.996925
0.994876
1.00158
1.00936
0.995563
0.998887
0.99765
1.00463
0.997099
1.00012
1.00286
1.00388
0.998446
1.01357
0.997052
1.00874
0.99434
0.993276
1.00486
1.01285
0.988217
1.00111
1.00388
1.00121
0.998415
1.00999
0.992378
1.00271
0.998883
0.997694
0.99547
0.993977
0.996893
0.999305
0.988223
1.00299
0.997113
1.00728
0.993654
1.0073
0.998581
0.990293
0.998961
0.98405
1.00097
0.99738
0.990477
0.996382
0.99105
0.993855
0.993808
1.00603
1.00569
0.990721
0.990376
0.988709
0.994299
0.994924
0.99627
0.999901
0.997388
0.986246
1.00516
0.987219
0.99985
1.00235
0.998441
1.00226
0.994029
0.996409
1.00748
0.999843
0.997343
0.999077
1.00288
0.993424
1.00249
0.990096
0.991925
1.00272
1.0064
1.00296
1.01005
1.00531
0.997249
1.01223
1.0059
0.990917
0.987203
1.00855
1.01345
1.0056
1.00495
1.00301
1.01149
0.989362
1.00499
0.998579
0.992221
1.01776
0.990189
0.999858
0.997131
0.998847
0.98268
0.99548
1.00211
0.99292
0.998566
0.987659
0.998973
0.999208
0.999375
1.00483
0.996817
1.00185
1.00682
1.00439
0.990513
1.01256
1.0183
0.997615
0.995837
1.01561
0.994583
0.999986
0.995251
1.0014
0.987265
0.997539
1.0021
1.0037
0.998252
1.00813
1.02744
1.00507
1.00752
0.992474
0.991821
1.01755
1.01094
0.995638
0.993528
0.994475
1.01275
0.999494
0.991879
1.00947
0.997272
0.991781
1.00841
0.991364
0.99208
1.01157
1.00846
1.0077
0.99177
1.01174
0.997799
1.00465
1.00429
0.996249
1.00585
1.00971
1.0017
0.989899
0.997848
1.00014
1.00045
0.988891
1.00844
0.985607
1.01175
1.00846
1.00356
0.998746
0.998904
0.986705
0.996724
1.00641
0.998668
0.996568
1.0053
1.0105
1.00308
1.00324
0.991169
0.999899
1.0094
1.00796
1.00233
1.00012
0.993514
0.989685
1.01891
0.985789
1.0088
0.998219
1.01484
1.01027
1.00566
1.00396
0.997546
1.00135
0.994743
1.00117
0.999874
1.00771
1.01052
1.01854
1.00408
1.00183
1.01448
1.01178
0.998762
1.00334
0.994361
0.999105
1.00242
0.993928
0.994694
1.01248
0.990487
1.00788
1.00688
0.999084
0.993407
1.00021
0.995739
0.998156
0.985914
1.0032
0.995413
0.992104
1.00122
1.00517
0.995968
0.998448
1.01315
0.999134
1.01258
1.00355
0.986155
1.01451
0.999363
1.01418
0.994407
0.99605
0.989129
0.997811
0.986623
1.00176
0.998755
0.99666
1.01787
0.998087
1.00901
1.00193
0.99329
1.01428
1.00219
0.990253
0.98621
0.990256
1.00231
0.997315
1.00676
1.00181
1.00515
1.00158
0.987242
0.998159
1.00578
0.994317
0.991957
1.00657
0.999338
0.999485
0.994474
1.00954
0.996299
0.999358
0.99296
1.00201
1.00593
0.996628
1.00329
0.99562
0.996947
0.997147
1.00702
1.00005
0.994121
0.999955
1.00065
0.995652
1.01086
1.0009
1.00183
0.996142
1.01087
1.00413
1.01253
0.98471
0.994057
1.00279
1.00056
1.01291
0.991929
1.00512
1.00484
1.00419
0.990511
1.01682
1.01221
1.00797
0.998849
0.986395
0.998603
0.995487
1.00683
1.00398
1.00858
1.00242
0.993338
0.989768
0.988861
0.990957
0.993687
1.00146
0.990786
1.00076
1.00793
0.992728
1.00243
1.00067
0.99338
1.01249
1.00278
0.995076
1.00186
1.00308
0.992175
1.00477
0.9878
0.995914
1.0098
1.01389
0.998007
1.00763
0.999653
1.00378
1.00939
0.993375
1.00191
1.00122
1.00135
1.0077
1.00329
1.00135
0.999503
0.995802
0.998587
1.00101
1.00522
1.01302
0.980865
1.009
1.00475
1.00765
1.00385
1.01641
0.999406
0.999104
0.995363
1.00559
1.00672
0.996045
0.99003
0.998741
1.00115
1.00297
1.01326
1.01467
1.0014
0.996647
1.00209
1.00731
0.991448
0.996592
0.999939
0.996357
0.993511
1.00766
0.997342
0.995196
0.988946
1.00744
1.0068
1.00571
1.01271
0.999563
1.00888
0.991077
1.00372
0.994897
0.997572
1.00015
1.01437
0.991296
0.997282
1.00326
1.00074
0.988183
0.995907
0.998739
0.989431
1.00141
0.99416
0.996517
0.993355
1.0181
0.99122
0.983885
0.984063
1.00333
1.00927
0.999822
1.0081
1.01556
0.981783
0.994167
1.00661
0.993085
1.00676
0.998007
0.998755
0.996399
0.988908
1.00163
0.994257
0.996106
1.00414
1.02618
0.999209
0.987399
1.00646
0.996466
1.00838
0.994853
0.987001
1.01732
1.00225
0.998583
0.995186
1.00754
0.997898
0.994479
1.02069
0.990339
0.991202
1.00025
0.994024
1.00386
1.00329
1.00362
1.00591
1.01636
1.00217
0.98626
0.996355
1.00406
1.00276
1.00163
1.01668
0.996889
0.988498
0.990781
0.998234
1.01222
1.00684
0.994794
1.00337
0.982643
1.01116
0.987435
0.994169
0.998587
0.986199
0.99674
0.993067
1.00884
1.00173
1.00843
0.995558
0.998646
1.00594
0.985846
1.0133
0.999348
1.0048
0.993561
0.99871
0.991403
1.00118
1.01099
1.01468
0.998201
0.990173
1.00435
0.994634
0.987584
0.98579
0.997827
1.00331
1.01286
0.989386
1.00888
0.996453
0.984659
1.01438
1.00098
1.00808
1.0012
1.00405
0.99036
1.01335
1.00622
1.00633
0.996698
0.989326
1.02131
1.00097
0.997767
1.01504
0.989972
1.00841
1.00552
1.00303
1.01697
1.01068
0.99707
1.00089
1.0093
0.991729
0.995736
1.0088
0.996087
0.982055
0.996508
1.00627
0.999888
1.00419
0.999345
0.998444
1.00079
0.998349
0.993428
1.00003
1.00704
1.00598
1.00632
1.00441
1.00768
1.00226
0.998209
0.996876
0.999916
1.00841
1.00418
1.00118
1.00054
1.00357
0.991563
0.988395
1.0019
1.00512
0.999797
1.0061
0.995259
1.00258
1.00769
0.990109
0.99795
1.01127
0.989523
1.01294
1.01345
1.00288
0.995201
1.0067
1.0011
1.01136
1.00113
0.994677
0.997801
1.01386
0.995269
0.999268
1.01242
1.01207
0.982524
1.00269
1.00805
0.995581
0.997425
0.999309
0.995111
0.991955
0.990722
1.00538
0.992523
1.00126
1.00212
0.98587
1.01531
1.001
0.985353
0.994792
1.00784
1.00245
1.00017
0.979016
1.00213
1.00646
0.994203
1.00989
1.0087
1.00327
0.996709
0.994412
1.01098
0.985313
1.00917
0.992832
1.00792
0.997351
0.982524
1.00477
0.999523
1.01411
0.992796
0.998501
0.998555
1.01265
0.981964
0.990162
1.00349
0.974708
1.00889
1.0076
1.00939
1.00142
0.994953
0.989109
1.00868
0.986101
0.997082
0.98953
0.99374
1.00214
1.00442
0.991134
1.0125
1.00698
0.995436
0.995111
0.996933
0.992179
1.00507
1.00492
0.997949
0.988635
1.00886
0.996282
1.00818
1.00452
1.00442
0.987682
0.990642
1.01057
1.00339
0.989346
0.994695
0.994198
0.987127
0.996408
0.999479
1.00167
1.01108
1.00102
0.993497
0.999467
0.993423
0.995972
0.999937
1.00061
0.998423
0.998472
1.0116
1.00245
1.00602
1.00272
1.01118
1.01476
1.00529
0.999302
1.00696
0.987959
1.00175
0.992619
0.996798
0.985141
0.98887
0.989378
0.992244
0.995379
0.995881
0.993456
0.992723
1.01794
1.00117
1.00795
0.993516
1.00878
1.00096
0.987049
1.00407
1.00231
0.985493
0.985048
1.00322
1.00709
1.00672
1.00284
0.979534
1.00592
1.00666
1.00577
0.998778
1.00757
1.0047
0.989021
1.00335
1.00801
0.989844
0.992842
1.00543
0.997101
1.00968
0.999102
1.0098
1.00681
1.00482
0.996031
0.993433
0.998272
0.993835
1.00637
1.00438
1.01705
0.99111
1.00269
0.97558
0.973617
1.01056
0.995657
1.0002
1.00188
1.00102
1.00198
1.00253
0.995591
1.00152
0.994557
0.993637
1.00658
0.985843
0.997832
1.00072
0.999027
1.0054
1.01198
1.01588
0.997998
0.990354
1.00459
0.997223
1.00024
0.991399
0.992364
0.993904
1.00801
0.993943
0.999084
0.996113
0.994141
1.00935
1.01563
0.989394
1.00124
1.00089
1.00133
0.998962
0.998707
1.01027
1.00494
1.00096
1.00207
1.00941
0.986506
0.987925
0.996136
0.998553
1.00278
0.997278
0.993168
1.00862
0.994384
0.996918
0.994484
0.991085
0.998595
1.00287
0.996405
1.00468
1.00346
1.00425
0.988875
0.989958
0.991372
0.996782
0.994615
0.996319
1.00151
0.996236
1.0133
1.01454
0.997922
0.997823
1.00168
1.01259
1.00505
0.99345
0.987668
0.988588
0.9995
0.996926
0.986479
1.01095
0.984805
0.993954
1.00432
1.00325
1.00724
1.00194
0.996202
1.00211
1.00288
0.996588
1.01262
0.993303
0.98633
1.00939
0.999692
1.01079
0.999495
0.998269
1.00096
0.998477
0.993837
1.0072
1.00958
0.993348
0.991198
1.00169
0.99669
0.997655
1.0111
1.0078
0.989008
0.995725
1.0085
0.990967
0.992876
0.981082
1.00589
0.994616
1.00061
1.00907
1.00633
0.995218
0.979695
0.995664
1.00413
1.01124
1.00848
1.00799
0.997644
0.992049
1.00991
1.01005
1.0092
1.01193
1.00638
0.994118
1.00119
1.01873
1.00601
1.00748
1.02311
1.00433
1.01341
0.987258
1.01352
1.00273
0.998805
1.00123
0.995309
1.00495
0.987658
1.00537
0.996725
1.00656
1.00556
0.997304
0.997983
1.00576
0.997309
1.00109
1.00546
1.01762
1.00174
0.997608
0.98361
1.00438
1.00595
0.988011
0.990734
1.0044
0.995832
1.00243
0.994092
0.995444
0.989325
0.999439
1.02136
1.00283
1.00603
1.00364
1.00088
1.00679
0.995412
0.977147
0.995467
0.999151
1.00601
1.009
1.00384
1.00539
1.00028
0.999191
0.993261
0.993453
0.994365
1.00463
0.999115
1.00639
0.998963
1.00248
0.995154
0.990119
1.00879
1.00356
0.99753
0.97643
0.993934
1.02127
0.998151
1.01101
1.00124
0.994358
0.99987
1.00014
0.997665
0.983084
0.996389
1.01773
1.00776
1.0043
0.986538
0.996072
0.996523
0.98793
1.00458
0.986528
1.00562
0.992174
1.0071
1.00156
1.0038
0.989171
1.00391
1.00586
0.997781
1.00512
1.00616
0.993254
1.00171
1.0133
1.00473
1.0035
1.0013
1.00516
0.986886
1.00412
1.00257
0.98941
1.00252
1.01322
0.993668
0.999707
1.00487
1.00065
0.99819
1.00554
1.00056
0.97919
0.98217
1.00868
1.00935
0.991435
0.998142
0.998042
1.01163
0.99876
1.00029
0.99149
0.997462
0.997863
0.996488
0.986778
0.993398
0.998979
0.99923
0.996979
1.00287
0.99418
0.996614
0.999178
1.00553
0.995491
1.00316
0.999439
0.995271
1.00616
1.00738
0.998413
1.0048
1.02459
1.00759
1.01174
0.995549
1.01313
0.99489
0.999833
0.997325
1.00987
0.995304
1.00401
0.994981
1.00912
1.0056
0.993377
1.00673
1.00624
1.00262
0.995519
1.00351
1.01586
0.994425
0.993496
0.996979
0.996207
0.999375
1.00533
1.00221
0.992048
1.01771
0.987932
0.998236
1.00652
0.99253
0.996233
1.00105
1.00489
0.999627
1.00455
1.00517
0.989109
1.00528
1.00574
1.00941
1.00143
1.01975
1.00437
1.00246
1.00625
1.00503
1.01139
1.00814
1.00541
0.988459
0.995324
0.994678
1.00902
1.00235
0.992893
1.00649
1.00154
0.989756
0.987125
1.00856
0.990226
1.01483
1.00283
1.00652
0.983671
0.993574
0.992862
1.00202
0.993163
1.00398
0.986038
1.0036
1.0044
1.01661
1.00905
0.987007
1.00066
1.00106
0.991307
1.00495
1.00191
1.00162
0.988579
0.996305
1.00796
0.999258
1.00552
0.998734
1.00164
1.00216
0.992833
1.00983
0.985932
1.00501
1.0029
0.995528
0.999397
1.00484
1.00268
0.99996
0.993537
0.982193
0.991468
0.994629
0.996787
0.985285
1.00659
0.991016
0.99011
0.994076
1.01148
0.999392
0.993448
1.01569
1.01689
1.0053
0.997273
0.996111
0.995721
0.997771
1.00151
1.00591
1.00286
1.00067
1.00582
0.995727
0.990604
1.00383
0.993024
0.999098
1.01103
0.999242
1.01077
1.0071
1.00096
1.00437
0.988206
0.997781
1.01101
0.995645
1.00834
1.01459
0.998973
1.00794
0.99018
1.0012
1.00742
0.99013
0.995164
0.99282
1.00331
0.986443
0.994059
1.00837
0.993197
1.00819
0.997857
1.00924
0.996578
1.00848
0.995185
1.00462
0.997805
1.00306
0.993213
1.01396
0.987691
0.994414
1.01472
0.996367
1.00253
1.01131
0.984098
0.991178
0.997915
1.01056
1.00189
0.989037
0.99848
1.00091
0.98705
1.0071
0.995469
0.999187
1.00989
1.01284
1.00454
1.01047
1.01182
1.00499
1.0072
1.00314
0.992682
1.00274
1.00572
1.01018
1.00784
0.996197
0.997397
1.00008
1.00505
0.990932
1.00335
1.00946
1.00208
1.00572
0.996538
1.00013
1.01832
0.98903
0.994439
0.993781
1.00366
1.00547
0.997742
1.00154
0.995339
0.986961
1.00942
0.99395
1.00258
0.99776
1.00412
1.0019
1.00259
0.994889
1.01099
0.996893
0.997473
1.00866
0.990813
0.99274
1.0086
0.988782
0.992512
0.9858
1.00366
0.998861
1.0029
0.98604
0.991769
1.00208
0.998428
0.989097
0.99615
0.992212
0.998636
0.994611
1.01162
1.01155
1.00924
1.00609
0.994212
1.00311
1.00225
1.00937
1.00539
0.999347
0.999847
0.995502
0.99489
1.00702
1.00668
0.996615
1.00163
1.00653
0.997272
1.00573
1.00015
0.997877
1.00157
0.988141
0.99372
0.993253
1.00379
1.00596
1.00201
0.994472
1.00641
1.00053
1.00068
0.995479
0.999116
0.988938
0.999181
0.998224
0.995608
0.997766
1.0077
0.990922
1.00724
1.00535
1.00635
0.985321
0.992205
1.00063
0.997738
0.999633
0.99831
0.997414
0.983343
0.999343
0.995886
1.00154
1.00334
0.987145
0.995553
1.01313
0.996479
0.998712
1.00215
0.994346
0.996146
0.988094
1.002
1.00035
1.00335
1.0064
1.0022
1.00195
1.01386
1.00321
1.00949
0.998489
1.01139
1.01191
0.995271
1.00721
1.00386
0.997409
1.01606
0.992591
1.00253
0.993606
1.00551
1.00396
1.00243
1.00311
1.00159
1.00985
0.998557
1.00362
0.999742
0.999588
1.00282
0.997871
1.00026
1.00564
0.994961
1.00614
1.0033
1.01166
1.01118
1.00747
1.00396
0.997748
1.00199
1.00545
0.990673
0.997484
0.993919
0.988717
0.995862
0.986695
0.98722
1.005
0.992167
1.00108
1.00287
0.996167
1.00892
0.98834
1.01181
1.01078
0.999067
1.01242
1.0066
0.995417
0.989769
1.01136
0.994508
1.00144
1.00069
1.00479
1.00186
1.00964
0.993221
1.00376
1.00312
1
1.0123
0.991385
0.990656
1.01339
0.988965
0.996709
0.999776
1.00166
0.996575
1.01205
1.00063
1.00884
1.00942
0.998704
1.00793
0.992925
1.00347
1.00083
0.999141
1.00975
1.01424
1.00275
0.990778
0.995727
1.01713
0.9956
0.991818
1.00591
1.01343
1.008
0.991704
0.999965
1.0051
0.999298
1.02623
1.00394
0.977744
1.00784
0.997983
1.01125
0.995526
1.01506
0.994423
1.00472
0.993448
0.996812
0.999891
1.00165
0.998119
0.992592
0.989548
1.01058
0.99783
0.990555
1.0025
0.990629
0.98339
1.01182
1.00129
1.00256
1.00868
0.985479
1.00437
1.00594
1.00071
0.98926
1.00591
0.990568
1.00608
1.00612
1.00721
0.9932
1.00918
1.00306
0.996835
1.00487
1.01646
0.995167
0.987329
0.988987
1.00368
0.998995
1.00019
1.00649
0.996361
0.995088
0.995427
1.00233
1.00344
1.0058
1.0086
0.992779
1.0011
0.996103
0.988586
1.00046
1.00437
0.99214
0.986616
0.999902
0.996881
0.997316
0.977641
0.986074
1.00259
0.999758
0.994009
1.01145
1.01064
0.995074
0.998244
1.00547
1.0014
0.991904
0.997509
0.995092
0.988175
1.00137
1.00353
1.00138
0.99105
1.00514
1.00092
0.996546
0.998399
1.00091
0.992626
0.995514
0.98394
1.00782
1.00972
0.992299
1.01488
0.995945
0.994659
0.986741
0.989341
1.01371
1.00498
0.996683
1.00372
0.99801
1.00009
0.993765
1.00257
0.993871
0.99738
0.995565
1.00041
1.00011
0.985789
1.00387
0.999116
0.992145
1.01093
1.01393
0.993188
1.00093
0.99755
1.01662
0.99933
1.00568
0.990578
0.990862
0.996327
1.00529
1.00892
0.998185
1.00235
1.01384
0.999171
0.992359
1.00394
0.99786
1.00579
1.00233
1.00591
1.01019
1.00738
0.975152
0.997901
1.00716
0.99147
0.995716
0.998671
1.00584
0.985932
0.990107
1.00269
0.998829
1.00534
1.01154
0.987295
0.994614
1.00606
1.00458
1.00481
0.996492
1.01282
1.00148
0.996865
0.999919
0.99114
0.992321
1.00071
0.998633
0.998408
0.998446
1.01974
1.00942
1.00481
0.999858
0.988362
0.999452
1.00308
0.991669
1.01487
0.994972
1.00307
1.00198
0.992915
1.00018
0.984357
0.994197
0.991848
1.00262
0.99388
1.00629
0.998432
0.99657
1.00037
0.988889
0.983926
0.986219
0.995851
1.0026
0.996253
0.992671
1.01138
0.995772
0.987879
1.01404
1.00265
1.00682
0.999202
1.00187
1.00429
1.00272
0.999041
0.98591
1.01506
0.997864
1.00061
0.995209
1.01163
0.993262
1.00009
0.980192
1.00617
1.01254
0.994621
0.987153
1.00824
0.995016
0.991879
0.990003
1.00677
0.996987
0.995243
0.991368
0.996979
1.00121
1.00001
1.01998
0.992554
1.00382
0.996855
1.00536
1.01261
1.00265
0.988447
1.00049
1.02096
1.00472
1.00482
0.987077
1.00598
1.00948
0.999373
1.0002
0.99448
1.01251
0.999885
0.99867
0.994
0.993719
1.01419
0.999508
0.988412
0.999251
1.01
1.01209
1.00601
1.00152
1.00473
0.987693
0.997334
0.999348
0.999695
1.00294
1.00632
1.01479
0.998902
0.979074
1.00013
1.00621
0.991432
1.00898
1.00375
1.00657
1.00047
0.999448
0.984339
0.997589
0.997999
0.995856
1.02088
1.00163
1.00361
1.0009
1.00521
0.998035
0.996067
1.0102
1.01879
0.995242
0.991978
1.00996
0.991244
1.00469
1.00582
1.00143
0.992156
1.00555
0.996557
0.98479
1.00415
1.00705
0.98999
1.00406
0.99736
0.998378
1.00311
0.995889
1.00973
1.00841
0.99884
0.986474
1.00696
0.998737
0.994705
0.995544
0.99092
0.99508
0.999019
0.997905
0.997338
0.998044
1.01176
1.01711
1.00096
1.0058
1.0075
0.997987
1.00454
1.0047
1.00254
1.008
0.992873
1.00385
0.996405
0.994274
0.995775
1.01335
0.997825
0.997713
0.996334
1.00006
0.993724
0.988509
0.996578
0.986078
0.997789
1.00554
1.00998
1.00526
1.00989
0.997694
1.00861
1.01776
0.988579
0.992001
1.00591
1.00685
1.01605
0.994311
1.00914
0.999287
0.998262
1.01315
1.00517
1.00288
1.00115
0.997134
1.00174
0.985877
1.00045
1.00197
1.0107
0.995355
1.00112
1.01006
1.00448
1.00422
1.00141
1.00313
0.990657
0.997969
1.00468
0.997069
1.00846
0.997704
1.00459
0.998121
0.984178
0.995591
0.99942
1.00094
0.997642
0.993876
0.996548
1.00147
1.00786
0.993477
1.01161
0.994532
0.994798
0.993567
0.99755
0.999437
1.00027
0.996745
0.9965
0.991475
1.01485
1.00714
1.00354
1.00078
1.00381
1.00631
0.997964
1.00882
0.992203
0.987197
0.995
0.996481
1.00654
0.998191
0.99886
1.00605
1.00894
0.996872
1.00114
1.00389
0.998841
0.996726
0.984057
0.989556
1.00817
1.01171
1.00246
1.00016
1.00943
0.981823
1.01062
1.00371
0.997564
1.00115
1.00269
1.00343
1.00148
1.00776
0.988411
1.01403
0.989646
0.998011
0.991054
1.00196
1.00313
1.01413
0.989433
1.0024
0.997838
1.01096
1.00547
1.01272
1.0006
1.01429
0.99654
1.00019
0.995051
1.022
0.993734
1.00544
1.00205
0.993193
1.00159
1.01199
0.978035
1.00259
0.994923
0.999306
0.997553
0.993323
0.999587
1.00599
1.00212
0.998243
0.99885
1.0009
0.993369
0.999307
0.994433
1.00136
0.99976
0.991452
1.00049
1.00899
0.998913
0.995121
1.0063
0.99171
0.992397
1.00468
1.00055
0.986481
0.988444
0.999673
0.989298
1.00864
1.0105
0.998908
0.993931
1.00951
1.01265
0.993821
1.00714
0.99363
0.999333
1.00064
0.985643
1.00823
0.997047
0.999129
0.991397
1.00802
0.996298
0.996646
0.992465
0.984208
0.999197
1.01439
0.98269
0.997467
0.99162
0.992831
1.00949
0.993084
1.00203
0.999116
1.00335
0.990097
1.00963
1.00368
1.02277
0.988417
1.02067
0.995401
0.995307
1.00761
1.00242
0.994564
1.00019
1.0078
0.991425
1.00739
0.996649
0.99079
0.997129
1.0066
0.986161
1.00093
1.005
1.00378
1.01975
0.996552
0.99209
1.00703
1.00882
1.01455
0.991251
1.0056
1.00186
0.997197
0.999009
1.00126
0.98451
0.996621
0.984879
1.01296
0.99335
0.995144
0.997437
0.990254
1.00578
0.989403
1.00031
1.00318
1.00559
0.993993
0.997664
1.00672
1.00638
0.989714
1.00536
0.992362
1.00181
0.996347
0.997103
1.0071
0.998316
0.996332
1.00627
0.995555
0.995905
1.00508
0.997958
1.01178
0.991387
0.999841
0.992362
1.01527
0.984276
1.00262
1.0066
1.00386
1.00599
0.992602
0.983955
0.994118
0.994418
0.996115
1.01336
0.995988
1.00946
1.00035
0.999551
0.991913
0.995114
1.00755
1.00066
0.997041
1.0001
0.986312
1.00992
1.00478
1.01188
1.00186
0.995985
0.997835
0.98379
0.995183
0.991638
1.01356
0.989208
0.979743
1.00046
0.994212
1.00859
1.00096
0.99379
1.00685
0.996166
1.00704
0.98789
1.01088
0.993789
1.009
0.994565
0.994451
0.997872
1.0062
0.996499
0.99965
1.0134
0.997814
0.995804
0.98743
0.998624
0.999954
1.01017
1.0142
1.00924
0.986304
1.00346
0.997469
1.00633
0.986505
0.975834
1.00475
1.00636
1.00553
1.00125
0.990961
0.991998
0.987779
1.01165
0.988683
0.995094
0.995469
0.999463
1.00542
1.0107
0.9975
1.00985
0.997583
0.988489
0.998538
1.00511
1.00144
1.01141
0.989914
1.01239
1.00184
0.986929
0.994502
0.990274
1.00492
0.986355
1.00082
0.999646
0.981989
0.992948
1.0129
1.01227
1.00523
0.995676
1.00449
1.0046
1.00675
0.987008
1.00839
1.00643
0.987443
0.999824
0.990856
1.00617
1.00648
0.999609
0.997686
0.99942
1.00121
1.02617
1.00902
0.995143
1.00245
1.01343
0.996061
0.996053
0.99531
1.01079
1.00607
0.991518
0.991328
0.996283
1.00901
0.985006
0.992887
0.990821
0.993152
1.00715
0.981538
0.992268
1.00482
1.00713
1.00801
0.991947
1.00457
0.999692
0.99152
1.00437
1.01007
0.98799
1.00084
1.01357
1.01042
0.999553
1.00206
0.990876
0.995868
0.99522
1.01368
0.995015
0.991597
0.988957
1.00051
0.983816
1.01585
0.987375
1.00477
0.995389
1.00457
0.999134
1.00638
0.999062
1.00138
1.00623
1.01579
0.991523
0.997747
1.02023
1.00365
1.00498
0.997279
0.986316
1.00325
0.997978
1.00138
0.996867
1.00003
0.996318
1.00346
0.99522
0.998888
0.999916
1.00024
0.997473
0.996117
1.01347
1.00255
1.00481
1.00637
0.991639
1.00584
0.997757
1.00792
0.997269
1.00258
1.00242
0.993141
0.983283
1.00966
1.00335
1.00611
0.998797
0.997655
0.99412
1.00054
0.996023
0.996565
0.994856
1.00902
0.999712
0.996466
0.986257
1.00507
0.998945
0.997185
0.995481
0.983268
1.00759
1.01062
0.9946
1.01552
1.00775
0.99688
0.998708
1.00312
0.996912
0.998938
1.00446
1.00295
0.995265
0.981706
0.991663
1.00528
0.990405
0.99748
1.00521
1.01669
0.994095
1.00003
1.00082
0.993248
1.00636
1.00062
0.991071
1.00569
0.987683
0.995191
0.996921
1.01898
0.998071
0.99927
1.00319
1.01095
1.00304
0.99427
0.992762
1.01908
1.00939
0.993961
1.00847
1.0048
1.00975
0.983909
0.998073
1.00095
1.00046
1.00653
0.99676
1.00873
1.00308
0.99973
1.00877
0.989076
0.988283
1.01036
0.998621
1.00131
0.990669
0.996356
1.00215
0.994555
1.00405
1.00287
1.01024
0.999505
0.99824
1.01107
0.998263
0.996907
1.00619
0.999459
1.00097
1.00011
1.0126
1.01806
1.01404
1.00243
1.00767
0.99583
1.00753
1.00785
0.998404
0.99209
1.00891
1.00665
1.00067
1.00599
0.986102
1.00241
1.00098
0.993372
1.00274
1.00326
1.00464
1.0005
0.99538
1.0076
1.0091
1.00348
1.00355
0.980084
1.00986
0.993501
1.00017
1.00209
1.00241
1.0071
1.00737
0.985767
1.00042
0.997257
0.995463
1.00117
1.00872
1.00513
0.991498
1.00791
0.994268
0.99596
1.00518
0.998368
1.00377
1.00482
1.00999
0.990873
0.999374
1.00191
1.00634
1.00211
1.00846
0.989572
0.987814
1.00347
0.995098
1.00313
1.00855
0.995423
0.986721
0.99731
0.993581
1.00837
1.00697
0.996373
0.990377
0.992886
0.994266
1.02318
1.00419
0.995376
0.995931
0.998076
1.00991
1.00899
1.00346
0.983205
0.995013
1.00304
1.00202
1.00682
0.988377
1.01502
1.01251
0.993095
0.985598
0.997166
0.991472
1.00754
0.989313
0.994021
0.994681
0.994491
0.998296
1.00168
0.987751
0.98934
0.999237
0.996285
1.00966
1.00971
0.994132
0.990234
0.998767
0.98325
1.00815
0.984917
1.00596
1.00317
0.995926
0.998523
0.992039
1.00083
0.991266
0.992996
0.987307
0.993609
0.993651
1.00754
0.993073
1.01201
1.0121
1.00355
1.00431
0.999945
1.00224
1.01399
0.991442
0.99379
1.00876
0.979987
0.995609
0.999764
1.00082
0.999127
0.994388
1.00186
0.998214
0.996204
0.985577
0.994296
1.00195
1.00819
0.991458
0.991898
0.997301
0.988685
0.999539
0.998133
0.987343
1.02087
1.00423
1.00179
0.996075
0.993369
1.01106
0.989174
0.997393
1.00134
0.999413
1.0029
0.994507
1.00319
1.01565
0.998344
1.00999
1.00722
1.00316
1.01033
1.00493
0.995423
0.996956
0.98748
0.992845
0.992212
1.0009
0.995805
1.00209
1.00004
0.989672
0.997335
0.983737
0.995699
1.01426
0.99485
1.00721
0.988461
0.999697
1.00226
0.989832
1.00404
1.01135
1.00657
0.991655
0.999012
1.00048
0.998585
0.987393
0.999681
1.00304
0.992121
0.994457
1.01036
0.980457
1.00372
1.00812
0.992241
1.00964
0.993079
0.997925
0.992396
0.993927
0.999399
1.01103
0.98682
1.00254
0.983562
1.01335
0.98382
1.00418
1.01112
1.00446
1.00381
1.00513
1.0063
1.00496
1.00338
0.986451
0.996816
1.00565
0.999884
1.00243
1.00667
0.992394
0.983785
0.996356
0.991486
1.01355
1.0041
1.01547
1.01052
1.00768
0.992758
0.995175
1.0023
0.999474
1.0003
0.993487
0.999814
1.00973
0.99204
0.998967
0.991644
1.01364
1.01146
1.00417
0.990174
1.0056
1.00399
1.00283
0.992588
1.00887
0.987822
0.996388
0.993441
0.987182
0.98974
1.01994
0.992178
0.979889
0.997049
0.998511
1.00071
1.00441
1.00038
1.01019
0.986285
1.00923
0.998703
0.995549
0.986961
1.00441
1.0064
1.00125
0.999229
0.999634
0.997439
1.01033
1.00605
0.994064
1.00256
1.00737
0.992193
1.005
1.00179
0.993386
1.01634
1.01431
1.00283
0.991216
0.998623
0.99287
1.00105
1.01044
1.00202
0.997202
0.999605
1.01232
0.996023
0.994506
1.01222
0.990388
1.00065
0.99247
0.998288
1.00132
1.00431
0.992825
1.01156
0.993598
0.992798
0.991598
1.02205
0.999672
0.994171
1.01045
1.00496
1.00007
0.993144
1.00127
0.992394
0.994731
0.993367
0.996309
0.997266
0.999319
0.996315
1.00225
1.00178
1.00226
1.00262
1.00538
0.989924
0.984774
1.00102
1.0015
0.9971
1.00152
1.006
0.991182
0.98647
0.995132
1.02208
0.985163
0.985593
0.987049
1.00645
0.993178
1.00095
1.00079
1.00289
0.986748
0.998489
0.992533
1.00776
1.00324
1.00176
1.0079
0.996744
1.00747
0.99835
0.983411
1.00147
0.992338
0.99377
1.01312
1.00871
0.990364
0.990475
1.00127
0.987122
0.993378
0.99717
1.0003
0.996182
1.01155
0.997522
0.993985
0.992766
0.999694
1.00336
1.00018
1.00685
0.998078
0.986276
1.01133
1.01372
1.00983
1.00234
1.00576
1.00985
1.00175
0.99826
1.01023
1.00181
0.999506
0.983793
1.00018
0.997389
1.00618
0.993247
1.01165
0.98459
1.01177
1.00132
0.988285
0.995964
0.979552
0.984548
1.0023
0.995387
0.992742
1.0013
0.997659
1.00264
1.00333
0.997374
0.991335
0.995399
1.0102
0.998947
1.00348
1.00238
1.00493
1.00624
1.00069
1.00472
0.994606
0.997457
1.00886
0.990658
0.995267
1.00339
0.998668
0.993001
1.00294
0.999056
0.993365
1.01047
1.00106
0.998969
1.00391
1.00014
0.995343
1.01232
0.997523
0.993768
0.996296
0.995179
0.985855
1.00378
1.00564
1.00088
0.996279
1.01084
0.998042
0.994373
1.01971
0.999366
0.998771
0.992888
1.00387
1.01087
0.994169
1.00728
1.01627
0.982273
1.00816
1.00405
1.00409
1.00895
1.00025
0.987417
1.00012
1.00285
1.0018
1.00545
0.989507
0.99063
1.00603
1.00406
1.00852
1.02949
1.00256
0.99409
0.993459
0.996636
1.00434
0.999107
1.00335
1.01864
1.0039
1.00416
0.991971
0.99972
0.975859
1.0079
0.994055
0.996839
0.992727
0.988812
1.00019
1.00266
1.00702
0.999619
0.988506
1.00175
0.99944
1.00088
1.00613
1.00754
1.00684
0.999548
0.996422
0.98923
1.00001
0.997183
0.987595
1.0092
0.991605
0.990082
1.01473
0.980152
1.01235
1.00416
1.0044
1.00323
0.995395
1.01693
1.01551
0.997753
1.00504
1.00067
0.99475
0.993413
1.00341
0.996497
1.00328
0.986948
1.00087
0.998634
0.999662
0.992337
1.00995
1.00545
0.984697
0.991144
0.997745
0.995246
0.991963
1.00372
0.998241
1.00028
1.00801
1.00125
0.99701
1.00516
1.00809
1.00296
0.99589
0.988307
1.00539
0.996913
0.988176
0.994746
1.00793
1.00999
1.00481
1.00013
1.00212
0.997699
0.994453
1.00992
0.999102
1.00165
1.01264
0.999376
0.992246
1.00431
0.993767
1.01446
0.990086
1.00774
0.998548
1.00043
0.98261
1.00576
0.99691
0.985468
0.990534
1.00612
0.99971
0.99617
0.990966
0.99943
0.983476
1.00765
1.00343
1.01353
1.00141
0.992365
1.00872
1.00254
1.01514
0.99789
0.998104
1.01061
1.00668
1.00964
0.980388
1.00096
0.990779
1.00063
0.989583
1.00291
0.997268
0.991188
0.993275
1.00386
1.00188
1.00851
1.0016
1.00719
0.984793
0.995944
0.994231
0.994642
1.00278
0.992399
1.01181
0.998956
0.992186
0.999338
0.992146
1.00099
1.00683
0.979411
1.00241
0.999901
0.997388
1.0014
1.00475
0.990893
0.996952
0.99493
1.00592
0.990072
0.990581
1.00549
0.995365
0.997328
1.0055
0.992893
0.999438
0.998548
0.989762
1.00529
0.995976
1.00377
0.989044
0.984605
0.996885
1.00963
0.990838
0.983179
0.999312
1.00091
1.00725
1.01188
1.00273
0.997848
1.00262
0.993771
1.01012
1.00178
1.0007
0.996478
1.01114
0.994713
1.01066
1.0003
0.999836
0.995973
0.977981
0.98833
1.016
0.981241
1.00821
1.00539
1.00168
1.00337
1.00752
1.00646
0.998851
0.996619
0.998317
0.999911
1.00125
0.994639
0.99416
1.0066
1.01086
0.991572
1.00149
1.00123
1.00356
1.00043
0.995129
1.01146
0.994721
1.00267
0.983688
1.00939
0.996134
0.993924
1.00646
1.00959
1.00068
1.00299
0.997456
0.998203
1.00384
0.995472
0.993316
1.00877
0.991611
1.00183
1.00448
1.00831
0.992066
1.00135
0.998639
0.994778
1.00447
0.989426
1.01318
0.995013
0.983324
1.01138
1.00152
0.996191
0.997534
0.996501
1.00168
1.01423
1.00519
0.998857
1.00495
0.992859
0.985923
1.00592
0.994954
1.00568
1.00283
0.998124
0.972816
1.00992
0.988596
1.00376
0.995975
0.999408
1.00278
1.00019
1.01453
0.990774
1.00317
0.993394
0.991033
0.994015
0.99998
0.998247
1.00947
0.99872
0.993366
1.00528
1.00455
1.00138
0.999091
1.01139
1.00445
0.990818
0.99418
1.001
1.00725
1.00222
0.982556
1.00262
0.995489
1.01065
0.996922
1.0006
1.00385
0.979629
0.997094
0.996771
1.00004
1.01063
0.988754
1.01517
0.997826
1.00168
0.98444
1.01022
0.998373
1.01063
0.997392
0.997032
0.999872
0.999125
0.995634
0.999766
1.00361
0.992232
0.997331
0.990145
1.00584
0.980747
1.00331
1.00231
0.999413
0.995233
0.984372
1.00451
0.995167
1.00031
0.997544
0.988111
0.983978
1.00494
1.00621
0.999231
1.00467
1.00804
1.00987
0.989076
0.998632
0.998178
1.0058
1.00318
0.99456
0.996167
1.00885
0.994106
0.995847
1.01305
0.99325
1.01113
0.997355
1.00992
0.999251
1.015
0.990529
0.993278
0.99539
0.988329
1.00616
0.99454
0.986035
0.999742
0.990094
1.00301
0.998134
1.00082
0.992928
0.998258
0.988925
1.006
0.992403
0.991288
0.980886
1.00161
1.01042
1.01454
0.993046
0.994863
0.993329
1.00857
0.988423
1.00791
0.99773
0.996631
0.988714
0.998347
1.00666
0.979726
1.00137
0.9935
1.00534
1.00188
0.99292
0.99314
1.01271
1.00811
0.998758
0.993936
1.00713
1.00613
0.992781
0.9908
1.00572
1.02403
0.998954
0.985707
1.01957
0.997679
0.990876
0.994362
1.00023
0.995938
0.991175
0.996807
0.987819
0.992159
0.993402
0.99378
1.00747
1.00428
0.997765
1.008
1.00374
0.99947
1.01192
0.994856
0.995301
1.00224
0.996188
1.00014
0.984144
1.00291
1.00912
1.0058
1.0003
1.00445
1.00288
0.986181
1.00607
0.999879
0.97781
0.988388
1.00201
0.997254
1.00276
0.999824
0.986958
1.01414
1.0151
0.999412
0.993261
0.983257
0.988538
0.998531
0.999243
0.987042
1.00823
0.988787
1.00852
1.00302
0.997362
1.00128
0.990197
0.99609
0.994944
1.01756
1.01252
0.988657
1.00591
0.996831
1.0004
1.00036
0.997415
0.997807
1.0025
1.00906
0.986173
0.9988
0.99936
0.986967
1.00262
0.994471
1.01107
0.991341
0.996316
0.998399
1.00864
1.00326
1.00418
1.00326
0.9913
1.01698
0.992494
1.008
1.0014
1.00858
1.00827
0.998432
0.993241
1.01095
1.00457
0.99062
0.995542
0.989636
0.992731
1.01131
1.00287
0.986433
1.00923
1.00392
1.0031
1.00434
0.999979
0.980629
0.996523
0.995031
0.997285
0.986224
1.02423
1.00574
1.00426
0.980271
0.986646
0.992638
1.00115
1.01486
1.00669
1.01072
0.991546
1.00708
1.00098
0.998836
0.985753
1.0062
1.00342
0.99768
1.0028
1.01866
1.00893
0.990135
0.997735
1.00023
0.995305
1.00497
1.01043
0.985586
0.990696
1.01626
1.0057
1.00096
0.985549
0.984463
0.995156
0.998525
1.00476
0.985835
1.00328
0.991727
0.996734
0.995657
0.996164
1.00033
1.0061
0.998156
1.00111
1.00549
1.01135
1.00976
0.998229
1.00759
0.987607
0.99941
0.995781
0.997855
1.01305
1.01222
0.989772
0.997777
0.996133
1.00057
1.00574
0.998903
1.00141
1.00677
1.00997
1.00116
0.996229
1.00129
1.00254
0.987198
1.0084
0.995244
1.0166
0.989687
0.994748
0.997255
0.99847
0.99675
1.00306
1.00447
1.0089
1.00412
1.01373
1.00353
1.01176
1.00075
0.992001
1.00486
0.997661
1.0012
1.00768
0.990096
0.994405
1.00628
0.996285
0.989611
1.00545
1.00429
0.99199
1.00633
1.00309
0.997751
1.00081
1.00515
1.00806
1.00061
1.01484
1.00651
0.999825
0.996702
1.0076
1.00518
1.00644
0.99834
0.987628
0.996406
1.01995
0.991837
1.00892
1.00072
0.982024
0.983095
1.01699
0.999522
1.00752
1.00548
0.995731
0.998672
1.00116
0.994963
1.0027
1.00976
1.00678
0.99077
1.00255
0.99479
1.00558
0.999993
1.00725
1.00516
1.01554
0.998006
0.995865
1.00295
1.00366
0.997119
0.989848
1.00837
1.00019
0.993033
0.996027
1.00399
0.995802
0.991152
0.995868
1.00529
1.00402
0.993951
1.00203
0.994409
1.0087
1.01164
1.0006
1.0002
1.00389
1.00363
0.99336
0.987956
1.00453
1.00269
0.994444
1.01206
1.0128
1.01265
0.999949
0.988887
0.998209
0.999345
0.995023
1.00597
0.997563
0.993993
1.01799
1.00712
1.01108
0.987126
1.01034
0.994486
1.00761
1.0063
1.00568
1.00358
1.0105
1.00238
0.992912
1.00726
0.998253
0.997467
0.998108
0.996706
0.997364
1.00208
0.999757
0.996125
0.991715
0.992081
1.0038
0.992653
0.987076
1.00099
1.0095
1.00005
0.992126
0.989909
1.02754
1.00391
0.991249
0.997272
0.998665
0.992675
1.00535
1.00225
1.00408
1.00031
1.0084
1.00798
1.00399
0.982392
1.00623
0.999257
0.998185
0.987321
0.998858
0.998351
0.992994
0.988014
0.985411
0.994436
0.992945
1.00224
1.01097
1.00632
0.994064
0.993826
0.995555
1
1.00798
0.999137
0.997409
0.998449
0.998596
1.00326
0.988006
0.995007
0.989878
1.0038
0.982345
1.01602
1.00883
1.00524
0.983809
1.00105
0.999605
1.00766
0.991892
1.00489
0.99332
0.99944
0.990606
1.00706
1.00213
0.990706
0.995175
0.979769
0.994997
0.997129
1.00603
0.996626
1.00872
1.00601
0.995062
1.01121
0.984081
0.998088
0.999372
0.986216
1.0006
1.00595
0.992563
0.999134
0.999562
1.00128
0.994088
1.00698
1.0134
0.986858
0.998739
0.986745
0.98422
0.99872
1.00594
0.996351
1.02334
1.00237
1.00008
1.00035
1.00128
0.988307
0.984656
1.00087
0.997824
0.997915
0.999213
1.00363
1.00446
0.997127
1.003
0.989551
1.01026
1.00334
0.998283
0.997819
1.01123
0.97457
1.00753
0.994965
0.993376
1.00447
0.99869
1.01369
1.00333
1.00133
0.989503
0.999498
1.00028
0.99338
0.999558
1.00124
1.00307
1.01412
1.01539
0.999913
0.999931
0.991395
1.00647
0.998168
1.00215
0.996651
1.00272
0.995606
0.997284
0.990996
0.992963
1.0059
1.02374
1.01799
0.991376
1.00051
0.994931
0.990504
1.01307
0.99911
0.997807
0.995001
0.999648
0.989376
0.985097
0.995561
1.00985
0.983802
0.995259
0.998399
1.00498
1.00362
0.989847
1.00679
1.0083
1.00833
1.00128
1.00433
1.01076
1.01523
0.993648
0.999933
1.00191
1.00581
0.991327
0.991835
1.01468
0.991992
0.994028
1.00527
0.99762
0.994626
1.00209
0.995815
0.993532
0.994904
0.993546
0.995998
1.00048
1.01079
0.990552
0.998282
1.0168
1.00162
0.991979
1.02082
0.991707
0.999646
0.992941
0.995863
0.997482
0.994215
1.01194
0.996583
1.00355
0.998693
0.996624
1.01032
0.999126
0.98618
0.995703
1.00348
0.988477
0.986613
0.997608
1.0115
0.999445
1.01498
0.997422
1.00572
1.00625
0.992748
1.00486
0.995764
0.995614
0.999567
1.00571
0.996371
0.999008
1.00737
1.00384
1.01488
0.998921
0.994389
1.00107
1.0076
0.995162
1.00292
0.987062
0.998428
1.00276
0.996259
0.989674
0.993038
1.00023
1.01098
0.995157
1.00299
1.00187
0.998854
1.00615
0.991368
1.01015
0.990002
0.994817
1.00624
1.00418
0.999344
1.00057
1.00638
1.00139
0.988535
1.00103
0.99533
1.00618
0.996267
1.00896
1.00359
1.00174
0.998694
0.988863
1.01991
1.00358
0.97437
0.988519
1.0102
0.998081
0.997352
1.00521
1.01264
1.00537
0.988317
1.005
0.991336
0.984769
0.987516
0.993128
0.998329
0.993623
0.985392
0.99969
0.992148
0.993007
0.983585
1.00189
1.00344
1.00145
0.991872
0.995446
0.999564
0.999575
0.995582
1.00504
1.02369
1.00561
1.00136
1.01431
1.00211
0.993769
1.00511
0.996024
0.990034
0.994155
1.00168
0.999672
0.99841
1.00182
1.0075
0.993741
0.996887
0.977968
0.999687
0.999147
1.01743
0.999389
0.996803
0.993464
0.993503
1.00872
0.98998
0.999847
1.00134
1.0065
1.00369
0.993074
0.999548
1.00534
0.986658
0.992828
0.99114
1.00391
0.996965
1.00735
1.00022
1.00481
0.995513
0.990189
0.996137
0.980777
0.990847
1.00737
1.00207
0.996262
0.990043
1.01577
0.985485
0.999598
0.995303
1.00819
0.987791
0.999138
0.999685
1.0067
0.995365
0.998768
1.00416
0.985802
0.994922
1.00054
1.01039
1.00669
1.00284
1.00807
0.996258
0.993585
0.989233
0.998671
1.01134
1.01018
0.992649
0.99874
1.00108
0.994186
0.997361
1.00599
0.999675
1.00306
0.994717
1.00602
1.00911
0.993909
1.0036
1.01396
1.00096
0.995171
1.00019
1.00364
1.00435
1.0013
0.997628
1.00052
1.00144
1.00752
0.992691
0.988665
1.00362
1.01402
1.00129
0.989742
1.00539
1.0041
0.997038
1.00869
0.997503
1.009
1.00193
0.98544
1.00627
1.01047
0.998473
1.00265
1.01007
1.00217
0.991165
0.987491
1.00158
0.998542
0.985668
1.01545
1.00859
0.994337
1.00141
1.00328
1.01585
1.00308
1.00624
0.995971
0.989189
1.00341
1.00358
1.01357
1.00856
0.996495
1.01817
0.997749
1.01339
1.01465
0.992699
1.00158
0.996247
1.00346
0.998408
1.00912
0.999873
0.999692
1.01291
0.990307
0.99225
1.00016
0.99831
1.00096
1.00465
1.00113
1.01114
0.995941
0.99712
0.999759
0.982877
1.00164
1.00776
0.995907
1.01072
1.00904
0.997363
1.00198
0.997367
0.993066
0.998947
1.00694
1.00497
1.00906
0.996489
1.00736
1.00272
0.997032
0.997768
1.01486
1.00426
1.00049
0.994024
0.982073
0.98807
0.991773
1.01017
1.00021
1.00109
0.988127
0.99593
1.0008
0.991336
1.0059
1.0196
0.990997
0.991863
0.989265
1.01545
0.993355
0.991066
0.993797
0.999073
0.995258
0.99507
1.00266
1.00211
1.00191
0.988027
1.00479
0.991782
0.987787
1.00221
1.00558
0.984699
1.0001
0.998764
0.98774
1.00492
0.996729
0.991721
1.0059
1.01134
1.00232
1.0134
0.994278
0.996854
1.01103
1.00912
1.0112
0.997622
0.987218
0.994682
0.980813
0.985289
1.01133
1.0022
0.99549
1.01014
1.00794
0.989123
1.00183
1.0145
1.0076
0.992609
1.00075
1.00426
0.989016
1.01492
1.01378
0.9972
1.00627
1.00169
0.999044
0.981184
0.996199
1.01324
1.02278
1.00272
1.00337
1.00508
0.994272
1.01964
0.992403
1.01487
0.998052
1.0021
1.00491
0.988941
1.00655
1.00393
0.985373
0.993046
1.01504
1.00729
0.991409
1.01366
1.0033
1.00025
1.00457
0.995
0.992708
0.999178
0.999422
1.00357
1.00417
1.00398
1.00048
1.00193
0.999566
0.997798
1.00439
0.989721
0.99661
1.00095
0.992777
1.00381
0.999798
1.00104
1.00001
1.01083
0.998826
1.00289
0.995035
1.00005
1.00322
1.00435
0.996702
0.985767
1.00226
0.999482
0.992923
1.00897
1.00735
1.00658
0.987278
0.999321
1.00582
0.99821
1.01064
1.00901
1.00064
1.01096
0.993544
1.01852
1.00677
1.0048
0.995778
0.994585
0.9972
0.9995
0.997692
0.997722
0.985604
1.01558
0.998302
1.0054
1.0077
1.00315
1.00457
1.01469
1.01133
1.00258
1.00063
0.991341
1.00661
0.984576
0.995937
0.996477
1.00994
1.00714
1.00723
0.99323
1.00924
0.999896
0.998853
0.997497
0.996185
0.995908
0.999633
0.999985
0.991678
1.00178
1.00498
0.99104
1.00961
0.997463
1.0016
0.993125
1.00305
0.998483
1.00306
0.986924
1.00545
0.979675
1.00025
0.997927
0.996682
1.0085
1.002
1.00521
0.992784
1.00624
0.992747
0.999301
1.00105
1.001
0.996426
0.988809
0.99479
1.00088
1.00683
1.0098
0.99259
0.992706
0.996163
1.00067
1.00923
1.00648
1.00911
1.00003
1.00668
1.01271
0.992901
1.00625
1.0076
0.99832
1.00836
0.996542
0.997343
0.998738
1.0052
0.99965
0.99736
0.997345
0.998589
1.00932
0.991033
0.997126
0.996943
0.99702
0.994374
0.993966
1.00905
1.00309
1.00547
1.0061
0.997039
0.998894
0.986752
1.00211
0.996852
1.0009
1.00875
1.0058
0.995535
1.00792
0.988757
1.01101
1.00007
1.02092
1.00846
1.01178
1.00625
0.994032
1.02132
0.989857
1.01181
1.00867
0.995546
0.996055
0.99827
0.977044
1.00116
0.994156
0.998819
1.01057
1.02904
1.00028
1.00975
1.00317
0.998138
1.00586
0.995351
1.01108
1.00639
0.989233
0.986182
0.982593
1.00589
0.993297
1.00763
1.00039
0.99634
0.993451
0.995902
1.00907
1.00466
0.983827
0.998858
1.00051
1.00263
1.01018
0.999168
1.00627
1.0084
1.00316
0.986949
0.991154
1.01117
0.9982
1.00119
0.998008
0.992456
0.99747
0.980379
1.00265
1.01087
1.00785
0.995851
0.989222
1.00304
1.0019
0.991585
0.998077
0.996757
1.00182
0.99271
1.01267
0.997918
1.00686
1.00444
1.00909
0.993143
0.99151
1.0048
0.995703
1.00839
0.992517
1.00024
0.998484
1.01327
1.01401
0.980734
1.00171
1.00365
1.00638
0.988081
0.991569
1.00847
0.991453
1.00375
1.00114
1.00089
0.998824
0.997246
1.00055
0.997655
0.995326
0.997822
0.997652
1.00055
1.00458
1.00221
1.00785
0.99235
1.00466
0.996975
0.996489
1.00463
1.00617
1.00125
0.986615
1.0064
0.99586
0.996246
0.987447
0.995459
0.977763
0.993524
1.0177
1.00307
0.987615
0.998735
1.00926
1.00053
1.0073
1.01315
1.02052
1.01038
1.00222
1.0023
0.995061
1.00581
0.993442
0.99922
0.998169
0.995296
0.993507
0.987859
0.993029
1.0052
0.997351
0.997973
0.99884
1.00153
1.0023
1.00456
0.988986
0.998107
1.0041
0.993824
1.00156
1.00864
1.00012
1.00429
1.00056
1.00531
1.01348
0.998698
0.997119
1.00075
0.992761
1.00252
0.991815
0.993578
0.999692
0.99666
0.992935
0.995858
1.00841
1.00564
1.01286
1.0056
1.01071
0.997362
1.01031
1.01082
1.0053
0.994111
0.994053
1.00148
0.984664
0.994241
1.00491
1.00475
1.00784
0.998689
0.991423
1.00056
1.01056
1.01078
0.989054
1.00893
0.999105
0.995785
0.99616
0.988473
1.01445
1.00887
1.00679
1.0043
0.998483
1.00528
1.0044
1.00315
0.997851
1.00536
0.995496
0.996172
1.00328
1.00422
0.992708
1.00382
1.00587
1.00192
0.994742
0.997333
0.992082
0.998322
0.998553
0.991223
1.00562
1.01223
0.993921
1.01112
0.98761
0.998354
1.00125
1.00132
1.00186
0.991256
0.984044
0.99627
0.980493
0.99106
0.987584
1.005
0.998222
0.986037
0.995307
0.996768
0.989037
1.00346
1.01472
0.997836
1.00358
0.991927
1.01148
1.00489
1.00999
0.994768
1.01254
1.00074
0.998041
1.0029
0.992874
0.991394
0.991599
0.998065
0.979592
0.995452
0.996642
0.995834
1.00205
0.993703
0.994533
1.00837
1.00281
1.00864
0.988846
1.00679
1.0036
1.00243
1.00068
1.00001
0.99426
0.983987
1.00859
1.00219
0.998697
1.00218
1.00139
1.01172
1.00359
0.997797
0.999913
0.991634
1.00293
1.00299
0.996728
0.984296
1.00094
1.00918
0.993622
0.999871
0.995733
0.991197
1.01114
0.997071
1.00169
0.996377
0.992364
1.00864
0.983613
0.988601
0.985424
0.988863
0.997255
1.00315
1.00877
0.999118
1.0069
1.00603
1.00259
0.996144
1.00271
0.993216
0.999118
0.989192
0.996536
1.00605
1.00157
1.00746
1.00634
0.999529
0.98489
1.00399
1.0009
1.00063
1.00843
1.00823
0.994647
0.995223
0.994476
1.00925
0.985622
0.99558
0.996544
1.01089
0.996552
1.00327
1.0117
0.998453
0.98355
0.994394
0.986391
0.992786
1.00789
1.00339
0.995759
1.00056
1.00956
0.9998
1.0038
1.01625
0.997595
1.01067
1.00072
0.98523
1.01063
0.999852
1.01868
1.00976
0.996205
0.973029
1.01356
1.00165
0.994563
1.00153
0.998786
0.997591
0.998675
0.993888
1.01605
0.992767
1.00483
0.999232
0.995205
1.00491
0.992397
1.00277
1.00026
0.995306
1.00298
0.992008
0.998796
1.0172
1.0058
1.00016
0.998242
1.00273
0.999528
0.992456
1.00621
0.99371
1.01135
1.0044
0.993965
1.00547
1.01448
0.99968
1.00519
1.01453
0.999174
1.00302
0.999172
1.00778
1.00816
1.00633
0.987907
1.00527
0.986318
1.00327
1.01131
0.99855
1.00175
1.00678
0.99283
1.00243
1.01058
0.993905
0.991611
1.00313
1.00391
1.00202
0.999269
1.00236
0.996493
1.00359
1.00084
0.990104
0.99713
0.994608
1.01635
0.99311
1.00992
0.999613
0.999666
1.00894
0.970685
0.985581
0.986614
0.996766
0.992087
0.984973
1.01399
1.00978
0.997263
1.00845
0.980979
0.979822
0.98985
1.00027
0.998449
0.993924
1.0043
0.993487
1.00162
1.01284
0.993006
1.00101
0.998735
0.979243
0.995307
1.01709
0.985592
0.993594
0.997697
1.00229
0.999459
0.988343
0.995982
1.00862
1.01233
1.00464
0.998241
0.997746
1.00269
1.00878
0.996177
1.0007
1.01453
1.00831
0.989123
0.997173
0.993474
1.00717
0.992313
1.01284
1.01432
1.00288
0.995331
1.00097
0.985446
1.00771
1.01036
0.994839
1.00468
0.991678
0.994438
1.0033
1.00588
1.00207
1.00129
0.989846
0.985873
0.992122
1.00109
1.00833
1.00261
0.994539
0.990095
1.00376
1.00376
1.00573
1.01442
1.00422
1.00565
1.00091
1.00107
0.990706
0.993408
1.00052
0.990383
0.992775
0.997773
0.996454
0.991071
0.988401
0.995368
0.997928
1.00125
0.996895
1.01266
1.00965
0.996985
1.00574
1.00995
1.00055
1.01677
1.00843
1.00585
1.00099
0.993524
1.00782
0.991776
0.991129
0.99354
0.997909
0.991877
1.00399
0.981717
0.98196
0.992656
0.997767
1.00449
1.00218
0.99884
1.00565
0.996822
0.99901
0.992907
0.991747
1.00025
1.00983
0.991475
1.00363
0.99584
0.99237
1.00359
1.00319
1.00955
0.994806
0.988212
0.9883
0.998109
1.01655
1.00356
1.00463
0.997265
1.00771
0.99804
1
0.990515
1.01359
0.999489
1.01298
0.999525
1.00683
0.998976
0.995352
1.02246
0.993571
1.00162
0.996937
1.00829
1.00932
1.00468
0.998492
0.980628
0.998534
0.998633
0.995402
1.00845
0.99569
1.01406
1.00807
1.00635
1.00765
1.00926
1.00422
1.00569
0.993177
0.999351
1.00184
1.00679
1.00403
0.991016
1.00186
0.998233
0.990917
1.00943
0.998931
0.999724
1.01444
1.01036
1.00637
1.00162
0.992988
0.99183
1.01878
0.990814
0.995051
1.01686
1.00823
1.01487
1.0056
1.00446
1.00734
1.00075
0.99227
1.0168
0.996849
0.998373
1.01563
1.00372
0.996171
1.00223
1.00469
0.997737
1.00562
1.00485
1.00557
1.00395
1.00269
0.99309
1.0005
0.99854
1.01115
0.999948
1.00947
0.997492
1.01474
1.00392
1.00621
0.99495
1.01104
1.00929
0.997211
1.0033
1.00759
0.99232
1.00218
0.995513
1.00781
1.0035
0.989471
1.00023
0.988312
1.00925
0.989728
0.993843
0.994062
1.0037
1.00306
0.999876
0.996542
0.995975
1.00529
0.996189
1.00337
0.996246
1.00212
0.996107
0.994234
0.998355
0.997681
0.993893
1.00165
0.999789
0.992647
0.999537
0.991793
1.00594
1.00645
1.015
1.00685
0.982175
1.00444
1.00485
1.0058
1.01534
1.01273
1.00575
1.0037
0.98626
0.997101
1.00002
0.998426
1.00132
0.998123
1.00577
0.98018
1.00702
1.00682
1.00191
1.0019
0.992015
0.992075
1.00145
1.00547
0.998178
0.992942
0.999819
0.995993
0.990665
0.992391
1.00905
0.999
0.99943
0.992326
0.988119
0.995662
0.993987
1.01631
0.996226
0.996459
1.01076
1.00197
1.01578
0.997684
1.01776
0.989143
0.996057
1.01218
1.00339
0.994683
1.008
1.00556
1.00226
0.997361
1.00655
0.995195
1.00223
0.998873
1.00804
0.996802
0.988508
0.994473
0.997953
0.993616
0.999277
1.00218
1.008
1.01141
0.998133
0.995925
0.997185
1.00389
0.994365
0.996344
0.997404
1.00799
0.986377
1.00309
0.995468
1.00224
1.00401
0.999863
1.00364
1.0106
1.00413
1.00847
0.997478
1.0092
1.00019
1.00454
1.00569
1.00003
1.01277
1.00361
1.00533
0.991732
1.00461
0.992732
1.0009
0.997001
0.993078
0.997006
1.01002
0.9932
0.998394
0.990928
0.9966
1.00259
0.997361
0.99729
1.01803
0.997826
1.00854
0.997194
1.00173
1.00266
0.989856
0.991392
1.01665
0.999403
0.998485
0.995505
1.00175
1.01363
0.992119
1.0107
1.004
1
0.996834
1.00435
0.99294
1.0026
0.999727
1.00077
1.01289
1.00119
1.00275
1.00189
0.989968
1.01889
0.994871
0.993931
1.00676
1.00266
1.0143
1.00461
1.00402
1.00044
0.986841
0.993484
0.997551
1.00635
0.987729
0.999862
1.00378
1.00236
0.981089
1.00706
0.989287
1.01564
0.999643
1.00797
0.987198
1.01912
0.980468
1.00212
0.990054
1.00228
0.995818
0.994912
0.997164
1.01119
1.00979
0.99188
1.0014
1.00416
1.00992
1.00119
0.984312
0.998779
0.990992
0.999544
0.993627
1.00677
0.994461
1.00413
0.995541
1.00869
0.999471
0.996428
1.00959
0.994963
1.00428
1.00163
1.0043
0.985548
1.01005
0.993803
0.997238
1.00572
1.00947
0.996521
0.989452
1.0062
0.997411
1.00409
0.988153
0.995729
1.00475
0.993805
0.996294
0.994164
1.01167
0.997244
0.998367
0.995671
0.989482
1.00321
0.992429
0.99896
0.990268
0.994273
0.996987
1.00686
0.982481
1.00436
1.00497
1.00699
1.01494
0.992279
0.987759
0.987014
0.999407
1.00386
1.00488
0.992025
0.992795
0.996723
0.99271
0.992432
1.00288
1.01391
0.99371
1.00654
0.997393
1.00683
0.987768
0.995712
1.00573
1.00222
1.00013
0.998805
1.0012
0.997274
0.985204
1.00177
1.00179
0.993554
1.00318
0.990713
1.0062
1.00789
0.99323
1.01311
0.996724
1.01285
1.00232
1.00025
0.994648
1.00136
0.983421
0.995248
0.996
0.998319
0.999865
0.997178
1.00564
1.00397
1.0082
0.996779
1.01497
0.988435
0.995135
1.00232
1.00769
1.00549
1.00028
0.999145
0.985793
0.998678
1.0014
0.997478
0.998417
1.00564
1.00397
1.00723
0.984886
1.00318
0.988182
0.994786
0.989975
1.01033
1.00178
0.996212
1.00104
0.996179
0.999898
1.0001
0.995264
0.994278
1.00829
1.00213
0.993676
0.997858
1.01038
1.01642
1.00731
1.00283
0.996723
1.01276
1.00691
0.993346
0.990102
1.00756
1.00402
0.98321
1.00006
0.97549
0.988562
1.01344
0.99381
1.0002
1.00558
0.99579
1.00537
0.985271
1.0061
1.00363
1.00129
0.990088
0.99568
1.00796
1.00288
1.00605
0.993994
1.00652
1.0077
1.01234
1.00607
0.997969
0.985484
0.999619
1.00571
0.9986
1.00711
1.00637
1.01074
1.00879
1.01334
1.01512
0.995921
1.0012
1.0115
0.989392
0.993639
0.998016
0.997161
0.992386
0.99772
0.995395
1.01177
0.981605
0.998756
1.00791
1.00387
1.007
0.999194
1.00112
1.00641
0.998066
1.01732
1.00376
1.00991
1.01359
1.00149
0.996493
1.00193
1.01064
0.996908
0.986921
0.992112
1.00566
0.994398
0.98193
1.00129
0.99882
1.0143
1.01259
0.988841
0.993653
0.988278
1.00193
0.992092
0.999789
1.00714
0.991989
1.00676
1.0004
0.989042
1.00382
1.00364
0.999284
0.997125
0.989687
1.01594
1.00217
0.99897
0.986283
0.985403
1.0077
1.00101
0.997068
0.990209
1.00498
1.00705
1.00177
1.00545
1.00229
0.986172
0.993731
1.00274
0.993991
0.990562
0.991281
1.00592
1.00882
1.00156
1.00257
1.01382
1.00538
0.9936
0.996306
1.0018
0.99933
0.996864
0.993074
0.998289
0.990928
0.994633
0.996691
0.994822
1.00057
1.00805
1.00206
0.996225
1.00627
1.00189
1.00293
0.992724
0.998527
1.00089
0.994762
0.987868
1.00712
0.997725
0.993046
1.00256
1.01196
1.00679
0.998187
0.993237
0.994561
0.990383
0.998283
0.996704
1.00751
0.984699
1.00301
0.998494
0.99743
0.990651
1.01319
1.01565
0.976335
1.01397
0.99075
0.997195
0.99922
1.00717
1.00704
1.01377
0.99137
0.997104
0.995286
0.994322
0.995608
0.9998
1.00271
