1.04309
0.996712
1.08826
1.02008
0.98232
1.01714
0.991735
1.01511
1.00383
0.973398
1.04353
1.01291
0.989887
1.06196
1.09298
1.00646
0.941394
1.02806
1.03099
0.952059
0.971673
1.03148
1.04076
1.0194
0.966744
0.981501
0.964901
1.09474
0.981686
1.00942
0.988389
1.06672
1.06123
1.00878
0.981319
0.987709
1.05239
1.04371
1.00733
0.981311
1.02427
0.995024
0.979154
1.00856
0.960724
1.0278
0.99792
0.968513
1.01416
1.01201
1.00225
0.969992
0.996876
1.01176
0.995437
1.02815
0.967922
0.94652
0.961024
1.04228
0.980789
0.978335
0.98275
0.974216
1.04797
0.951294
1.03511
1.01967
0.998166
0.994106
1.03035
0.960424
0.946554
0.988318
1.07125
0.996565
0.972419
1.02711
0.951952
0.977387
1.04056
0.967586
0.945665
1.03083
0.962553
0.996564
0.977053
1.03193
0.904183
1.01828
1.06452
1.04284
0.97721
0.961295
1.03821
1.00141
1.01159
0.977845
0.982719
1.01373
0.965999
0.944093
0.935411
0.992771
1.02962
1.00347
1.00999
1.02886
1.11622
1.00195
1.02293
0.990134
0.990539
1.07959
0.983963
1.01122
0.988788
0.968416
1.01939
1.02195
0.981329
1.05556
0.982906
1.02981
1.01701
1.02886
1.0107
1.04046
0.951441
1.05607
0.955901
1.00501
1.01377
0.968008
0.951434
0.944213
1.04527
1.01293
1.04566
1.0198
1.03477
0.900202
0.997439
0.978745
1.02704
1.03681
1.00139
1.00202
0.963338
1.05371
0.997994
0.96219
0.996066
0.955988
1.04177
0.986016
1.00063
0.964547
0.981823
0.938781
1.01464
0.984568
1.03956
0.892428
0.960098
0.99874
0.987958
0.987706
1.00942
1.01991
1.0004
0.974012
1.00483
1.00323
1.00889
1.05469
0.991248
0.945988
1.0146
1.05786
0.963781
0.991689
1.03181
0.948281
0.977329
0.962757
0.974784
0.978911
0.981966
0.994149
0.963447
1.0264
0.998717
1.01868
0.990036
0.974585
1.04001
1.00887
1.02763
1.01703
1.01947
1.02589
0.95236
0.986611
0.984142
0.965074
0.949717
1.03252
1.04985
1.00535
0.999988
1.01694
0.985469
0.969565
0.996865
1.00255
0.922768
1.05509
1.0586
1.01257
0.983216
0.991629
1.01652
0.993422
0.979758
0.97472
0.998656
0.985036
0.963241
0.957365
1.01135
0.936859
1.00586
1.00887
0.984807
1.00996
1.0506
0.989279
1.00754
1.02987
1.07307
0.990211
0.989964
0.974534
1.00202
1.05281
0.993446
0.965025
1.0491
1.01361
1.07329
1.0084
0.98409
1.0089
0.966179
0.979481
1.03139
1.05192
1.0159
1.10954
1.00884
0.935523
0.978463
0.962167
1.03532
0.995032
0.969721
0.927325
0.992808
0.962382
1.0331
1.00847
1.00129
1.01621
1.0038
1.02497
0.965733
0.921466
1.02593
1.06285
1.0331
0.976192
1.03231
0.974808
0.971823
0.984395
0.999629
0.965934
0.974692
0.965454
0.990243
0.976747
1.00846
0.995506
1.03787
0.991521
1.00083
0.960972
0.934727
1.05342
0.988353
0.993533
1.0004
0.992443
1.02114
0.980094
1.01951
0.919459
0.999215
1.00818
0.961439
1.06651
1.06728
0.998006
1.00829
0.987701
1.00133
0.982264
1.02568
1.01357
0.99146
0.974651
0.992756
0.98711
1.08888
1.03195
1.02954
1.00873
1.02462
0.992063
0.981711
1.05383
0.989321
0.967134
0.947601
1.01809
1.02484
0.998075
0.992848
1.10187
1.06335
0.980374
1.00233
1.00661
0.987632
1.05479
0.957981
0.986944
0.945876
0.956279
0.962933
1.02843
0.993266
1.01762
0.970443
1.03255
1.04848
1.02862
1.04181
0.980642
1.00116
0.953517
0.975304
1.02948
0.983615
0.991562
0.98549
1.03157
1.02577
1.0031
0.997609
1.00836
1.05192
1.03159
0.982942
1.01277
0.952444
0.994468
1.00103
1.01225
0.935241
1.05002
1.05973
1.03101
1.0178
1.09894
0.989092
1.00609
0.991006
1.01011
1.04076
1.03617
0.964675
1.03822
0.937504
0.937184
0.981844
0.996982
0.971657
1.00696
0.976829
0.92428
1.03327
0.983303
1.04011
1.00637
0.939619
1.04073
1.02411
0.996145
0.969199
0.948172
1.02606
0.988193
0.988362
1.02107
0.978825
1.00445
1.04386
0.994468
1.11315
0.979283
1.02042
1.01263
1.01646
0.954757
0.985499
0.986264
1.0391
0.992254
1.06241
0.961814
0.999017
1.0763
0.990537
0.968103
0.975006
1.01024
0.986475
0.976082
1.01213
0.998964
1.01831
1.04723
0.975053
0.935888
0.94308
1.03586
0.954692
1.05433
1.03994
1.02189
1.10395
1.0317
1.06817
0.984124
0.992118
0.991578
1.01142
0.978094
1.0044
1.00816
0.984234
0.94369
1.04536
0.967216
1.01737
1.03314
0.990352
0.964672
0.994976
1.04236
1.07096
0.999246
1.0244
0.967914
0.990454
1.05415
1.02778
1.01091
1.02394
1.06915
0.950079
1.03753
0.971769
0.965275
0.960103
1.02339
0.954935
0.999787
0.964323
0.942754
1.01357
1.00513
0.998312
0.988123
1.02449
0.95937
1.04279
1.02591
0.990115
0.995531
1.00927
1.00441
1.00088
0.991122
0.968933
0.908575
0.999416
0.998316
1.00252
1.02562
1.02788
0.966442
1.08651
1.0631
1.00154
0.966127
1.01187
1.00443
1.0193
0.993782
0.910746
0.994899
1.09968
0.957978
0.958621
0.963921
0.930999
1.02042
1.01866
1.00542
1.07973
0.986092
0.978882
0.984461
0.976877
1.02171
0.979799
0.965209
0.982213
0.970966
1.00026
1.03164
1.0765
1.06207
0.997149
0.945344
1.02248
0.949469
1.00494
0.975238
0.978059
0.970001
1.04791
1.0039
0.998631
0.972685
0.941018
1.05306
1.04259
0.993539
0.971989
1.01109
0.969702
1.09744
1.00951
0.953641
1.01219
0.958902
0.965206
1.00402
1.01065
1.06485
0.993221
1.03416
0.991002
1.01774
1.04037
1.05936
1.01861
1.0105
0.984803
0.981382
0.977143
1.02549
0.975889
0.976378
1.01352
0.995193
0.988733
0.982608
0.959829
1.0388
1.0362
0.946459
0.983421
0.927575
1.05328
1.01402
1.01718
1.05508
1.00756
1.06334
0.994533
1.02587
0.981487
0.99479
0.998455
0.992754
1.02798
1.04871
1.01968
0.975224
0.979372
0.972242
1.01588
0.968898
0.97154
0.963797
1.06008
1.01883
0.946307
0.976414
0.957535
1.04855
1.06974
1.01616
0.98365
1.01213
0.949478
0.988928
0.983328
0.94175
1.0484
0.959176
0.944819
1.0074
0.966585
1.03373
1.01844
1.0645
0.933248
0.975702
0.955674
0.999288
1.05451
1.03736
1.03484
1.043
0.977144
1.02186
1.04245
1.02691
0.960729
1.00412
1.05616
1.00349
1.02346
1.00287
0.995806
0.985372
0.982851
1.00337
0.992576
0.989136
0.981465
0.987109
0.986464
0.977167
0.998606
1.05658
1.01281
0.971199
0.999846
1.00105
1.02568
1.03573
0.946904
1.02916
1.02625
0.9959
0.999255
0.95609
1.00325
0.974081
0.942033
0.923716
0.950126
1.03578
1.07416
0.941433
1.0113
0.986818
1.01241
1.04699
0.973525
1.00914
1.00933
0.981027
1.00217
0.963737
0.993328
0.958934
1.00787
1.0142
1.02041
1.0033
1.02473
1.0595
0.995365
0.92502
1.01854
0.996603
1.02089
1.01148
0.979885
1.02691
1.02604
1.0801
0.938854
1.05413
1.03201
0.96455
0.963529
1.02196
0.98853
1.02493
1.03294
1.01915
1.02648
0.981343
1.05232
1.02629
1.03141
0.985365
0.977942
1.03662
1.03612
0.960718
1.00984
0.965434
0.940721
1.01408
1.00086
0.969821
1.02762
0.937714
0.954234
1.00624
1.03342
1.00796
1.04548
0.975496
1.04681
1.02499
1.04636
0.995633
1.03904
1.08254
0.993166
0.962352
1.01901
0.994751
1.04381
0.979486
1.00746
1.01926
1.00616
1.04926
0.975765
1.00479
0.98083
0.990304
1.06112
0.999529
0.945372
1.06705
0.912268
0.991829
0.984518
0.95947
0.987567
0.97265
0.951836
0.943928
1.06474
1.07484
0.972493
1.04122
0.937293
1.01312
0.98055
0.995621
0.97686
1.02653
0.992733
0.98677
0.990581
0.968479
0.932633
1.00659
1.01003
1.01149
1.0256
1.04904
0.983929
1.04108
0.985961
1.02587
1.01627
0.951062
1.00383
0.981185
1.00091
0.992782
0.968203
0.961517
0.997595
1.08374
1.0223
1.01603
1.01298
1.0194
1.00223
1.00644
1.01507
0.948068
0.948294
1.01636
0.918742
0.990121
0.942405
1.00245
1.02844
0.958293
0.979112
1.01251
0.925501
1.02379
1.00093
1.04516
1.02637
1.03643
1.01059
1.022
1.03057
1.0701
0.950798
0.969556
0.926814
1.0161
1.03532
0.970576
1.02127
0.991173
0.955767
1.07128
0.976801
1.01054
0.996465
1.02603
1.00326
1.00588
1.0374
1.00151
0.981546
0.951334
1.00874
0.949149
0.994302
1.00359
1.01855
1.00862
1.076
0.980311
0.893664
0.985582
1.07052
1.0339
1.02617
1.01206
1.05893
0.996328
1.03393
0.993269
1.03087
0.983274
0.99051
1.00857
0.9948
0.943345
1.01957
0.984308
1.0637
1.03097
1.03537
1.00639
0.967743
1.07834
0.993068
0.991445
1.03293
0.969794
0.966003
0.963782
0.988511
1.00162
1.06923
1.02453
1.06277
0.970907
0.966531
0.979996
1.03005
0.989997
0.950197
1.02636
0.980235
1.04063
1.02479
1.05767
0.990094
0.970892
0.992376
0.99437
0.956571
1.03135
1.03519
0.998099
1.01371
1.00309
1.03275
1.03573
1.03016
1.01589
0.985867
1.00746
1.02968
0.952229
1.02067
0.94242
0.98538
0.954345
1.04079
0.96456
0.985317
0.958345
0.943555
0.998546
1.08148
1.05536
1.0082
0.96262
0.992041
0.991376
0.998776
1.0032
1.03014
1.0017
0.976402
1.0057
0.963365
0.95906
0.980313
0.951055
0.993936
1.08318
0.970552
0.981859
1.02432
1.0331
0.970944
0.991746
1.00082
0.993247
1.02174
0.91063
1.05718
1.03593
1.00047
0.989065
1.02689
0.971309
0.992635
1.02909
0.94896
1.0438
0.961358
1.04181
1.03211
0.982763
1.02937
0.978692
0.963253
0.985845
0.9762
0.982002
1.00657
1.00957
0.972259
0.962104
0.9931
0.909215
0.991966
1.10632
0.982575
0.965067
1.02657
0.999844
1.00715
1.06294
1.00637
0.951373
1.00952
0.96094
1.00801
0.994743
1.02542
1.00611
1.00653
0.947994
1.06464
1.00445
0.947332
0.999997
1.0379
1.03755
0.948349
1.02936
0.991398
1.01904
1.01861
1.02672
0.992689
1.06276
1.01284
0.970838
1.0128
1.0136
1.04044
1.032
1.02458
1.00093
1.07623
1.04422
0.922337
1.00461
0.96802
1.01154
0.990873
1.00642
0.974809
0.994131
1.00998
0.934081
0.936358
1.01029
1.00602
1.02079
1.01694
1.00477
0.966938
1.02878
0.980983
0.998924
1.02307
0.964895
1.05769
1.01448
1.04761
0.990712
0.999417
1.03165
0.938461
1.01822
1.02586
1.02631
0.945123
0.99719
1.03509
0.999897
0.930516
0.958584
0.99207
1.02675
1.01605
0.971464
1.02721
0.998734
0.960001
1.01407
1.00114
0.990003
1.04625
1.03885
1.00921
1.05788
1.05254
0.920506
0.989489
0.986597
0.937457
0.952557
1.02186
1.03111
0.980697
0.966277
0.967816
0.991157
1.01656
1.02409
1.06924
1.00914
0.99797
1.0316
0.968079
0.976275
1.04305
1.03664
1.01202
0.970786
0.990666
1.04631
0.998642
1.02319
1.00829
1.02513
0.979321
0.996302
1.00844
0.954094
0.956665
0.912301
1.02123
1.0594
0.980403
0.955169
0.977039
0.979818
1.00364
1.01836
1.01044
1.00474
1.02665
1.0416
0.966663
1.05484
1.00432
1.0238
1.01755
1.00799
0.979786
0.954058
1.01663
0.929573
0.978611
0.982786
0.983158
1.06244
0.996262
0.956244
0.954053
0.972173
0.982329
1.00315
1.02714
0.97359
0.989354
1.04039
0.941019
1.0338
1.04092
1.01668
1.02321
0.981093
1.06063
0.952687
1.04996
0.949598
1.0158
0.968469
1.00467
1.02614
0.970624
1.02754
0.979212
1.01476
1.04101
1.04844
0.97675
0.979112
0.934223
1.03773
1.00407
1.01743
0.968522
0.959659
0.958691
1.00156
0.99951
0.985283
1.00413
1.00118
0.994322
0.970546
1.01173
1.00474
1.03063
1.02409
1.04847
0.976816
0.953012
1.01561
0.971858
1.01995
1.0311
0.992195
1.02714
1.0274
1.04391
0.986513
0.96507
1.00097
0.951135
0.94418
1.06194
0.973933
1.00327
1.00049
1.029
0.953519
0.983271
0.984847
0.928849
1.04137
1.01896
1.03514
0.942216
0.987546
1.01798
0.980209
1.01163
1.02312
0.996309
1.0165
0.984766
1.01592
1.06374
1.02548
1.00361
0.957213
0.997004
0.990007
0.940036
1.02044
0.974943
1.02213
0.999707
1.01821
0.910569
1.00948
1.04365
0.988402
1.02026
1.05621
1.03714
1.01146
1.05703
1.04819
0.965975
0.961435
0.902431
1.00507
1.02706
1.02833
1.01543
1.00404
1.03148
1.00399
1.0582
0.969928
0.98193
0.991802
0.970517
0.91303
1.04345
0.973257
1.01216
0.949679
0.989247
1.07832
0.978645
1.02188
1.01479
1.03469
0.917412
0.967904
0.997022
0.917947
1.0186
1.02022
1.04901
1.02194
1.03365
1.02159
0.993114
1.08284
1.03715
0.955634
0.985878
0.986971
1.01915
1.01374
0.963279
0.97394
0.994163
1.03909
0.956108
0.925482
0.981244
1.00122
1.02748
1.01272
1.02927
1.05253
0.972837
0.954459
0.950311
1.03719
0.905877
1.00379
0.975203
1.02271
0.98358
0.992214
1.0394
0.957168
0.942724
1.00139
1.08152
1.04557
0.995749
0.938871
0.989757
0.959135
0.994003
1.01396
1.0274
1.0004
1.06035
0.962022
0.997862
1.03094
0.944885
1.07248
1.00476
0.978002
0.920705
0.997426
0.975962
0.981623
1.0484
1.03626
0.975278
1.04562
0.973855
1.03392
0.965362
1.00929
0.949411
1.0054
1.00452
0.985676
1.05751
0.979805
1.00348
1.03868
0.953162
0.975217
1.02172
0.994194
1.03671
1.01328
1.07821
0.989451
1.0774
1.02588
1.019
1.01187
1.01652
0.983078
1.01266
0.951044
1.04115
1.00939
1.02257
1.00194
1.00044
0.991416
0.988758
1.00569
0.953097
0.986466
0.99091
1.03113
1.04568
1.04412
1.01944
0.995355
1.06136
1.00815
1.03065
1.00523
1.04132
1.00114
0.990589
0.972312
0.990267
0.971589
0.949352
1.02062
0.985338
1.01668
0.947469
0.962748
0.966683
1.00126
0.9648
1.00017
0.955526
1.07074
1.00255
1.04102
1.00548
1.0384
1.03555
0.909095
0.938732
0.998966
1.06679
1.03546
0.973954
1.0215
0.987324
0.997606
1.00052
1.04481
1.02449
0.979137
0.950067
1.06082
1.03801
0.957369
1.05696
0.999972
1.03085
0.992122
1.00305
1.05296
1.01577
1.02364
0.988041
1.01224
1.00279
0.996372
0.969276
0.998157
0.95918
1.05558
1.07076
1.02531
1.02343
0.992735
0.976648
1.00713
1.01796
1.01884
0.980271
1.0014
1.00799
0.94642
0.994385
1.07838
1.02934
0.980593
1.01255
0.972225
0.961798
0.998414
1.01482
0.990722
1.02054
0.96703
0.950594
0.962594
0.956509
0.981547
1.0388
0.985418
0.956298
0.946552
0.978778
1.02155
0.98721
1.01916
1.02469
0.939424
0.973333
0.995238
1.06072
0.995145
1.02696
0.993482
1.0047
0.981643
1.03115
1.09819
1.01261
1.03943
1.07112
1.02767
0.945328
1.02649
0.962884
0.976394
0.961328
1.04243
0.985341
1.0174
0.989655
1.03763
0.937925
1.01153
0.980878
1.00212
1.03682
1.08631
1.05927
0.977623
1.00655
0.901507
0.958193
0.987182
0.977172
1.00196
0.995392
0.99637
1.00754
1.05504
0.983876
0.976559
1.0182
1.02937
0.989518
0.93509
1.03984
1.01028
0.993824
1.03957
1.01648
0.977987
1.02428
0.985047
1.04477
1.00486
0.99124
1.04531
1.04228
0.961597
1.06805
1.02456
0.967234
0.953367
0.951184
0.994628
0.986192
0.968757
1.03167
1.00618
0.920855
1.01276
1.02588
1.0367
0.938907
0.990916
1.02336
0.914018
1.07329
1.01549
0.968553
0.954389
1.00054
0.961151
1.01171
0.995735
1.00831
0.968197
0.975321
1.0132
0.999857
0.999342
1.03299
0.97456
1.03332
1.06656
1.01891
1.05299
1.03645
0.989707
0.972355
1.03981
1.04407
1.02022
1.03295
1.09201
0.983237
0.995885
0.962507
1.05035
1.02276
0.991543
1.03083
1.00443
1.02979
0.982954
0.97036
0.98288
0.949476
1.01427
1.0121
0.964194
0.936123
1.05414
0.987429
0.977681
1.03694
0.944514
0.976925
1.00495
0.979884
0.975586
1.00784
0.945891
1.02003
1.0372
1.00476
1.00459
1.07608
0.963024
0.964901
0.971017
0.948963
1.0712
1.00935
1.01805
0.965789
0.971517
0.944266
1.04359
0.976449
1.00681
0.976637
0.99929
1.00197
0.971277
0.940185
1.0366
1.02728
1.07737
1.07897
0.970204
0.986944
1.03254
1.02918
1.03489
1.00146
0.964801
0.975386
1.01738
1.00335
0.980377
1.01355
0.984558
0.991899
0.984291
0.959194
1.00846
1.00385
1.0075
0.968846
1.04335
0.983197
1.03503
1.00191
1.02883
1.04055
1.04186
1.04982
1.00598
1.04671
1.04381
1.01487
1.0546
0.988939
0.934809
0.981575
1.00434
1.01641
1.03261
0.936856
0.990286
0.98419
0.978264
0.999076
0.960016
0.989467
1.02399
1.06023
0.986123
0.992579
1.00685
0.980894
1.01516
0.999077
1.01878
1.02973
0.979886
1.02165
1.09883
0.91907
0.942427
0.99476
0.976106
1.03877
1.04725
1.01498
1.05017
0.9606
1.03504
1.0067
1.02997
0.969535
1.0076
1.02387
1.06303
1.00252
0.986563
1.0359
1.0207
0.965526
0.984161
0.980623
0.913427
1.01178
1.05425
1.04899
1.01238
1.02932
1.0074
1.03792
1.05066
1.00406
1.01602
1.01398
1.02774
1.03301
1.02598
1.05039
1.01617
1.01181
1.03883
0.940088
1.02493
1.01495
1.02488
0.96519
0.956002
1.04748
0.99739
0.994419
0.974842
0.997685
0.956172
0.975785
0.990073
0.947758
0.985723
1.00797
0.967187
0.990776
1.02174
1.03123
0.995643
1.01953
1.0114
1.00394
0.880607
1.01327
1.03211
1.00331
0.983102
1.0217
0.971653
1.04874
1.02535
0.982757
0.997025
0.973988
1.0136
0.963238
0.995594
0.996332
1.04345
1.00689
0.969919
1.06668
0.997448
1.05024
1.01807
1.00297
1.04684
1.01813
0.927586
0.961715
0.960378
0.931984
0.939831
0.959967
1.05317
1.06245
1.05062
0.991135
0.95451
0.995604
0.945271
0.943428
0.950487
0.999182
1.01409
0.964935
1.02861
0.965994
1.02845
0.93445
1.02317
1.03778
1.02231
0.995447
1.00105
1.06833
0.982618
1.01208
1.04007
0.998079
1.03265
1.01537
0.990619
1.01734
1.01628
0.98815
0.954082
1.00089
0.981428
0.931779
0.974649
0.979389
0.973243
0.938535
1.01925
1.00048
0.999117
0.920899
0.945343
0.940954
0.994807
0.976964
1.04309
1.02535
0.997398
1.04234
1.00193
1.02987
1.0023
1.04309
0.967273
0.989679
1.02829
1.03826
0.981837
1.0075
0.975178
1.0805
1.01815
1.00476
1.04382
1.05004
0.981339
0.983812
0.975693
0.987473
0.967759
1.00616
0.997374
1.00739
0.995417
0.982186
0.9695
0.997869
0.985417
0.92263
0.977948
1.02782
1.00436
0.98001
0.983761
1.07997
0.994423
0.939174
0.970898
1.0476
1.03933
0.999215
0.987189
0.980686
1.00442
1.02708
0.984539
0.981626
0.997676
1.00527
1.05972
0.9781
0.944471
1.02823
1.02697
0.995079
0.957704
0.959111
0.965794
1.01644
1.01352
0.998824
1.01526
1.04436
0.957095
0.963865
0.950911
1.00405
1.00757
1.00871
1.05353
1.01803
0.997163
0.991095
0.946886
1.02715
0.982592
1.05317
1.05333
1.03355
0.960835
0.980505
0.951075
1.0759
1.01837
0.878669
0.974581
1.03653
1.02656
0.987137
1.03378
1.04631
0.972013
1.00397
1.00172
0.971382
1.00995
0.950122
1.02107
0.942966
0.975677
0.971601
1.02798
1.01974
0.988195
1.01729
1.04797
1.01657
0.955537
1.0451
1.03462
1.02385
1.00983
1.03454
1.00176
1.04021
1.00971
0.987447
1.02506
1.06454
0.976267
1.01222
0.985257
0.957538
1.03198
0.957986
0.995335
0.98089
1.02099
0.959756
0.965804
0.956551
1.00047
0.981585
0.988017
1.01637
1.02966
1.00952
1.05136
1.04335
0.996998
1.0488
0.951888
0.985693
0.958321
1.05147
0.919477
0.987195
1.01865
1.01016
1.01673
0.979732
1.00686
0.972013
0.908125
1.00394
0.984928
1.07081
1.03859
0.965414
0.989896
0.945558
0.988356
0.941769
1.03114
1.04387
0.970751
0.974657
1.0257
0.986491
0.966
1.04059
1.05266
1.01963
0.971449
1.00057
0.967326
1.00545
0.988758
1.05612
0.996786
0.991481
1.00765
1.00598
1.01457
1.02109
0.972066
1.01372
1.01036
0.975402
1.06696
1.00292
1.03978
1.00963
1.01159
1.05366
0.996884
0.965599
0.992047
0.962081
0.933755
0.929947
0.963813
0.945904
0.992236
0.945956
0.989634
0.979578
0.981834
0.972109
1.03784
0.902696
0.948793
1.00568
1.04158
1.02472
0.973533
0.951413
0.923591
1.01351
1.07067
0.943263
1.00158
1.04
0.959458
0.902026
1.00148
0.977798
1.00548
0.982764
1.01146
0.991542
1.03329
0.988545
0.991504
1.05731
1.04077
0.965751
1.00783
0.997015
1.04002
0.965534
1.0192
1.01831
0.94947
0.985419
1.04944
0.958083
0.996322
1.00618
0.949676
1.02246
1.00108
0.977133
1.03568
1.00959
1.01542
1.0442
1.00462
1.00719
0.913397
0.947975
1.00755
0.97669
0.99121
1.07125
1.07658
1.02229
0.972745
0.980729
0.929736
1.00794
1.02931
1.07693
0.987676
1.04705
1.00358
0.96743
0.964915
0.975948
0.988243
0.931542
0.952354
0.995341
0.956837
1.02663
0.977423
1.02331
1.06429
0.978732
0.9555
0.979201
0.959544
0.937841
1.01286
1.05963
0.944224
0.955987
1.00704
1.01687
1.03089
1.00586
0.970506
1.00139
0.982094
0.990993
0.998354
0.973975
0.978369
1.02724
0.964619
0.993356
1.04044
0.971072
1.04222
1.06966
0.991027
1.0749
0.978642
1.01346
0.998088
0.945306
1.01697
0.98958
1.00803
1.00225
0.989628
0.986716
0.977023
1.00499
0.970366
0.997448
1.01147
1.01183
1.01079
1.06281
1.00386
0.986492
1.10426
0.964464
1.04786
1.02987
1.02111
1.02391
0.948465
1.02786
0.92632
1.01167
1.03168
0.978434
0.948925
1.10884
0.944196
0.954417
0.972751
0.996006
0.985704
0.967613
0.970851
1.02278
0.934707
0.945054
0.997272
0.986788
1.08205
0.953942
1.06742
0.97412
0.968017
1.04119
0.998384
0.992129
0.976038
1.07193
1.02577
1.00348
0.98443
1.01162
1.04925
0.978465
1.03604
0.980721
1.03413
1.00033
1.06215
1.02329
0.981245
1.06412
1.03842
1.06161
0.967375
1.02012
0.971962
0.987143
0.968275
0.958753
0.953336
1.01076
0.968915
0.937325
0.996609
1.03864
0.990242
0.920153
1.02456
1.00768
1.04306
0.977591
0.919993
0.99161
0.957821
0.937141
1.01483
0.993666
1.00405
1.04356
1.00876
1.01539
1.02091
0.940425
1.04766
0.979268
1.03875
0.995425
0.990619
0.974353
1.03223
0.983454
1.04106
1.03585
1.02616
0.996523
1.03918
0.997052
1.0203
1.01774
1.01125
1.05999
1.01045
0.997557
0.973592
1.02217
0.960145
0.982854
1.00109
1.0341
0.985447
1.00664
1.02779
0.942179
0.989704
1.06731
0.965176
1.06895
0.967852
0.996276
0.964012
1.00954
1.00722
0.985657
0.969063
1.02135
1.06439
0.989999
0.955044
0.997051
1.04831
1.01515
0.93917
1.03185
1.0421
1.0211
1.01267
1.00915
1.03837
0.94742
0.955982
1.01598
0.977968
1.01899
0.986776
1.00149
1.00563
1.01117
1.01233
1.00156
1.01066
1.00376
0.974461
1.01838
1.0508
0.952378
0.946885
1.00225
0.992873
0.978388
1.02608
1.00443
1.00921
1.00602
0.999119
0.962129
1.05364
0.954609
0.979956
1.00716
0.991232
1.01364
1.06412
0.984162
0.929335
1.07992
1.03735
1.00002
1.00253
1.02027
1.03721
0.976803
0.966477
1.02362
1.07235
1.04999
0.973322
0.970332
1.04538
1.03378
0.969095
0.957327
1.02194
0.998884
0.961911
1.04144
1.02415
0.977349
0.976739
1.00218
1.01051
1.00147
0.983902
0.99247
1.02701
1.00458
0.998392
1.02239
0.97002
1.01498
0.993301
1.05912
0.96399
1.05878
1.00647
0.992446
1.0552
1.03646
0.980052
0.994183
1.02854
0.98811
0.969459
0.949091
1.08804
0.938502
0.976076
1.00213
0.984979
1.08679
0.964978
0.944408
0.968801
0.958177
1.02343
0.947936
1.06183
0.934322
1.09546
1.09263
0.948631
0.956
0.973553
0.97852
1.04226
1.02527
0.973063
0.930951
1.00415
0.966323
1.02597
1.00851
1.03742
0.953154
0.984273
1.03551
1.03435
0.998388
0.965183
0.960846
0.941783
1.01879
1.03186
1.04539
1.03197
0.986276
1.01321
0.990512
1.01849
0.961501
1.02186
1.0205
1.02576
0.999082
0.906984
1.02261
0.97733
0.963558
0.96466
0.985036
0.975333
0.998991
0.965922
0.930054
0.981835
0.940635
1.10128
0.933034
0.986246
0.93022
1.10761
0.99034
0.966156
1.00911
1.03659
0.998442
0.945518
1.00333
1.04391
0.971212
0.956425
0.943676
1.01666
0.910043
1.00156
0.959027
1.03817
1.01134
1.01431
1.04317
1.02926
1.0147
1.03162
0.916706
0.958744
0.975713
1.00849
1.01862
0.96665
0.997938
1.08088
1.00255
1.04336
0.990477
1.00084
0.983349
1.02069
1.01981
0.996101
1.00297
1.02173
0.957967
1.01062
0.993683
0.976697
1.00734
0.964194
0.979171
1.00374
1.0204
0.989439
0.960097
1.03522
1.0598
0.989193
1.02162
0.990244
0.991486
0.999395
1.04338
1.02712
1.04076
1.10936
1.09088
1.05017
0.99696
1.0003
1.00991
0.99838
0.965606
1.01725
1.01582
0.996376
1.03271
1.0234
0.986176
0.985507
0.97334
1.0336
1.02577
0.996938
1.03982
1.004
1.02732
0.975094
0.960737
1.06145
0.935936
0.939207
1.04061
0.97244
0.996581
1.0089
0.986449
1.05666
1.0123
0.97419
1.00202
0.981571
1.03192
1.06674
1.04098
0.966101
1.01915
1.02886
0.970358
0.943751
1.01602
1.01402
1.02564
0.992466
1.04401
0.97789
0.989598
0.951683
1.02213
1.02209
0.973847
1.01256
0.976459
1.02483
0.943752
1.01148
0.975799
0.991473
1.00967
0.959316
0.928302
1.06533
1.02142
1.00468
1.00174
0.964932
0.983743
1.01298
1.00156
0.982789
1.02658
0.998848
0.997996
1.00331
1.04091
1.03633
0.993356
1.00982
1.0543
0.975245
1.00179
0.962122
0.958254
1.00297
0.916274
0.991547
1.06056
0.961519
1.00567
1.01486
0.976957
1.05347
0.991127
1.02004
0.991285
1.00455
0.987567
0.948243
1.09079
0.97464
0.971752
1.00568
0.927988
1.06065
1.03199
0.997895
1.03793
0.958119
1.0567
1.0168
1.02503
1.02923
1.01122
0.984496
1.02409
0.991092
1.04786
0.962474
0.995978
1.01964
0.945611
1.03167
0.959883
0.989541
1.04065
1.01342
1.05781
0.943211
0.945003
1.01338
0.986993
1.0124
0.978109
1.0049
0.931928
1.01634
1.00898
0.997144
1.00598
0.994544
1.02352
0.966394
0.996492
1.00789
0.99236
1.03355
0.938919
0.968063
0.987142
0.985832
0.994705
0.977675
0.955768
1.01208
0.979538
0.989353
0.974741
0.988127
0.957879
1.05586
0.95427
0.996999
0.967391
0.981395
1.05817
0.973127
0.970735
1.01503
1.05306
1.07584
0.995923
0.954356
1.0334
1.007
0.982675
0.983798
0.971727
1.00074
1.02483
0.984489
0.978697
1.00182
0.973693
0.983904
1.04999
1.04427
0.959373
0.965507
0.986519
1.01331
1.01018
0.990198
0.960347
1.08746
0.952763
0.975573
0.972285
1.00033
0.953272
1.02966
1.03035
1.01858
0.990826
0.901186
1.03036
1.03472
1.02376
1.04156
0.976755
1.01722
0.997621
0.98092
1.03811
0.973926
1.0124
0.992388
0.927065
0.954522
1.0024
0.966339
0.984869
0.975493
0.97746
1.01121
0.96406
1.0471
0.975101
1.03323
0.987627
0.915044
1.03938
1.01757
0.974995
0.977797
1.01191
0.981845
1.01315
1.00089
0.954272
0.974719
1.00814
1.08268
1.03475
0.903176
0.991549
0.955613
0.983199
1.02412
0.990452
0.987252
1.01048
1.03671
0.974089
1.00696
1.04648
0.925451
0.95333
0.989276
1.03211
1.04347
1.0584
1.03869
0.986084
0.993163
1.012
1.01215
0.971461
1.04638
0.9478
0.959194
1.02018
0.992635
1.061
1.10378
0.988767
1.05881
0.994837
0.940552
0.98628
1.02903
0.963135
0.996163
1.02156
1.01019
0.984208
1.02238
1.00077
1.09212
0.992201
1.00886
1.05497
1.01784
0.972647
1.01264
0.959893
1.06441
0.93469
0.978798
1.01017
1.00949
0.996911
1.06992
0.915338
1.00992
0.970873
0.945216
0.99177
1.0097
1.03935
0.967633
0.947101
0.968764
1.01578
1.00401
1.00361
1.07885
0.959197
0.99162
1.01214
1.00664
1.03325
1.0273
0.974519
1.03181
0.967098
1.02579
0.984879
1.06503
0.958502
1.01373
0.935099
0.986206
1.00173
0.976032
1.03718
1.0019
0.988932
1.03306
0.987933
1.06784
1.01139
1.04777
0.957443
0.954536
0.982043
0.9609
0.985537
1.05714
0.978469
0.995742
0.991133
0.978967
1.09463
1.00785
0.969639
1.00981
0.966061
0.996866
0.92046
1.01175
0.970458
1.01491
1.04009
0.959793
1.05259
1.0282
1.01223
0.997782
0.973238
0.996347
0.986036
0.97254
0.983882
1.02039
1.03066
0.967765
1.02273
1.00556
1.00462
0.96788
1.01637
0.971962
0.955584
0.997208
0.974478
0.963372
1.0155
0.953795
1.01433
0.985565
1.01366
0.954328
0.977108
0.986003
1.05092
0.944369
1.00629
1.03067
1.03003
0.996334
0.984713
1.03789
0.969129
0.951896
0.925928
0.984952
1.01427
0.993286
1.00734
1.00712
0.988698
0.973224
1.00233
1.02283
0.952994
1.01194
1.00456
0.974615
0.994962
0.977867
0.921612
1.01526
0.98632
1.02819
1.0033
1.03108
1.01128
1.04194
1.06975
0.918647
0.979492
1.02242
1.04704
1.04584
1.02349
0.974645
0.984977
0.979164
0.99442
1.03541
1.04229
1.03795
0.952672
0.992837
0.970764
1.01305
0.999848
0.986356
1.02133
0.967766
0.962414
0.989647
0.947516
1.03308
1.00692
1.01934
0.972123
0.988109
1.0811
1.02374
0.963717
0.96971
0.941437
0.998854
0.997675
0.924853
0.923791
0.949974
1.01624
0.958259
1.0604
1.04607
0.947079
0.986665
0.998602
1.02044
1.03495
1.01462
1.05046
0.973897
0.971423
1.05919
0.992919
0.94091
1.01868
1.03134
0.974795
0.954771
1.03601
0.99351
0.981553
0.951391
1.00884
1.01669
0.995892
1.04492
1.02711
1.00785
1.00111
1.04389
1.03363
1.09179
1.02242
0.998517
1.01524
0.998183
1.00505
0.979125
1.01489
1.03956
1.02713
1.02432
0.958652
1.00009
0.946374
0.976967
1.04696
0.979437
1.04308
1.04998
0.985282
1.02345
1.03541
1.02612
1.01291
1.01423
0.975343
1.02134
0.914076
0.97232
1.03036
1.01531
1.02506
0.920703
0.992975
1.04911
0.990315
1.05316
1.015
1.0485
0.971441
0.996223
1.01933
0.976629
0.954576
1.0238
1.0357
1.06156
1.02639
0.977277
1.04905
0.94969
0.994397
0.984944
0.974245
0.995288
0.981815
0.983445
0.966905
1.05637
0.961766
1.03589
0.964896
1.00249
1.01307
0.991659
1.04044
1.00213
1.04566
1.03377
0.997809
0.968007
1.07967
0.929413
1.03061
1.01041
0.978717
0.969499
1.0069
1.01197
0.97319
0.962249
1.02815
0.9749
0.969343
1.02618
0.993165
0.967839
0.96461
0.978926
0.994729
0.99303
1.00576
1.04091
0.959208
1.00212
1.0233
1.04686
0.956095
0.985282
1.02894
1.02145
1.10417
0.96776
0.968962
1.03382
0.99495
1.04483
1.01196
1.00817
0.965552
0.982523
1.05884
0.988036
0.970979
1.01254
1.00279
0.917813
1.01892
0.975901
1.01518
1.0243
1.03026
1.01899
0.964928
0.986503
1.0889
1.02913
0.991681
1.01837
1.05883
1.05798
1.01128
0.983332
0.95598
1.04505
0.960739
1.03109
0.973819
0.940694
1.0284
1.03292
1.0034
1.00392
0.901077
0.984882
1.03584
0.932792
1.06083
1.03207
0.992106
1.01239
1.00451
0.967736
1.03612
0.998378
0.992226
0.980559
1.04308
0.937341
1.00742
0.959843
1.01947
1.00097
0.972113
0.950873
0.974288
1.03008
1.01614
1.07953
1.07287
1.06241
0.987375
1.0836
1.02128
0.896849
0.979404
0.936558
0.990793
0.984961
1.02807
1.03264
1.00614
1.00555
1.00205
0.964147
0.990057
1.00322
0.95881
0.953709
0.965703
0.974139
1.02285
0.97696
1.01774
1.05803
1.03634
0.949863
0.99439
1.04612
0.959696
0.970778
1.04509
1.04259
0.935717
0.951368
1.04607
0.986931
1.02543
0.963743
1.01642
1.02897
0.989598
1.01653
1.03756
1.05215
1.00477
0.990507
1.00798
1.01366
0.949028
0.993542
0.941693
0.990993
1.02685
1.01956
1.01332
0.959425
0.961238
0.998444
0.899249
0.967379
1.01034
1.00658
0.967438
1.00597
0.98067
0.991348
0.994849
0.926931
0.92565
0.995316
1.02088
1.03084
0.93439
1.01398
0.936039
0.938908
1.08562
0.997542
0.957517
0.936751
1.03968
1.00583
1.07566
1.02859
1.03498
1.04361
1.00968
0.944047
0.991979
1.08049
1.03953
0.972186
1.00033
0.944801
0.990637
0.953645
0.998918
0.939088
1.0244
1.01038
1.0178
0.932268
0.972757
0.95988
1.06034
1.00466
0.980236
1.04088
1.02192
1.02093
1.07859
0.982302
0.975646
1.02362
1.08626
0.911693
1.02604
1.07465
0.976891
1.01101
0.94534
1.03619
0.999295
0.957997
0.986181
0.989231
1.00545
0.986046
1.00592
1.03883
0.970365
1.00721
1.00312
0.972611
0.968793
0.99735
0.99374
0.963168
0.966921
0.956282
0.981631
1.00614
1.00954
0.988048
1.009
1.01253
1.04175
1.02523
1.0038
1.08836
1.0199
1.05199
1.02801
0.991445
1.02802
0.966109
1.0094
1.01614
0.999765
0.998972
1.11913
1.02233
0.994551
0.99137
1.03495
0.996167
0.963328
0.996208
1.06167
1.00611
1.04271
0.921049
0.991697
1.08822
1.01779
1.05505
1.04861
1.02783
0.997655
0.966393
1.05231
1.01735
0.989591
1.02423
1.02678
0.960992
0.991402
0.968681
0.982175
1.06008
1.05589
0.968742
0.997778
1.02893
0.97059
0.97644
1.00018
0.975633
0.992054
0.938938
1.00241
0.963878
0.982029
0.938647
1.0007
1.01039
0.990988
1.01916
1.0688
0.992038
0.95456
0.972373
0.966345
0.982478
1.03807
1.00536
0.98863
0.99386
0.998584
0.954021
0.973032
1.05211
1.01659
0.927722
1.02826
1.01802
0.994834
1.06932
1.00388
1.00469
0.975428
1.03714
0.990747
1.02335
0.982274
0.986321
1.03159
0.918776
0.961315
1.03349
0.961043
0.936454
0.958691
0.998537
1.02849
0.990355
1.00255
1.07997
0.999971
1.0406
0.998462
0.979367
1.00387
1.00768
0.963414
0.957654
1.00718
0.949107
1.02945
1.04857
0.981984
1.037
0.939533
0.986305
1.00846
1.0262
0.939199
0.963318
1.00818
0.937943
0.979471
1.07293
0.932625
1.02705
1.01024
1.00814
0.942975
1.01111
0.969201
1.01687
0.965703
1.01883
1.0207
0.969327
0.976974
0.992698
0.99213
1.04507
1.03147
0.99465
1.05984
1.00126
1.00044
0.994859
0.982541
0.963505
0.948959
1.05733
1.02086
1.05355
1.03989
1.05402
0.972051
1.01559
1.04602
0.981092
0.967722
0.980936
1.00199
1.01294
0.999559
0.986626
1.03688
1.02256
0.996843
1.03681
1.04351
1.02408
1.06595
1.01569
1.01866
0.969938
1.05044
0.929703
1.03416
0.97639
0.958883
0.958218
0.955215
0.975132
1.07536
1.00297
1.01067
0.974774
1.01232
0.956837
1.06058
1.01971
1.00709
0.979549
1.01113
0.943294
1.01365
0.922418
1.03206
0.963498
0.987175
0.988551
0.97418
0.99635
0.990318
1.07595
1.00209
1.03236
1.06147
1.04854
1.00778
1.00612
1.06723
1.05033
0.976348
0.922634
0.991455
1.0404
0.995245
1.00173
1.00188
1.02106
1.04242
1.02772
1.0495
1.01628
0.983788
0.971786
1.06218
0.982392
0.9945
0.999217
1.00506
1.10039
1.00542
0.962952
1.0248
0.972819
1.02881
1.00918
1.04457
1.01607
0.969664
0.964148
1.03308
0.981808
0.960645
1.03158
0.963673
1.02304
0.934353
0.999774
0.962256
1.00829
0.973197
0.943732
0.955347
1.01685
1.03806
0.976686
0.986565
1.02344
1.00609
0.984311
1.02987
0.996866
1.03377
1.03812
1.03853
1.02503
0.989093
0.922745
1.00316
1.01576
0.994057
0.992908
1.01688
0.960284
1.0077
1.00143
1.00216
0.994206
0.961294
0.976664
1.00795
0.949474
0.99184
1.04386
1.07156
1.01715
1.0311
0.968407
1.02005
1.03959
1.04017
1.00301
0.953548
1.0106
0.966671
0.975488
0.96378
0.950167
1.04158
0.984002
1.04217
1.04463
1.00706
1.0115
1.02272
1.05713
0.986207
1.00743
0.972745
0.979375
1.02825
1.01377
1.05171
1.03078
0.99493
0.947255
0.921433
1.01076
0.962839
0.967998
1.00488
1.01193
1.00154
0.986095
1.01267
1.04189
0.953144
0.944632
0.973493
0.976294
1.02093
0.976276
0.981342
1.013
0.98698
0.974674
1.01039
0.999082
0.972115
0.935617
0.975679
1.04813
0.997434
0.995046
0.994001
1.03869
1.00488
1.00808
0.960289
1.00893
1.01246
1.01729
0.963523
1.0281
0.99451
0.993253
1.02513
1.0389
0.99053
0.963138
0.982893
1.06235
0.960609
1.00637
1.01569
0.999961
0.989189
1.01872
0.943196
0.990531
1.0381
0.973523
1
1.01228
0.978283
0.963885
1.01213
0.96606
0.996618
0.995793
1.002
0.967204
1.02126
0.998702
0.932251
0.962856
1.00412
1.03339
1.04969
1.0835
1.00908
0.995276
0.989513
1.00514
0.97925
0.993347
0.963096
0.964839
1.0854
0.99569
1.03619
0.928566
1.0562
0.993926
1.01199
0.994433
0.973533
1.03536
0.988246
0.969863
1.03568
0.992216
1.01703
1.02087
1.02709
1.00352
0.95898
0.973025
1.07083
0.97123
0.979166
1.01216
0.993265
1.08109
0.999335
0.928317
1.04847
1.0429
0.973431
1.0246
1.0024
1.0214
1.0568
1.0161
0.993881
1.0219
1.06361
0.974569
0.989743
0.984007
0.969244
0.959256
0.95016
0.973753
0.992272
1.03657
1.00398
1.01282
1.01305
1.02633
0.992581
1.02378
0.983538
0.996553
1.0008
0.96415
1.0032
0.982878
0.987406
0.998736
0.93093
0.965497
0.975305
1.01211
0.945713
1.00387
1.01334
0.987983
1.04402
0.981547
1.03792
0.964367
1.06472
0.987099
0.987927
1.0027
0.930382
1.01642
1.01201
0.951293
0.968712
0.993928
1.0465
1.03175
0.956473
1.04328
0.999778
1.02105
0.974344
1.09023
1.00194
1.06343
1.06237
0.986414
0.944492
1.02485
1.00796
0.955465
1.03639
0.941171
1.00419
0.949431
1.01172
1.02466
1.07012
0.96592
0.974619
0.960921
0.974675
1.05994
1.00141
1.04535
1.05645
0.999738
0.996646
1.01399
0.973254
0.99145
0.936333
1.01945
0.999227
0.956098
1.02561
0.988198
0.996868
1.03502
1.02488
0.947876
0.986591
0.995113
0.985421
1.00886
1.02225
1.02816
1.02365
0.97531
1.0758
0.957766
0.992752
1.05771
0.964128
1.04295
1.03135
1.02343
0.950627
0.968947
1.00841
1.02073
0.959628
1.00877
1.05011
1.00122
0.994294
1.02179
1.01805
0.942579
1.02437
1.00525
0.965977
1.00572
0.946834
1.00134
0.963193
0.970629
1.02285
0.991362
0.936806
1.02325
0.9701
0.982349
0.98856
1.00192
0.960586
0.947373
0.96616
0.980123
0.988601
0.995918
0.989415
0.947614
0.997756
1.02201
1.00411
0.976022
1.01761
1.01812
1.01305
1.03401
1.02137
1.00972
0.996692
1.01102
0.986846
0.985025
0.930614
1.0024
0.967096
1.0844
1.08458
0.98054
0.924768
1.04635
1.01826
1.01172
1.04479
1.0042
0.919752
1.01185
1.02483
0.990624
1.07699
0.990155
1.00573
0.983421
0.998092
0.897657
0.982049
1.02337
0.927979
1.00858
0.961197
1.02088
0.922883
1.03563
0.947456
1.04424
0.977738
0.961464
1.02149
0.946663
1.01977
1.0083
1.03786
1.05732
1.03178
0.982509
1.01508
0.963031
1.05665
1.04385
0.991082
1.01684
1.02288
1.01799
0.966251
0.979111
0.96874
1.09489
0.954402
1.06286
1.00743
0.982667
0.951414
1.05122
0.986265
0.990526
0.993453
1.03098
0.987223
1.00464
0.964465
1.00398
1.00239
0.991215
1.03272
1.03179
0.980281
0.948028
0.993165
0.978812
0.971385
0.94862
0.987899
1.01716
0.935986
0.998705
0.971484
1.07618
0.95187
0.999383
1.0125
0.975886
0.962512
1.0403
1.07001
0.965705
0.960159
0.992597
0.971866
0.959437
0.974675
0.970358
0.998029
1.00234
0.98502
1.02088
1.02105
1.03282
1.04203
0.997647
1.0674
0.932772
1.03717
1.04947
1.0328
1.00314
0.989857
1.02744
1.00582
0.981706
0.961761
0.986497
0.987543
0.881348
1.02007
0.99123
1.04938
1.03449
0.941621
0.9592
0.984761
0.955108
1.00558
1.03972
1.06048
1.01563
1.01955
1.0242
0.935434
0.977974
0.972002
1.01953
0.991592
1.03661
0.988584
0.961906
0.97556
1.00961
0.981609
0.989552
1.05171
0.943705
0.959072
0.992605
1.0217
1.01982
0.969384
1.02184
0.971795
0.978007
0.982333
0.969417
1.03035
1.04179
0.974889
0.986982
0.965503
1.00075
1.09413
0.946641
1.04949
0.944038
1.01893
1.04708
1.02996
1.03056
0.961295
0.983802
0.980024
1.01799
0.974018
0.999991
0.938475
0.956099
1.03206
1.01901
1.00997
0.967201
0.952836
0.976191
1.02151
0.960817
1.01358
1.00242
0.948869
0.931882
0.985772
1.01473
1.00694
0.957062
1.03254
0.99051
1.03205
0.977734
1.03234
1.04925
0.93983
0.923683
0.967964
1.03089
1.02593
0.989108
1.0092
0.975256
1.03422
1.03847
1.00242
1.02447
1.06378
1.00795
0.982166
0.96967
1.03459
1.03332
1.00902
1.0101
1.04833
0.974264
1.02194
0.882879
0.988377
0.988665
0.983882
1.02438
0.979404
0.999574
1.10478
1.0557
0.943827
1.01024
0.995746
0.989273
0.996631
0.957359
1.04376
1.03406
1.0049
0.970617
0.994394
0.986537
1.03989
1.08031
0.998111
0.990322
1.03175
0.993009
1.00818
1.01732
0.990595
0.949771
1.06162
0.948048
1.01503
0.974579
1.00129
1.04351
1.00445
0.978512
1.0376
1.01716
0.943427
1.0156
0.963863
1.0285
1.01368
0.962236
0.987545
0.994775
0.965912
1.03998
0.944048
0.974999
0.928597
1.01288
1.01002
1.01978
0.946476
0.977805
1.03868
1.01969
1.0378
0.98927
1.02334
0.972848
1.03194
1.03732
0.98575
0.997659
1.07414
1.00203
0.951212
1.05447
1.01059
0.969899
0.958388
1.02964
0.976184
0.938205
1.00275
1.03426
1.05326
0.996679
0.960084
0.997016
1.02348
0.970713
0.963216
1.03176
1.01621
1.05725
0.964766
1.01667
1.06889
1.03373
0.992666
0.947185
0.957328
0.970722
0.910542
1.00547
1.037
1.0007
0.942182
0.983907
1.00308
1.00873
1.04131
0.97372
0.995599
1.00261
1.00846
1.02069
0.962393
1.00134
0.975803
1.04258
0.993996
1.02855
0.924924
1.0037
1.00819
0.99406
1.04503
1.01418
1.03105
1.01044
1.01694
1.00391
0.995722
1.0217
0.965516
1.01448
1.01899
0.898678
0.993071
1.07689
1.02662
1.03884
0.989664
1.04452
0.947931
0.984244
0.967184
1.02358
0.985161
1.0189
0.988773
1.0417
0.990305
1.02518
1.02062
0.996199
1.00461
0.98052
0.978815
1.01735
1.05295
0.959754
0.988359
1.0336
1.00492
0.98346
1.02428
0.997522
0.99917
0.999883
1.07228
1.01066
0.985126
1.0263
0.991717
0.959153
0.985795
0.932261
0.923785
1.06607
1.00525
1.01027
1.0248
1.02274
1.00607
0.95852
1.04602
0.977263
1.03966
1.02565
0.968933
0.96512
0.958519
0.979423
0.979456
0.98631
1.01102
1.03649
0.910585
1.02344
1.01064
0.960041
0.997772
1.0604
0.967543
1.06769
0.984957
0.980993
1.01642
1.0009
0.974152
0.998074
1.02904
1.01112
0.991771
1.00163
1.00949
0.977399
1.04486
0.977438
0.961097
0.97177
0.972912
1.01435
1.04179
1.01829
1.02427
1.02741
1.02265
1.03221
0.982983
0.988
1.02145
0.975979
1.01074
0.979974
0.988315
0.958747
0.97098
1.07347
1.02071
1.03279
0.960168
1.08621
0.966714
1.01765
1.0006
0.994601
1.00604
0.969782
1.01012
1.02042
1.00058
1.01359
0.98011
0.970453
1.02614
0.983207
1.01034
1.0121
1.05831
1.12043
1.01237
0.96183
1.02092
1.02432
1.00365
0.956289
0.971957
0.957647
0.970104
1.02694
0.956393
1.00641
1.02541
0.948563
1.00609
1.03554
1.04069
0.988378
1.02176
0.991503
1.04972
0.982937
1.00779
1.01759
1.00608
0.999969
0.939691
1.00759
0.93777
1.05826
0.971331
1.01752
0.97797
0.986179
1.05026
0.974472
0.936067
0.938522
0.99795
1.00533
0.968258
0.962578
0.958714
0.932991
1.03073
1.05492
1.12547
1.0593
1.01572
0.990927
0.990326
0.968974
1.04382
1.01704
0.957353
0.967069
1.03628
1.00012
0.974569
1.055
0.978675
1.00728
1.01511
1.055
0.984009
0.944129
1.01816
1.00384
1.0224
0.979156
0.989407
1.02004
0.997938
0.984222
0.99248
1.08506
0.973848
1.00902
0.931573
0.949627
0.94052
0.985804
1.0091
0.995312
0.99398
0.997987
1.08144
1.07402
0.953768
0.991224
0.993312
1.00765
0.998373
1.05715
1.04031
0.968344
1.00284
1.06524
0.96835
1.07099
0.95737
0.988752
0.992672
0.946491
1.04275
0.997002
1.00575
1.00974
0.995746
1.01062
1.0136
0.981671
1.00731
0.988087
1.01609
0.968847
1.00672
1.07124
1.00402
0.974291
0.982536
0.994786
1.056
1.01771
1.02096
0.988142
0.984988
0.9492
1.03258
0.982195
1.00551
1.03046
1.02937
1.01068
1.01665
0.992374
1.03247
0.968224
1.02235
1.04598
1.06958
1.00365
1.00874
0.930577
0.975622
0.991662
0.990486
1.0127
1.07386
0.937725
0.958722
0.966875
1.02048
0.969807
1.04358
1.01027
1.01838
1.04776
0.981198
1.04536
1.01177
1.00732
1.0391
1.00087
0.94531
1.00415
0.965645
1.02617
1.08066
1.04827
1.0471
1.05855
1.00236
0.927672
1.00385
0.96
1.02407
0.986926
0.982951
0.969748
1.02385
0.963834
0.952153
1.0066
0.979612
1.05636
1.01889
1.07672
0.980349
1.00636
0.999216
0.962922
1.02436
0.99962
0.919729
1.01293
0.985901
0.980028
0.987935
0.99787
0.96722
1.08683
0.940108
0.968205
1.03171
0.996318
0.968582
0.915221
0.960117
1.02395
0.994103
0.933391
1.08275
1.0128
1.01198
0.961269
1.01887
1.00808
1.03053
1.03056
0.957626
0.967654
0.911749
0.960789
1.01143
1.04124
1.01721
1.07653
1.02187
1.04751
1.0344
1.00031
1.02056
0.990514
0.97183
0.989991
1.03844
0.981183
1.02093
0.963875
1.01834
0.953806
0.963561
0.989738
0.977186
1.00177
0.994073
1.05174
1.00746
0.947757
0.980817
1.01408
1.01396
1.0143
0.99937
1.02096
0.970473
1.00556
1.0365
1.0696
1.01504
1.00414
1.01319
0.990416
1.02966
0.955166
0.986743
1.02809
0.970805
1.05745
0.969789
0.929404
0.966113
1.04632
1.04288
0.982912
0.992929
0.97029
1.00085
1.01245
1.02496
0.987144
1.02413
1.08665
1.03713
0.941717
1.05413
0.994284
1.00712
1.04439
1.01214
0.921212
0.970638
1.04604
1.05705
0.991576
1.00478
0.972956
1.01186
1.02491
1.01985
1.00698
1.02353
0.964601
1.05628
0.935523
0.998787
1.0492
1.00286
0.953469
1.00131
0.974554
0.987421
1.026
1.02539
0.985767
1.02408
0.999907
0.958391
0.9915
0.93111
0.994857
1.02042
1.03621
1.01551
1.09001
0.999026
0.97523
1.02915
0.954574
0.963864
1.01412
0.967362
1.02818
0.985183
0.971597
0.97743
0.995508
1.03259
0.992079
0.987212
1.01627
0.966245
1.01692
1.06327
1.05301
1.02914
0.966826
1.04166
0.981756
0.99356
1.07874
1.01667
1.00296
1.04853
1.00443
1.02787
0.918959
0.951317
0.983709
0.986151
1.01645
0.982686
1.01112
1.02654
1.01752
1.02485
1.0415
1.00126
0.974721
1.01334
1.03427
1.03352
0.997097
1.01687
0.987076
0.975046
1.00837
0.901243
0.981588
1.06307
0.974511
0.998897
1.00272
0.971086
1.04952
1.00032
0.989026
0.967271
1.0027
0.987575
1.00566
0.99263
1.01548
0.938082
0.891453
0.960022
0.939923
0.940488
0.989015
1.00381
0.999829
0.990531
0.991119
0.9788
1.01198
1.02668
0.99348
1.00115
1.02683
0.989903
0.983127
0.960748
1.02009
0.994141
1.02763
0.966062
1.00315
1.00805
1.01226
1.04495
1.03486
1.00532
0.961225
0.987732
1.06427
0.948971
0.988242
1.02575
0.959356
0.971622
0.983642
0.995557
1.01765
0.993374
0.977281
1.05915
1.03219
1.03309
0.996439
1.02431
0.964311
1.06974
0.981326
1.04205
0.989444
0.993503
0.961662
1.05231
0.937264
1.05695
0.947463
1.02783
0.992862
1.02625
1.04112
1.04069
0.966535
1.01559
0.948316
0.998469
0.963296
1.02226
0.994954
1.05819
0.955299
1.00607
0.988877
1.00996
0.890139
1.0547
1.0457
1.03277
1.0008
1.00684
1.03338
0.995403
1.00628
0.96503
1.02682
0.888702
0.952539
0.997527
1.00569
0.985619
0.959946
1.02456
1.01771
0.971792
1.00654
0.978306
0.968135
0.957729
0.993869
1.00807
0.962518
1.00744
1.02947
1.01654
0.939237
1.00147
1.01162
0.993418
0.942161
1.00806
1.04906
1.01057
0.994012
1.02781
0.968372
1.02771
0.971587
1.01322
1.01409
0.992979
1.00858
0.974803
1.02839
0.983803
0.955545
0.991964
1.01871
0.97143
0.999968
1.0153
0.984438
1.06143
1.02391
0.988182
1.02273
0.913765
0.984688
0.974075
1.05311
1.06636
0.955269
0.96331
1.00497
0.998886
1.01453
1.00417
0.981799
1.01398
1.01151
1.02594
1.05222
0.977987
1.00091
1.03319
0.949584
1.04482
0.982594
1.00858
1.10395
1.00263
0.952994
0.972048
1.03313
0.969451
0.934712
1.04786
1.00695
1.04607
0.980018
0.983246
0.997422
0.967235
0.946316
0.996928
1.04269
1.04781
0.972794
0.946319
1.01836
1.02768
1.0065
1.00345
0.947565
0.990618
0.992744
0.958833
0.946159
0.994182
1.00671
0.983579
0.958847
1.02448
0.96224
1.04274
1.03454
0.978061
0.967446
0.984403
1.00052
0.975106
1.02011
0.989031
0.999409
0.997503
0.988573
1.01877
0.960768
1.02768
0.99243
1.01636
0.993325
0.998731
1.02033
0.955304
1.02146
0.99203
0.97964
0.958363
1.00578
0.990667
1.00252
1.01955
1.07876
1.00847
0.965038
1.03952
0.986502
1.01728
1.00217
1.00824
0.964569
1.03341
0.971572
1.01029
1.05311
0.980403
0.977992
1.03756
1.04046
0.977996
0.932569
0.972016
1.04348
1.08286
1.03184
0.991492
0.992849
0.953518
0.975705
0.979675
1.01606
0.930536
0.99292
0.954499
1.00402
0.991494
1.05606
0.947985
0.981635
0.943724
1.02026
0.998834
1.04035
0.968073
1.00691
0.965744
1.00332
1.00551
0.917775
0.983617
0.995725
1.04553
1.01784
0.989425
0.977525
1.0218
0.986702
0.97835
1.01406
1.01874
1.10814
0.949139
0.975216
0.977134
0.970147
1.00436
1.03707
0.98188
1.06825
0.974169
0.993102
0.982507
1.04549
0.945936
1.03648
1.00878
1.01744
1.00828
1.01234
1.01221
1.03536
0.998305
1.01849
1.00786
1.04103
0.999318
1.08583
1.03537
1.0045
0.99728
0.945055
0.995664
1.03373
1.02979
0.969142
1.02519
1.00316
1.00719
0.99711
0.981
1.01347
1.02888
1.01245
1.01316
0.940684
1.03261
0.995964
0.972949
0.981164
0.960613
1.02357
1.06428
0.951716
0.986306
0.986833
1.00503
1.00952
1.02245
0.956502
0.978798
0.991578
0.924461
1.08998
0.943862
0.958684
0.980463
0.968389
0.957269
1.02901
0.980277
1.00595
0.989725
0.98578
0.964695
1.01251
0.924567
0.997491
1.02597
1.00602
0.956785
1.01103
0.968392
1.02101
1.0159
0.994712
0.975185
0.968756
0.984747
1.02415
0.986724
0.996008
0.955539
0.997673
1.04327
0.95046
0.972809
0.960499
0.955158
0.984878
0.961963
0.992036
1.03957
1.03695
0.988211
0.97956
1.05206
1.02689
0.973117
1.03128
0.971071
1.08642
0.979445
0.99787
1.02222
0.973626
1.0541
0.956279
0.915943
0.946948
0.995106
0.995206
0.959963
1.024
1.05679
1.00629
1.02311
1.06891
1.0151
1.00734
0.961227
0.99029
0.944483
0.987383
0.952707
0.983245
1.05217
1.03435
1.02057
0.977793
1.02943
0.969306
1.01787
1.00823
1.00102
1.04431
1.0438
1.02951
0.930012
1.02076
0.979056
0.974575
1.02285
0.947777
0.970212
1.04934
1.01757
0.968882
0.976104
1.01358
1.00787
0.957832
0.974708
0.960964
0.907945
0.995266
0.987851
1.01206
0.972071
1.03248
0.974626
0.954766
1.03368
1.01106
1.04294
1.00287
1.02192
0.995699
1.07973
0.974261
0.989144
1.07111
0.996702
0.969445
1.00357
1.0024
1.00132
1.07057
0.960101
1.00367
0.955391
0.926066
0.980903
0.970529
1.03839
1.00302
1.0394
0.989002
1.05314
1.00323
1.02692
1.03199
0.982484
1.01106
0.981914
0.985139
1.01929
1.01897
0.883108
0.998019
1.02958
1.00309
1.04643
0.986692
0.983787
1.05403
1.01698
1.01292
0.92531
0.978898
0.948046
1.06515
0.957438
0.994282
0.999807
1.03302
0.968684
0.967893
1.06334
1.01861
1.05599
0.96324
0.970555
0.981036
0.966998
1.03209
1.02062
1.02239
1.005
0.965869
1.07385
0.961219
1.01588
0.976828
0.969546
0.982262
1.00824
0.993853
0.963448
1.07275
0.971245
0.937931
0.973949
0.996589
0.97007
1.04809
1.00156
0.976398
0.936158
0.991509
0.968297
0.938993
0.967162
1.06595
0.951313
0.996939
1.00788
0.977554
0.988389
1.03176
0.968485
0.982779
0.972981
1.0424
1.08784
1.00414
1.03229
1.00606
0.950225
0.983948
0.957794
0.989097
1.00609
1.05076
0.99917
0.976955
0.930258
1.0539
0.973443
1.02578
0.991215
1.00451
1.0048
0.975785
0.979686
1.01877
1.03481
1.03314
0.997224
1.04973
0.971086
1.00404
0.982314
1.01635
0.962407
0.973513
0.990067
0.976213
0.983006
1.02216
0.997928
0.98951
1.01517
1.06327
1.04045
1.08722
0.961793
0.990222
0.974708
1.07077
0.981152
0.979929
1.0063
0.994715
0.96502
0.969637
1.02679
0.923321
1.04658
0.989005
0.948061
1.00265
1.01157
0.955113
0.955352
1.00313
0.943673
1.0706
0.993608
1.03081
0.985889
1.01676
1.0107
1.01432
0.989375
1.02282
0.985622
1.02182
1.03902
1.04983
0.939639
1.01457
1.00671
0.985415
0.99901
1.03945
0.970265
0.98244
1.02662
0.994293
1.01318
1.00315
0.980238
1.06008
1.00494
1.01239
1.00286
0.985263
0.961413
1.02147
0.945591
0.937301
1.00055
0.99483
1.0345
0.974871
1.06236
1.01026
1.01532
0.968052
0.988106
1.01643
0.928038
0.987438
1.01287
0.980702
0.991955
1.02807
0.985853
0.988086
0.978988
0.958168
1.02896
0.981948
0.93801
0.995385
0.996148
0.935349
1.01427
1.00881
0.958782
0.942628
0.980467
1.0149
0.954476
0.962812
1.04312
0.980543
1.03292
1.00038
1.01113
1.03676
1.01201
0.981355
1.00194
1.03689
0.989479
0.994319
1.00985
0.978903
0.949777
0.928389
0.996452
1.00617
0.993459
1.07317
1.0103
1.0185
1.03262
0.976078
1.02606
1.01502
1.03758
0.996118
1.07016
0.949402
0.970022
1.03226
0.915363
0.980717
1.00801
1.03972
1.01343
0.960648
1.04651
1.05534
0.963863
0.982023
1.00513
1.04424
0.929073
1.01225
1.03223
0.917806
1.00385
1.01999
1.03825
1.03765
1.06018
1.00325
1.02438
0.966889
1.03259
1.02544
0.997296
0.964422
0.954269
0.927129
0.965439
1.00161
0.99972
0.917986
0.942249
0.95714
1.02613
1.01816
0.981279
0.945853
1.02275
1.04506
0.961084
1.06228
1.04851
1.03199
0.991767
1.05218
1.02248
0.980883
0.99157
0.972615
0.942068
0.977388
1.00738
1.0047
0.974432
1.01922
1.04192
0.975021
1.06579
1.06258
1.00465
0.957911
1.03124
1.04257
1.01396
1.00046
0.984556
1.0011
0.991902
0.984915
0.97538
0.982075
0.950064
1.02307
1.02925
0.982876
1.03253
0.98007
1.01296
1.01491
0.979598
0.996421
0.968614
0.941589
1.00786
0.993892
0.982683
1.03759
1.03992
0.99731
1.04427
0.982026
1.02148
1.01225
1.01318
0.985535
0.994037
0.993692
0.975816
1.00171
0.99098
0.96417
1.00127
1.00554
0.976119
0.947992
1.04673
1.0251
1.0077
0.971239
1.00728
0.931575
1.00607
1.04692
0.935132
1.01564
0.9616
0.963118
1.03168
1.03376
1.00071
0.988651
0.985656
0.947299
1.01927
1.0812
0.977246
0.998155
1.00097
0.983156
1.05181
1.03324
0.944208
1.00395
0.978313
0.981306
0.973071
1.05112
1.00813
0.991232
1.01658
1.00625
1.02025
0.989231
0.995936
0.940591
0.982626
0.995211
0.987577
0.963248
0.9896
0.967081
1.02333
1.0196
0.995701
1.03685
1.00707
0.991818
0.99281
1.03069
0.945786
0.943255
1.01495
1.02427
0.992069
1.05856
1.03081
1.0829
0.970545
1.01981
0.996032
1.0112
1.01298
1.05551
1.01558
1.03093
1.01573
0.969454
1.05303
0.98748
1.01735
1.01061
0.963992
1.00108
0.994808
1.02676
1.00589
0.98482
0.989326
1.03592
1.00754
1.0397
1.01109
0.978292
0.996224
0.944103
1.01732
0.97494
0.927368
0.968464
1.00383
1.03635
1.04697
1
0.956976
0.955851
1.00263
0.995432
0.990842
0.978117
0.971979
0.918504
1.00226
1.00729
0.934023
1.02403
1.03849
0.991499
1.04819
1.01065
0.991716
0.946752
1.05514
1.00244
1.02151
1.04245
0.974827
0.951772
0.958508
0.986367
1.00226
0.989487
1.03449
0.977266
0.963955
1.04691
0.990202
0.960863
0.995395
1.03538
0.982299
1.01461
1.04514
0.954831
0.946367
1.01713
1.01093
0.926993
1.04292
1.0392
1.01971
0.96132
0.998241
1.01974
0.987052
1.01188
1.00482
1.00249
0.983199
1.02715
0.978014
0.984239
1.00231
1.04585
0.967997
1.0046
0.99536
0.988534
0.875074
1.00753
1.01449
0.972653
1.03022
1.00088
1.01164
1.02255
0.954193
1.03005
0.982981
1.02463
0.986468
1.00867
1.03954
1.069
1.01425
1.00782
0.960566
0.976741
1.02506
0.997515
0.951585
1.05735
0.956829
0.975755
0.978694
1.06928
0.929794
0.983202
0.956363
1.04378
1.02769
1.07215
0.978282
0.990081
1.00675
1.01272
0.958652
1.03232
0.956849
0.981881
1.00095
1.01198
0.987301
0.959343
0.923987
1.05526
1.00883
0.967715
0.97889
1.01145
1.01013
0.947108
1.06622
1.01633
0.991721
0.995772
1.04121
1.00275
1.03895
1.02839
0.974962
0.95881
1.00857
1.01651
1.10302
1.00317
1.01884
1.02248
1.08167
1.04805
0.992431
1.06893
1.00364
1.05587
1.00979
0.996481
0.985304
0.981374
1.03095
1.10804
0.957654
1.02507
0.991853
1.0145
1.00989
1.02161
1.00142
0.984836
0.980569
0.937266
0.990177
1.04723
1.02306
0.960529
1.07385
0.973346
0.969777
0.982782
0.98638
1.01475
1.01975
1.0242
0.973621
0.951457
0.979684
0.984827
0.998045
0.914056
1.00827
0.971736
1.04723
1.04014
0.979546
0.954641
0.995318
1.01729
1.04395
0.904364
0.938819
0.93782
0.995042
0.980899
0.979278
0.974224
0.925003
1.01339
1.00361
0.951311
0.980493
0.98665
0.972967
1.0186
0.998804
0.976081
1.03384
1.00826
1.00865
1.08459
0.960522
1.03975
1.00674
1.02234
0.944557
0.948309
0.931626
1.04233
1.00633
1.019
1.0096
1.04382
1.01896
0.98642
0.994333
1.02132
1.00327
1.02506
0.974864
0.916887
0.941226
1.01732
1.0234
0.942959
0.992438
0.987805
1.02782
1.02405
0.978385
1.02043
0.960212
1.02444
0.939518
1.02847
1.0529
1.06419
1.00195
1.03485
1.0606
0.992878
1.00537
1.04575
1.03259
0.942574
1.05757
1.00103
1.00173
1.0433
0.989185
1.00231
0.975622
1.0296
0.992141
0.995321
1.04107
1.02639
0.988841
1.00088
1.02923
1.0225
1.00531
0.990342
1.01337
0.947231
0.98898
0.935843
0.993052
0.977478
1.04537
0.937803
1.01298
0.998774
1.00635
1.00272
0.96956
0.956356
1.00112
0.975077
1.01993
1.00076
1.02403
0.970081
0.952952
1.01109
1.00723
0.968161
0.988071
0.963811
1.00242
0.99174
1.02392
0.991905
1.01476
1.02175
1.05764
1.00275
0.949045
0.951279
1.02348
1.05603
0.997832
0.973234
1.0305
1.02415
1.05308
1.023
0.967107
0.947799
1.03642
0.945026
0.961974
0.972867
0.950913
0.981014
1.02839
1.01776
0.970502
0.978939
1.03163
0.973072
1.03004
1.03961
0.97958
1.02174
0.995935
1.01263
0.967395
0.97868
0.997549
0.990483
0.913117
1.00062
1.01661
0.951003
0.995413
0.980782
0.965908
0.97937
1.01303
0.973269
1.06142
1.031
1.03123
1.0549
1.02161
0.934087
1.0696
0.998095
0.975132
0.996571
0.989344
0.91452
1.02513
1.09887
0.981417
0.989436
0.989486
0.954126
1.07927
0.97429
1.00759
0.97477
1.01352
1.0215
1.00971
1.05925
1.0265
0.979768
1.04095
0.987267
1.0488
1.04407
0.970512
1.06689
1.0076
1.03608
1.09006
0.930153
1.02147
1.00827
0.967479
1.04631
0.962635
1.00063
1.00215
1.03296
1.03829
0.992057
1.01861
0.9881
1.00328
1.06843
1.01009
1.02834
1.04764
1.03445
1.00645
1.01379
0.96316
1.00725
1.01613
1.05688
0.99219
0.946765
1.00151
0.948559
0.994491
0.967739
0.970531
0.970819
1.01838
1.05625
1.04446
0.994864
1.00646
1.06109
0.974295
1.0082
1.02759
1.03751
1.04388
0.987838
1.03344
0.994007
1.00486
1.06999
0.972664
1.01841
1.02703
0.989496
0.985563
0.97784
1.00411
1.05154
0.972543
0.963354
1.036
1.00733
1.00559
0.911231
1.03269
0.98436
1.0032
0.993812
1.02705
1.01403
1.01266
1.05176
0.972519
0.997701
0.960347
1.01031
1.03078
1.01646
0.969218
0.992395
0.922482
1.05316
0.997585
0.967903
1.0158
1.00337
0.914848
1.01411
1.07067
1.02813
1.04207
1.06378
0.948464
0.983554
0.952287
0.980512
1.01091
1.06923
0.979555
0.949765
1.00436
0.980226
1.02068
0.954508
0.940839
0.996469
0.914214
1.04057
0.984155
1.00012
0.960177
1.02493
1.00698
0.996961
1.0214
1.02264
0.971762
1.05634
1.01124
1.00503
1.01408
0.910847
0.997444
0.948471
0.94268
0.985431
0.928751
0.968121
1.0009
1.01408
1.00587
0.985091
1.02699
1.0026
1.08103
0.969572
1.0299
0.98214
0.994491
1.00917
1.03102
0.982115
1.03281
0.962883
0.975761
1.03645
0.978195
1.05097
1.00535
1.03512
1.00463
0.986859
0.979815
0.955907
0.986976
1.03776
0.976961
0.957238
0.996006
1.07415
1.00356
1.01626
0.985503
0.979119
1.02343
0.995683
1.07262
0.955302
0.997891
1.03269
1.01372
0.978195
0.987151
1.01083
1.04824
0.992054
0.930836
0.978654
0.990854
0.99578
0.972256
0.982537
0.993475
1.02547
1.02806
1.04867
0.949955
0.988099
0.984351
1.0117
1.0175
0.978907
0.963376
0.942397
1.01845
0.974661
1.02721
0.949956
0.981611
1.13888
0.962056
1.01474
1.04824
0.978084
1.02506
1.00514
0.980595
1.04485
0.975241
0.948962
0.997521
1.01449
1.05678
0.964709
0.904388
0.982425
1.02065
0.980689
1.04386
1.01282
1.01106
0.940613
1.03294
1.01261
0.978434
1.01577
1.04659
1.05302
1.00168
1.07227
0.998787
1.05605
1.05036
0.970301
1.0301
0.947957
1.01385
1.00545
0.961108
1.01076
1.03002
1.00996
1.04219
0.931894
1.00655
0.98399
1.06601
0.974483
0.966643
1.00577
0.941887
0.974611
1.03349
1.04341
0.94908
0.953072
1.02894
0.964975
1.02106
1.00325
1.05098
0.966848
0.989352
0.994233
0.937733
1.02409
1.03534
1.02395
0.929325
1.033
1.04135
0.990937
1.03201
1.03937
0.991124
0.980529
0.97381
0.993289
0.943052
0.987753
0.902048
0.993385
1.03422
1.02322
1.00846
0.939032
1.0208
0.986876
1.01166
1.03505
0.966842
0.977766
0.964138
0.953589
0.946938
0.973521
0.996643
1.02589
0.956132
1.01317
1.03893
1.03848
1.01502
0.898708
0.976913
0.988085
1.00965
0.969701
1.00021
1.00176
1.00151
1.03034
1.01677
1.02148
0.988247
1.03016
0.957961
1.00392
1.0298
0.984537
0.986945
0.982224
1.03719
1.03774
1.05011
0.934582
0.90613
0.979617
1.01895
0.940303
1.03381
0.974037
1.02891
0.996893
0.98583
1.00931
1.00817
0.97821
0.98934
1.0595
1.02996
0.965785
0.980906
0.999354
1.0094
0.992066
0.979186
0.991336
1.04606
1.04439
0.977874
1.07258
1.08084
0.976856
0.959118
0.973319
1.00878
0.966039
1.02032
0.958988
1.01813
1.01982
1.00309
1.06864
0.995982
0.970834
1.06233
0.968404
1.03802
1.01184
1.01595
0.970634
0.957689
0.942633
1.03805
0.988899
1.02505
0.945049
0.949593
1.05147
1.02755
1.03745
0.990102
1.00696
1.02414
1.01507
1.05258
1.02579
0.919981
0.957213
0.945273
0.97041
1.01918
0.995278
1.03134
0.989704
1.01943
0.956
1.02005
0.942798
0.968275
0.936396
1.0099
0.986781
0.966447
1.0096
1.03354
0.974493
0.946773
1.05745
1.01344
1.04037
1.06917
0.934896
0.985771
1.02407
0.971217
1.02095
1.00852
0.970945
1.01502
0.93113
0.940855
0.986086
0.978348
1.04139
1.01587
0.987966
1.02491
1.1186
1.0065
1.0106
0.977902
1.06415
1.02717
1.02578
1.05534
1.05089
1.07602
1.03482
0.963622
0.997942
1.0122
1.00261
0.950329
1.02746
1.01923
0.993656
0.972481
0.981168
0.980245
1.02791
0.998935
0.976361
1.00595
1.0111
0.983227
1.00668
1.04229
0.9918
1.0384
0.932753
0.963316
1.04696
0.971377
1.04505
1.04031
1.04862
0.97058
1.06224
0.936774
1.03179
1.0026
0.924147
1.05806
0.994937
0.992012
1.01227
0.966443
1.00311
0.948986
0.981515
0.951271
1.02054
0.930739
0.980253
1.02014
1.08509
1.02953
1.00853
0.971271
1.05624
1.02043
1.00431
0.987723
0.981268
1.03809
1.00731
1.0441
0.963881
0.977233
0.976231
0.960679
1.00104
1.08538
1.0392
0.999479
1.02299
1.04519
0.991219
0.967304
0.987162
1.01351
0.966871
0.993974
1.07425
0.991276
1.08311
0.975339
0.997196
0.982359
1.0385
0.986413
0.963759
0.985386
0.972963
0.976271
1.00265
0.993652
0.987094
1.07876
0.962317
0.971332
1.00243
0.942975
0.956302
1.01579
1.04338
1.04088
1.0648
0.988715
1.05399
1.0736
0.993802
1.025
1.01536
1.04022
1.0379
1.02746
1.03802
0.953569
1.00451
0.973067
1.02279
1.08869
0.992376
0.99177
1.01123
1.05885
0.946266
1.025
1.02929
0.978311
1.02847
1.02965
0.994659
0.985305
0.982581
0.920623
1.02464
1.0224
1.00938
0.950619
1.0176
1.01616
1.04308
0.967951
1.0063
0.997836
1.10288
0.989325
1.0464
1.04812
0.999069
1.04129
1.02583
1.03069
1.03003
1.0025
0.961915
0.988177
1.00521
1.02709
1.02938
0.991386
1.05895
1.02819
0.995682
1.03061
0.994373
0.982707
1.0226
1.02201
1.02803
0.997462
0.990026
1.00429
0.974439
1.03483
1.02856
0.94341
0.956232
1.01359
0.963652
0.984603
0.998492
1.02058
1.01507
1.03893
1.05276
1.01178
0.94116
1.05201
0.994135
0.986187
0.982486
0.939904
1.00394
1.05129
0.991494
0.992806
0.997604
0.953284
0.978317
1.03907
1.00092
0.947851
0.98415
0.990713
0.9572
1.01408
0.942407
1.00229
0.965698
1.03158
0.948067
1.01578
0.954189
0.943854
0.941016
0.963672
0.89975
1.00303
1.00338
1.01538
1.04843
0.982665
0.990014
1.00804
1.00311
1.04022
0.97463
0.947247
1.01213
1.03526
0.993063
0.981497
0.987563
0.939091
1.00154
1.03746
0.955411
1.01515
1.01132
0.994456
1.07094
1.03887
1.00679
0.972443
0.976212
0.940264
0.983644
1.04472
0.999646
0.998373
1.01695
0.960189
0.988033
0.985284
1.03505
0.979574
1.05321
1.05465
0.931279
1.02176
0.989357
1.03302
0.967738
0.960813
0.935641
1.04123
1.05071
1.077
1.03198
0.964022
1.00832
0.982476
1.01165
0.964629
0.993736
1.06221
1.01185
1.0148
1.03114
1.0109
0.983751
1.01101
0.982443
1.00896
0.978463
1.01978
0.965514
1.06771
0.973587
0.993416
0.958915
1.01813
1.02212
1.02595
0.970891
1.03705
0.984124
1.00156
1.02699
0.994604
1.02
1.00681
0.970194
0.969553
1.02204
0.976333
1.00343
0.997726
1.0318
0.956305
0.988411
0.967289
0.977786
1.07828
1.01452
0.994342
1.02031
0.997144
0.941362
0.988566
0.980784
1.00019
1.02233
0.949553
1.00166
1.05187
0.949738
1.03779
0.949782
1.01807
1.01928
0.980872
0.944003
0.983719
1.01835
0.987522
1.00861
1.03955
0.977362
1.01128
1.04392
1.05206
0.999556
1.05449
1.0508
0.931328
1.06294
1.01842
1.04477
0.991036
0.981145
0.988182
1.00422
1.00107
0.958155
0.993454
1.0229
1.00898
1.02907
0.952209
1.00613
1.02878
0.963309
0.965347
1.05593
1.01401
1.00763
1.03673
1.00289
0.991347
0.994607
1.01693
0.997042
1.01921
1.08428
0.958218
1.0049
1.07657
0.965596
1.03293
0.993204
0.992938
0.996387
1.06047
0.976075
0.986725
0.999751
1.06158
1.00272
0.957858
1.03813
0.992418
1.03523
1.05381
0.944223
1.00667
1.00845
1.05985
1.03134
0.953366
0.993017
1.00595
1.08756
0.995197
1.03379
1.02816
1.04433
0.974252
1.01184
1.00488
0.979149
1.04032
1.0115
0.975624
1.00743
1.03879
0.977861
0.997634
0.988427
1.00705
0.959585
1.05814
1.02644
0.984835
1.036
0.960914
1.02786
0.956751
1.02355
1.04291
1.07577
1.01755
1.01188
0.996085
1.11218
1.04398
0.98996
1.00531
1.0017
1.01248
1.06863
0.996331
0.974146
1.01667
1.0164
1.00285
0.995553
0.932452
0.974014
0.959996
0.978052
1.03858
1.10288
1.03059
0.993419
0.990994
1.00106
0.985097
1.02388
1.06938
0.959962
1.06372
1.04467
0.991532
0.987609
1.05377
1.05168
1.01454
0.998768
0.954883
1.02087
1.07441
1.03094
0.983891
0.981812
1.03644
0.98863
1.04736
1.03226
0.9938
1.03777
0.990098
1.00465
0.996176
0.982194
1.03191
0.98335
1.0114
1.01954
1.01946
0.985215
0.969749
0.994699
0.967775
0.988397
0.972084
1.02539
0.994658
0.994111
1.01654
0.99358
0.991315
1.01197
0.983398
1.04927
0.992712
1.0013
0.979424
0.996149
1.01179
0.989183
0.979463
1.00879
1.05246
0.932369
1.02042
0.974462
1.01812
1.00671
1.066
1.02909
0.938593
0.996394
1.02229
1.00806
1.02405
1.00307
1.0666
1.00843
1.02571
0.974524
1.03809
1.03036
0.963903
1.05551
0.943706
0.96376
1.01501
1.0189
0.952912
0.987369
0.984885
0.99455
0.976836
0.93702
0.976014
0.980257
0.984368
0.998905
1.01487
1.00466
0.968166
1.05956
0.96319
0.988896
1.06434
1.07474
0.999853
1.02019
1.03823
1.01239
1.04324
1.00797
1.01294
1.01149
0.939559
1.04714
1.00755
0.930857
1.00466
1.00827
1.02675
0.982495
1.03507
1.03382
1.03483
0.959336
1.06833
0.970325
0.984514
1.05688
1.01259
0.998246
1.02066
1.0078
0.991288
1.01807
1.04174
0.974175
1.02967
1.01307
1.00008
0.985057
1.04312
0.971974
1.009
1.01529
0.929907
1.04345
0.999171
1.00185
0.970373
1.04135
1.00058
0.99887
0.999927
0.974409
1.01733
0.965462
1.02904
1.00136
1.11019
1.00671
0.956168
1.02932
0.943625
1.01203
1.02262
0.975382
1.01765
0.976805
1.01751
0.94368
1.03263
1.00684
1.0031
1.0285
0.96745
0.981796
0.967636
1.02828
1.02334
1.04795
0.941305
0.98055
0.987932
0.974856
0.951721
1.00535
0.989926
1.06103
0.997962
1.02161
1.00305
1.01705
1.0071
0.983888
1.03138
1.04612
1.02747
1.05485
1.05644
1.00525
1.01492
1.07493
0.995725
0.988173
0.987996
1.00988
1.03292
1.0258
0.99348
1.05216
1.06582
1.04489
1.03369
0.97353
0.949925
1.00254
1.00023
0.96621
1.00041
0.981559
1.02593
1.01133
0.955146
0.97908
1.01968
1.03127
0.983889
0.963714
1.07309
1.00964
1.05476
1.00765
1.0106
0.967197
1.0173
0.972865
0.974972
0.96886
0.987804
0.982085
1.00514
1.04168
0.977212
0.97055
0.960264
1.03109
1.01095
0.950694
1.02044
1.0523
1.00698
1.04274
0.940802
0.952116
0.996167
0.98543
0.96316
0.999037
1.05935
0.99788
1.03968
1.02699
0.995252
1.03777
1.0128
1.0389
1.03982
0.960547
1.02772
0.991746
0.974266
1.01166
1.06669
0.979054
0.958428
1.03387
1.01724
0.984106
1.01711
0.98625
1.00997
1.04034
0.928641
1.07994
1.12792
0.969401
0.974331
1.01264
0.974164
1.02848
1.06291
1.0639
0.961454
1.02895
1.0112
1.01104
1.04404
1.02598
0.977742
1.03022
1.02527
0.998206
0.99325
1.01008
0.957937
0.983727
1.00209
1.04152
0.992551
0.994478
1.03836
1.04298
0.988676
0.982743
0.981457
1.03901
1.09544
0.953769
1.06941
0.984511
1.01001
0.984858
0.929094
0.976219
1.0195
0.980554
1.05582
0.990632
0.930843
1.02424
1.01177
1.05721
1.03091
0.974767
0.943167
1.01809
0.972804
1.00905
0.981187
1.04079
0.957367
1.04773
0.987304
1.0492
0.914982
0.985514
0.954261
0.996125
0.998967
0.980808
0.986357
0.990564
0.992229
1.00598
0.978655
1.02817
1.01933
1.06761
0.999934
1.01384
1.07621
0.950164
1.03059
0.938776
0.988057
1.00301
0.976281
1.0431
1.00496
0.963657
0.912619
1.03804
1.03418
1.02429
0.992635
0.989591
1.02471
0.984962
0.991191
1.02675
1.03842
1.02734
1.0034
1.04881
0.986247
1.00002
0.99857
0.988072
0.990361
0.995224
1.00787
0.96132
0.992846
0.96901
1.03265
0.982508
0.94902
0.982836
0.958849
0.988821
0.982959
0.950233
1.03293
0.960924
0.956895
0.990214
0.999335
0.956037
0.986509
1.02396
0.968728
1.03056
1.04681
0.952027
0.98863
1.00462
0.93986
1.02222
1.05001
0.95416
1.0314
0.996631
1.04239
0.937486
1.02824
0.963711
0.988536
1.00556
0.989846
0.988699
1.01195
0.985385
0.997861
1.01218
1.02189
1.03236
0.992087
1.01946
0.982982
1.00049
0.937841
0.979528
0.970251
0.994274
0.983293
1.01329
0.973579
1.0321
1.02898
0.949954
1.05133
0.975231
0.962831
0.95954
0.991755
1.05183
0.942397
1.02896
1.0796
0.990921
0.992732
0.986437
1.02371
1.00269
0.951285
0.959133
1.0255
1.01874
0.985419
0.995668
0.953295
1.01427
1.01645
0.983263
0.974896
1.03211
0.978207
1.02905
1.04091
1.00673
1.01016
1.0376
1.09383
0.995299
0.943826
1.0269
1.03216
0.951283
1.03334
1.00203
1.00032
1.029
0.993038
0.93521
1.04606
0.985879
0.982495
1.00842
1.00481
1.00626
1.04943
0.93882
0.972075
1.01263
0.97391
1.0364
0.953464
0.974369
0.98746
1.01176
1.04407
0.995556
0.954246
0.981779
0.962574
0.98544
0.973579
1.02535
1.00024
1.03384
0.963701
0.997806
1.0128
1.00979
0.993593
0.989839
1.00565
0.97995
1.02956
0.982603
1.07121
1.02014
0.9562
1.06155
1.00388
1.02252
1.00551
1.01679
0.963443
0.964267
1.05949
0.969118
1.01288
1.05245
1.02769
1.07288
1.00112
1.01032
0.949933
0.970483
0.997254
0.992506
1.03048
0.991174
1.04479
0.969734
0.911788
0.986151
1.06074
0.978046
1.01859
0.963844
1.00044
0.97213
1.03493
1.02766
1.03122
1.00854
1.03055
0.999151
0.973341
1.08689
0.950674
1.01176
1.03219
1.04315
1.0202
1.03528
0.93321
0.967467
1.03267
1.0173
1.02521
0.961888
1.01844
1.02172
1.08641
1.02502
0.997969
1.02918
1.04382
0.957867
0.996617
0.994259
1.0015
0.944934
1.00961
0.941681
0.94477
0.995012
1.07078
1.04507
1.02873
0.970865
0.954244
1.02502
1.01303
0.9809
1.04926
0.980999
0.976313
1.0249
0.998687
0.96675
0.962216
0.959569
1.08528
1.0398
1.02117
0.998295
1.00284
0.978476
1.07807
0.998598
1.00521
1.00977
0.987407
1.04215
1.0114
1.05365
1.02205
1.05048
1.03092
0.999502
0.989869
1.02519
0.957189
0.958364
0.964735
1.05215
0.95343
0.972964
0.991437
0.932975
1.03496
1.03234
1.03507
1.00935
1.01918
1.02662
1.0009
0.963674
1.01258
1.03167
1.05813
0.992547
0.985521
0.951298
1.00635
1.07262
0.957965
0.984942
0.998227
1.00407
1.0143
0.979577
0.96611
1.02205
1.02414
0.975216
0.977733
0.971196
1.00077
1.01636
0.986859
1.00572
0.981763
1.01327
0.944041
0.985743
0.963146
0.9363
1.04302
0.981075
0.992568
1.07027
1.04533
1.02638
0.971048
0.993031
0.961968
1.0377
1.01051
1.01543
0.963886
0.997515
1.00719
1.0356
1.07376
0.981836
0.983144
1.01231
1.07339
1.04395
1.00862
0.97443
0.946281
1.06322
1.04744
1.0841
0.980807
1.0202
1.01135
0.996194
0.99411
1.02234
1.05349
1.02263
1.02632
1.03149
0.962963
0.991913
1.04551
0.992746
1.05438
1.04579
0.957657
1.01596
1.01429
1.04133
0.986434
1.03604
1.03902
0.948228
1.02202
0.993196
0.982334
0.975982
1.03949
0.949024
1.01872
1.04955
0.965379
1.0283
0.904085
0.951669
0.996478
0.998501
1.00048
1.02592
0.935568
1.00591
0.985707
0.996259
1.0017
1.07221
1.03954
0.954035
1.00117
0.98261
1.02831
0.977802
1.0111
1.0228
0.996166
1.01067
0.962387
1.02819
0.979857
1.02174
1.0478
0.954772
1.00323
1.0051
1.01303
1.03313
0.974917
0.995354
0.985218
0.984877
0.993609
1.0044
0.976562
1.02366
1.01935
0.973799
1.00612
1.07548
0.988362
0.978867
1.03623
0.997216
0.959696
0.994961
0.973643
1.06749
0.970803
0.976542
1.00786
0.983724
0.992378
1.04695
1.04457
0.951751
0.937224
1.02791
0.980302
0.981397
1.02357
0.99748
0.992357
1.00005
1.00359
0.953883
0.972336
1.04091
1.03257
0.959742
0.986894
1.00019
0.976215
0.986891
0.994474
1.04125
1.03708
1.0221
0.932929
0.958915
1.02134
1.02558
0.908252
0.999347
1.02545
0.965199
0.959444
0.983365
0.950555
1.02436
0.988838
0.969484
0.966815
1.05703
1.09152
0.960427
0.929804
0.954652
0.949164
0.956097
1.01286
0.986751
1.00715
1.04684
1.01227
1.0025
1.00093
0.971535
1.03034
0.973086
1.0119
0.992053
1.02898
0.985761
0.974812
0.984029
0.962168
1.00145
0.992281
0.96599
0.993186
0.977711
0.954549
1.02128
1.02173
0.945706
1.03062
1.00912
1.0679
1.01385
1.1004
1.05676
0.990235
0.999
1.05167
0.976618
0.989045
1.00146
1.02453
1.07037
1.035
0.958016
0.978047
0.983751
0.969526
0.989118
1.09856
1.00207
0.988644
1.00154
0.936397
0.966728
0.920225
0.981098
0.981777
1.03287
1.00079
0.997679
0.939889
0.995577
1.00864
0.939872
0.997174
1.03142
0.97485
1.00358
0.978411
1.03905
1.01858
0.986322
1.02329
0.978397
0.982393
1.02031
0.964939
1.00931
1.04327
0.980835
0.98446
1.0347
0.994629
0.967944
1.04661
1.02544
0.981299
0.987047
0.966843
0.982861
0.997876
0.974822
0.992345
0.949006
0.997312
1.05801
1.05185
1.00041
0.933086
1.01884
0.968604
0.995343
1.03755
1.01004
1.05561
1.06021
1.0036
1.00107
1.05352
1.00821
0.96859
1.02048
0.980163
0.996462
0.962714
1.0083
0.979615
1.02451
1.05475
0.97512
0.993005
1.02477
0.962726
1.04253
1.0153
1.04165
0.9897
1.05372
0.982316
1.04248
1.00578
1.04398
1.05399
0.95714
0.941556
1.05652
0.978611
1.0263
0.979236
1.01888
0.957781
1.04474
0.963593
0.99852
0.998757
0.945093
1.04315
0.964917
1.02997
0.986791
0.973784
1.0132
0.982247
0.99136
1.00791
0.981851
1.00621
0.999807
0.983128
1.0228
1.01412
1.01437
0.969769
1.02585
0.925407
0.989524
0.982175
1.00293
0.988592
1.0553
1.03041
0.948162
1.0164
1.07156
1.02464
0.978782
1.06075
1.03675
0.956517
0.998429
1.02316
0.999343
1.08852
0.993477
0.962128
1.01435
1.00765
0.956032
1.03632
1.00273
1.02329
1.01452
1.02207
1.03359
0.994781
0.995974
0.979656
0.938355
0.994005
1.04838
1.00143
0.924748
0.998962
0.99022
0.900304
1.00027
0.91047
1.01835
0.946801
1.08106
0.999737
1.0021
1.03585
1.04036
0.992491
0.999326
0.956972
1.00228
0.992718
0.987835
1.01296
0.980913
0.977002
0.988303
0.984234
1.01727
1.01337
0.940083
1.01021
0.927424
1.00975
1.02034
1.04073
0.995099
0.991644
0.997383
0.975795
0.977729
0.966422
1.01285
1.06179
1.05693
1.03462
1.05057
1.00654
1.01897
0.871565
1.03502
1.00737
0.999534
0.975221
0.985432
1.06505
1.01832
1.04804
0.967399
1.02307
1.0156
1.02251
1.01008
0.996896
0.972928
0.963722
0.957744
1.01212
0.952366
1.0007
1.00667
1.06855
0.963862
0.977672
1.08569
1.02283
0.985631
1.04489
0.957903
0.996077
1.00129
1.05555
1.03944
1.03406
0.989263
1.02449
0.97849
0.957701
0.996961
1.0177
0.996645
0.974356
0.974894
1.01039
1.04818
0.949184
1.00006
1.01238
0.978383
0.973264
1.07335
0.992
1.04312
0.971283
1.02738
1.02876
0.979628
1.00604
1.06144
0.95554
1.00449
0.98496
0.992166
1.03296
0.981735
0.95318
0.988695
1.03282
1.01814
0.962751
1.00768
1.02246
1.02329
0.951373
0.973421
1.00806
1.00101
0.951391
0.975073
1.00733
1.01558
1.02354
1.00787
0.961815
1.02446
0.992979
1.00011
0.972136
0.980586
0.993762
1.02881
0.997105
0.960609
0.995554
0.985866
1.02239
1.06122
1.01081
0.975504
0.979859
0.99041
1.05203
0.992927
0.980935
1.04726
0.989571
0.993216
0.999322
0.974148
1.01398
0.999629
1.07276
0.974565
1.02962
1.01967
0.976287
0.898891
0.987456
0.977991
0.982938
1.02135
0.997112
0.915832
1.00542
1.07414
1.06338
1.02727
0.946296
1.01405
1.0241
0.991743
0.969751
1.03073
1.00681
1.02751
1.01386
1.02827
1.00153
1.00382
0.963559
1.01594
1.01818
1.03068
1.00667
1.04411
1.01506
0.997516
0.976113
0.976738
1.01514
1.02003
1.04743
0.978483
0.999284
1.01604
1.04432
0.921699
0.9617
0.984174
1.00328
1.04251
1.03221
0.981214
0.971128
0.966635
1.03699
1.0026
0.983821
1.00765
0.988749
1.01526
1.00773
0.951539
1.01023
0.992544
0.991839
0.975638
1.04979
0.973065
0.96856
0.993888
1.02272
1.01073
1.02827
0.991089
1.02862
1.062
1.03161
0.985863
0.962976
0.9937
1.06022
1.00358
1.01807
0.943285
0.962187
0.8705
1.04603
1.00024
1.00948
1.0037
0.97978
1.024
1.0568
0.990334
0.975951
0.983418
1.01535
1.03685
1.04507
0.984543
0.98804
1.01384
1.02281
1.00152
0.996069
0.994154
0.970706
1.05001
0.975275
0.987049
1.01766
1.00955
1.01554
0.936331
0.939554
0.990417
0.971141
1.00774
1.05851
0.98527
0.983054
0.960226
1.01229
0.97996
0.994551
0.990428
0.982361
1.04997
0.986922
0.967101
0.998179
1.00589
0.99199
1.06284
1.0285
1.03193
0.948222
1.01085
0.958203
1.01956
0.96585
0.983218
1.06579
0.998076
0.985478
0.972689
1.01774
0.951815
0.956878
1.01582
0.983279
1.02717
0.984851
0.990856
0.95318
0.981632
0.979235
1.00857
1.00587
1.06225
1.00808
1.02015
1.04739
0.976703
0.969674
1.02863
0.990395
1.02594
0.997273
1.00994
0.975851
0.950509
1.02752
0.984161
0.980578
1.02504
1.04001
0.935833
1.00094
1.03986
0.954785
0.992161
1.00586
1.04322
0.980121
1.03465
1.01874
0.958591
0.949761
1.01349
1.06098
1.03568
0.984019
0.920931
1.02083
0.98888
0.981467
1.04749
1.00571
0.979482
0.993637
0.978177
1.01933
1.00625
1.00195
0.980385
0.996462
0.990013
1.04705
0.938507
0.996883
1.0573
1.05689
1.0303
1.03597
0.941215
1.01503
1.03863
1.03752
1.02073
0.991323
1.0036
0.978629
1.00306
0.998017
0.950534
0.976109
0.983205
0.971023
0.963658
0.997606
1.05393
1.04716
0.984168
0.98469
1.00063
0.985314
0.998313
1.00421
0.979498
0.963626
0.950007
0.974841
1.03857
0.979435
0.989258
0.938813
1.0337
1.03735
0.97294
0.959939
1.00312
0.963505
1.01709
1.03197
0.978719
0.973004
0.980865
1.00761
0.939363
0.947707
1.00595
1.01254
0.976336
1.03196
1.05932
1.02449
0.97941
1.00394
0.96733
1.02941
0.976133
1.00072
1.0097
1.02742
0.978659
1.01823
0.918541
1.04343
1.00211
1.03173
1.06394
1.02882
1.01219
1.01899
1.01661
0.994136
0.970976
1.00721
0.955118
0.950406
0.957722
0.963853
0.95587
1.02023
1.0071
1.00979
0.994346
1.04654
1.05071
0.981359
1.03995
0.961744
0.973126
0.987231
0.96106
0.978504
1.00815
0.955336
0.947442
0.940607
0.959506
0.966464
1.01752
0.978562
0.949272
0.965406
0.942094
0.982887
0.931774
0.950846
0.967074
0.999125
1.01826
0.946174
1.00507
0.952338
0.953313
1.04596
0.964159
1.04101
0.946496
0.996261
1.00628
1.03319
1.04272
0.914328
0.990939
1.0139
1.01788
1.02356
1.01518
1.0809
0.965521
1.00456
0.929636
1.00794
0.953543
1.04354
0.976823
0.969167
1.01764
0.960402
0.984547
1.02916
1.00955
0.982214
1.01717
1.02696
1.00324
1.04834
0.984104
1.01444
0.972963
1.05415
0.950335
0.9765
1.01289
1.00399
1.01756
0.978493
0.980621
0.985019
0.965551
0.985448
0.983478
1.00574
0.997967
0.989168
0.997818
0.960232
1.00465
1.02025
1.05123
0.986894
0.97573
1.00528
1.01771
1.0057
0.995517
0.937081
1.01628
1.0945
0.977334
1.08364
0.921793
0.976737
0.984813
0.95122
0.926108
1.03746
0.992888
1.00644
1.00971
0.998277
1.01615
1.01416
0.975524
0.961616
0.951271
1.03662
1.07139
0.989103
1.00115
0.991787
1.03358
1.01476
1.02136
1.0021
1.02619
1.02782
0.968337
1.01196
0.937101
0.966318
1.00511
1.01594
0.967487
1.0048
1.00246
0.963406
0.985177
1.05709
0.98901
1.01008
0.948526
1.01709
1.04674
1.0352
1.06864
1.01501
0.91832
0.998395
0.954436
0.995946
0.928284
0.939976
0.969069
0.969882
1.04392
1.02254
0.990672
0.98781
1.04834
1.02609
1.0053
0.913756
0.999271
1.00623
1.01513
1.00522
1.02473
1.01931
0.97769
0.972678
0.987722
1.00732
0.974682
0.938785
0.979333
0.980779
1.0009
1.00459
1.03758
0.952113
1.04747
0.966625
1.00325
0.962972
1.03195
1.00462
1.02049
0.974163
1.02612
0.978846
0.985593
0.990387
0.983085
1.02906
0.917014
0.977182
1.01168
0.951443
1.00015
0.962077
0.9941
1.04506
0.997576
1.02039
0.991681
1.02082
0.986971
1.06302
0.981399
0.942188
1.05713
1.0028
0.992913
1.03306
1.02644
1.0066
0.996442
0.928081
0.936646
1.01418
1.01547
1.02759
0.988649
0.975236
1.01873
0.994709
1.00176
1.02215
0.986522
0.969241
1.0567
0.991537
1.05357
1.01002
1.01374
0.986852
1.01428
1.00676
1.03837
1.00656
1.01519
1.00209
0.963942
1.02454
0.977146
0.977355
1.00918
0.946877
0.954337
0.970331
1.03656
0.95783
0.949022
1.04081
0.995783
1.0506
1.02221
1.0014
0.994457
1.00206
0.992627
0.972957
1.00584
1.02272
1.02027
1.02874
0.976958
0.969944
0.955062
0.999781
0.989157
1.05449
0.986335
0.950534
1.0197
0.954741
1.00198
0.964241
0.968292
0.982566
1.04476
0.991285
1.00277
1.05292
1.02458
1.02822
1.04302
0.981212
0.984587
1.03229
0.999556
0.997718
0.991306
0.962322
0.991484
1.00756
0.973949
0.97113
1.02419
1.02694
1.05687
1.03883
0.96616
0.991046
1.03852
1.00936
1.02464
0.952735
0.935081
0.957033
1.0341
1.00088
0.975093
1.00511
1.02577
1.01825
1.00774
0.980669
0.993404
1.07049
0.965691
1.0227
0.94675
0.933348
0.996361
1.09015
1.02648
0.995918
0.974691
0.986218
1.03312
0.963459
0.977073
1.03471
0.997384
1.00576
0.990169
0.97764
0.992941
0.956781
0.992064
1.02399
1.00554
0.980042
1.05041
1.02959
1.00644
1.0014
1.00587
0.966933
1.07659
1.02381
0.959018
1.00335
1.02436
1.00142
1.00457
1.04426
1.01722
0.956464
1.03039
1.03241
1.00494
1.069
0.996629
0.986613
0.985887
0.981347
0.964035
1.03755
1.04531
1.02356
0.994335
1.03655
1.0238
1.00457
0.960207
0.950158
0.939833
1.01855
0.950941
1.04502
0.959702
1.0109
0.98212
1.01916
0.957779
1.01196
1.03334
0.976651
1.01949
0.952024
1.06392
0.989384
1.07398
1.00518
0.945607
1.04097
0.978531
1.06738
0.935807
0.987213
1.02518
0.971255
1.00497
1.01369
1.01074
0.988734
0.985071
1.02667
0.988043
1.05363
0.95911
0.995116
1.00138
1.06251
0.995584
1.01657
1.03139
0.983178
1.03918
1.00384
0.98146
0.991727
1.04329
1.0208
1.08559
1.03786
1.06699
0.978317
1.0198
1.00871
0.970591
0.99597
1.01191
1.02977
1.02138
1.00836
0.99634
0.954082
0.98159
0.976559
0.978412
0.986864
0.937167
0.928524
1.00661
0.994047
1.04398
0.987814
0.994297
0.976017
0.959009
0.974717
1.06115
0.992985
0.94708
1.00229
1.00177
1.04953
1.00496
1.02383
0.944482
0.90138
0.977846
0.935641
1.0215
1.03291
1.0275
0.99259
1.00468
0.983044
1.02376
1.03704
1.05141
1.01631
1.04586
1.07136
0.965961
1.04453
1.05614
0.94358
1.0354
1.02771
0.914255
1.06172
1.01386
0.996378
1.04086
0.988451
0.984639
0.990029
0.9772
0.998726
1.02758
0.978628
0.958335
1.05344
1.02229
1.01689
1.03098
1.05807
1.00542
1.00567
1.02409
1.06214
0.939715
0.990126
1.02795
1.04379
1.08402
1.00847
1.01876
0.924403
0.994194
1.05589
0.996067
0.948742
0.991996
0.956111
1.00801
1.03506
0.998636
0.976399
1.01992
0.951796
1.01778
1.04776
0.989631
1.00126
0.91822
0.981957
1.02104
1.01911
0.996982
1.02346
0.985238
0.976565
0.953667
0.941901
0.994707
1.05676
1.00493
1.01394
1.07541
0.931042
1.06018
1.01841
1.03668
0.982264
1.00823
1.08783
1.02156
1.04876
0.966182
0.955646
0.985856
1.06977
1.013
0.999196
0.958227
1.02575
0.984541
0.97245
0.993141
1.02248
1.01541
1.03598
0.992146
1.01255
1.00872
0.979722
1.02242
0.975524
0.978423
1.01536
1.02073
1.03486
1.02564
1.06585
0.963153
0.989367
1.07959
1.02894
1.06087
0.967431
1.03604
1.01817
0.99422
1.03673
1.0343
0.974358
0.995986
1.02023
1.02861
0.928683
0.947841
0.965435
1.0029
1.00162
1.0448
1.02217
0.991804
0.99496
1.0229
1.00654
1.01182
1.00348
0.974641
1.0195
0.927464
0.964064
0.959164
1.01163
1.00909
1.0334
0.932834
1.00008
0.960266
0.952206
1.00453
0.962307
0.983208
0.965075
0.976252
0.933867
1.06761
1.00304
0.977479
0.994475
1.01508
0.948603
1.00939
1.0045
1.07299
0.956496
1.03369
1.00697
0.932524
1.02547
1.01523
1.05371
0.973361
1.02825
1.05387
1.03127
1.00936
1.10013
1.03964
0.995025
1.00552
0.974889
0.956681
0.967893
1.03615
0.931345
0.979429
0.985334
1.00452
1.02809
1.03657
0.979065
1.04876
1.08417
1.04116
0.967413
0.94852
0.971397
1.00512
1.03354
0.950487
0.980047
0.987515
1.03891
1.03228
1.00585
1.01844
1.02024
1.02221
1.03275
0.991434
0.955696
1.04886
1.02407
0.953824
0.996653
0.979758
1.05801
1.00026
0.993553
1.03161
1.07241
0.942944
0.935198
0.96867
1.00379
0.991077
1.00488
1.07106
0.950735
1.02654
0.989256
0.954375
0.979506
1.00189
1.02254
1.03549
1.00308
0.970801
0.989762
1.04488
1.01179
1.04433
0.989728
0.981629
0.988708
1.00419
0.943325
0.991103
1.08132
1.04169
1.01001
0.975855
0.976639
0.979647
1.10891
0.998273
0.967621
1.01171
0.966122
1.00182
1.03322
1.00318
1.01361
1.02332
0.983105
0.99385
1.0033
0.989895
0.986737
1.02819
0.944269
0.985839
0.9734
0.980454
1.06301
1.0575
0.937885
0.974573
0.982996
1.02556
0.995342
1.0503
0.938582
1.0127
0.991391
0.968423
0.984893
0.97654
1.01151
0.93936
0.989896
0.944718
0.974804
1.05942
0.963124
0.909722
1.04645
1.00885
1.03572
1.02699
1.03596
0.981474
0.986336
0.997617
0.993311
0.94852
0.986596
0.976983
1.03194
1.01806
0.991313
1.05917
0.957256
0.974054
0.973847
0.997885
0.98155
1.01609
1.0411
1.05022
1.0082
0.914903
0.988138
1.02446
1.02619
1.04131
0.983912
1.00419
1.0669
0.976998
0.977429
1.00052
1.03762
1.01855
0.957968
0.979706
1.0414
0.989913
1.05457
0.975757
1.0237
1.00243
1.00282
0.966721
1.03551
1.00141
1.00194
1.04436
1.01687
1.02
1.04841
0.944575
0.943682
0.990255
0.967481
1.04237
0.970596
0.960187
1.04186
1.01012
0.965633
1.00093
1.04394
0.952856
0.99144
0.945638
1.08483
0.9846
1.00099
0.997477
0.979783
0.959007
0.98521
1.02509
0.991435
1.0117
0.945257
0.966687
0.964056
1.05285
1.00854
1.01005
1.00474
1.06024
0.993713
0.997798
0.994496
1.01157
1.08164
1.00412
0.967114
0.936822
0.978431
0.988736
0.949827
1.04484
1.04419
0.999502
0.968716
1.0041
1.0041
0.974595
0.969299
1.00891
1.03137
1.00449
0.894382
0.972737
1.01493
0.974976
0.963571
0.95026
0.966637
0.998721
1.06868
0.979423
1.0031
1.01764
0.965162
0.986701
1
0.931527
0.975879
0.978203
1.01327
1.03561
0.956649
1.00752
1.02246
0.983977
0.982472
1.01158
1.04855
0.988822
0.972743
1.01572
0.988089
0.999237
0.962395
1.02033
0.977205
0.983371
0.991548
1.03563
0.9808
0.995603
1.00571
1.02878
1.00321
1.03125
1.05823
1.01861
0.978958
0.993225
0.988897
0.987999
1.00749
0.918398
0.966779
1.0237
1.02993
1.00796
1.0015
1.02738
0.997216
1.02757
0.984497
0.983914
0.981825
0.965135
0.943728
0.96784
1.04648
1.01474
1.01575
1.03346
1.00926
1.00622
0.953679
1.02308
1.00827
0.993637
1.00182
0.941011
1.02975
0.997519
0.947541
1.0486
0.994507
0.986113
0.970419
1.02899
1.0289
0.94673
1.0194
0.955239
1.01573
1.0075
1.02687
1.00989
0.993235
0.936091
1.09165
1.00003
1.00942
1.02343
1.0378
0.989905
0.971057
1.01421
0.968862
0.980209
1.01091
0.97567
1.00366
1.05113
0.906539
0.966317
1.01012
1.02564
1.05518
0.941948
1.02507
0.975846
1.0148
1.00444
0.993589
0.989558
0.991402
1.05881
1.03066
0.98674
1.01403
1.05628
0.972566
1.00936
1.0037
0.989514
1.06504
0.990167
0.956733
1.03589
1.0048
1.00804
1.00393
0.989569
0.930081
0.915111
0.987604
0.936401
0.982083
0.963515
0.995808
1.03
0.926346
0.985214
1.01902
1.0773
0.936606
1.00469
0.974794
1.05606
0.96007
1.00109
0.961735
1.00691
1.04825
1.00945
1.00035
0.976395
0.97219
0.974112
0.993992
0.972301
1.0188
1.02016
0.956616
1.01471
0.971144
0.956913
0.979273
0.965523
0.970734
0.990744
0.998951
1.0427
0.978928
0.977329
0.940782
1.04624
1.03829
1.00481
0.995975
1.01935
1.05798
0.981868
1.07832
0.976138
0.94426
1.03034
1.03457
1.00427
0.962519
0.980875
0.973689
1.02907
1.05104
0.947769
0.968143
1.05008
1.00357
1.04635
0.978342
1.02929
1.02225
0.996768
1.03133
1.01461
1.04379
1.03902
0.947911
0.994702
0.95908
0.968525
1.00374
0.953065
0.959945
0.983079
1.03257
0.980541
0.941598
1.00397
1.05713
0.988337
1.01607
1.03446
1.0235
0.997188
0.981492
1.04488
1.02492
0.98465
0.965191
1.07652
1.00588
1.00117
1.00757
0.945441
0.984153
1.03532
0.969943
0.992207
0.996776
0.983458
0.998347
0.973296
0.973522
0.996196
1.04078
0.984287
0.979932
0.972156
0.948594
0.961155
1.04647
1.0289
1.01524
0.993592
0.963917
0.924872
0.967978
0.973854
0.954838
1.01877
0.952454
0.954618
0.96619
0.992285
0.969789
1.02512
1.01837
1.04577
1.0032
0.978781
1.03788
1.07337
0.999739
0.97982
0.945809
1.07516
1.01474
1.04488
0.998038
0.999186
1.00663
1.04749
1.04194
1.0549
1.00872
1.01304
0.970334
1.00722
0.946432
0.999576
0.948373
1.02331
0.978884
1.04272
1.01849
0.971621
1.08221
1.03249
1.03817
1.00992
0.990559
1.04306
1.04701
0.980234
1.00011
1.02726
1.04736
0.992073
0.958089
1.00272
1.02746
1.03701
1.05067
1.00094
0.944193
0.98632
0.992969
0.983213
1.00898
0.990375
0.969697
0.966558
1.02608
0.972796
1.08193
0.979471
0.991722
0.974376
0.99681
0.993642
1.01626
0.991725
0.97243
1.05798
1.03269
0.993267
0.993496
1.03914
1.00133
0.994483
0.957443
1.03433
1.0049
1.01332
0.976928
1.04955
0.990335
0.966602
1.03793
1.01528
1.01779
0.970625
0.991285
1.02571
1.0355
1.04998
0.98917
1.01921
1.02825
0.956853
0.994497
0.967663
0.981322
0.915779
0.980142
0.984735
0.983964
0.979467
0.993167
1.00185
1.00518
1.03133
1.03217
0.979544
1.05421
1.01196
1.0243
1.05084
1.03855
1.05447
1.00187
1.0219
1.02626
1.01211
0.995657
1.05389
0.953233
0.973957
1.00466
0.926364
0.99579
0.980069
1.07486
0.961035
1.0127
1.00188
0.963397
1.04459
0.980736
0.961612
1.03881
1.01683
1.03147
0.996982
0.974157
0.950276
1.00064
0.998034
1.02105
1.07527
0.959122
1.04202
1.0268
1.03024
1.00987
1.04993
1.00233
1.09726
0.99969
1.01777
1.00929
1.0079
0.951131
1.02543
0.992134
0.99398
0.931155
1.05269
1.0068
1.00006
0.986685
1.01025
0.931504
1.03003
0.998348
1.01984
0.975771
0.988827
1.02087
1.0219
1.08586
0.987432
1.06273
0.964468
1.13223
0.996416
1.02504
1.02938
0.976385
1.00293
1.03389
1.00311
1.03456
0.964939
1.01466
0.967155
1.02683
1.02939
1.01287
0.995531
1.05729
1.02824
0.931314
0.988114
1.02895
0.977137
0.99273
0.976079
0.96593
0.918075
0.975248
1.03146
1.00604
0.994616
0.92678
1.03495
0.994129
1.03096
0.985479
0.993089
0.991827
0.993371
0.905555
1.01422
0.981003
0.958671
0.994645
1.00256
1.01706
0.959505
0.936161
1.03234
1.03487
1.02121
1.01355
1.03872
1.04117
0.997633
0.985476
0.998331
1.06722
1.02281
0.949991
0.950019
0.950499
1.00489
0.977974
1.07185
0.983279
1.00692
1.0115
1.02401
1.03081
0.992318
1.04862
0.943681
1.05104
0.993675
0.971622
0.962079
0.971566
0.968338
0.997301
1.00696
1.04955
1.04362
0.931663
1.00186
1.00483
1.00657
1.02595
1.04115
0.999269
0.967282
1.00689
1.02774
1.00352
1.0166
1.00386
1.01053
1.02366
0.971013
0.981513
1.03977
1.00322
1.04828
1.03658
1.10547
1.03977
1.04515
0.91902
1.00175
0.998827
0.990397
0.990363
1.02205
