1.00773
0.99501
0.999243
0.981974
0.976991
0.999789
0.976268
1.01211
0.992791
1.0016
1.00219
0.983629
1.00762
1.0149
1.00761
1.02524
0.981105
0.996364
1.00817
0.999766
0.99824
1.01029
1.01099
0.98803
0.998296
0.99783
1.00273
1.00416
1.01416
1.00773
0.98709
0.978369
0.984175
0.994941
0.99543
0.998369
1.00145
0.996167
0.989002
0.989384
1.00859
0.987147
0.990716
0.998257
0.997337
1.00739
1.00816
1.00021
0.992962
1.00034
1.00852
1.00304
1.00172
0.994808
1.00178
1.01621
0.999586
1.02132
0.986203
0.977878
0.999598
1.00586
0.995678
0.992412
1.00239
1.00334
0.994531
0.995745
0.982148
0.995898
1.01088
0.996154
1.01123
1.01341
1.01138
1.01377
0.997819
0.958335
1.00707
0.996284
0.997326
1.00929
1.00372
0.998612
1.00916
1.00294
1.01113
1.00764
0.996307
1.00803
1.00096
1.00427
0.997682
1.00498
1.00343
0.985263
0.989192
0.991639
0.999987
0.994828
0.996142
1.00156
0.98928
0.999136
0.998042
1.02498
0.983057
0.999769
0.996833
0.990328
0.995767
1.00249
0.997351
1.00187
1.00235
1.00403
1.00354
0.987851
0.985567
0.996675
1.0022
1.00669
0.993935
1.00012
0.989814
0.99596
0.992755
0.989846
0.998206
0.993326
0.988055
0.995206
0.99575
1.01132
1.02148
0.983002
0.997702
1.01744
0.975198
1.00983
1.00557
0.991051
0.988984
0.998607
1.00321
0.989703
1.00953
0.98351
1.01143
0.998889
0.976195
1.01423
0.985585
0.992188
1.01935
0.98625
1.00055
0.987568
0.995749
1.00497
1.00643
0.982741
1.00326
1.00126
1.01813
1.00105
0.995845
1.02087
1.01614
1.01741
1.00118
0.979649
1.00116
1.00874
0.994221
1.00942
0.995744
0.983629
0.977502
1.00624
0.994374
1.01493
0.997819
1.01068
1.02233
0.987451
0.981828
1.00845
1.00109
1.00181
0.989926
0.999575
0.992727
0.992452
0.986289
0.999398
1.00366
1.00294
0.993542
1.01191
0.98228
0.996461
0.985117
1.022
0.999798
0.984671
0.996642
0.994237
1.01586
0.987215
1.00595
0.997671
0.994201
1.01369
1.00826
1.01511
0.997898
1.00654
1.00659
1.00162
1.00836
0.988032
1.0086
0.995017
0.992755
1.00141
1.00648
1.00117
1.01546
1.0264
1.02986
0.982066
1.01319
0.990508
1.00467
1.0048
1.00762
0.996877
1.01475
1.00673
1.0171
0.984756
1.00448
0.995493
1.00323
1.02618
1.00652
1.00009
0.995099
1.00214
1.00392
1.00114
1.00116
0.985104
0.978283
0.979918
0.977593
1.0118
0.986273
0.981364
0.980552
1.00739
0.994889
1.00363
0.992985
0.998924
1.00894
1.01353
1.01428
0.999617
0.994225
1.00228
0.978861
1.01262
1.02485
0.989984
0.975987
1.01109
0.999267
1.00223
0.998965
1.00238
1.01548
1.00866
0.998917
1.0048
1.02448
1.00045
1.01418
1.01004
0.995778
1.00741
1.01249
0.993827
0.999773
1.00126
0.992532
0.996354
0.983843
0.968791
0.995026
0.993382
0.996486
1.01141
1.0028
1.01397
0.990671
1.00404
0.988374
1.00103
0.993401
1.003
1.0196
0.981957
1.02902
0.994202
1.00627
0.993528
1.00364
0.992775
0.989608
0.980852
1.00393
1.00998
0.992665
0.997314
0.995653
1.00744
1.00211
1.01865
0.996476
0.998185
0.995812
1.00418
1.01276
0.988619
1.0041
1.00039
1.0037
0.997156
0.993183
0.996807
1.00359
0.980778
1.01749
0.983319
1.01431
0.984286
0.997574
0.991769
1.01609
0.99383
1.00474
0.9742
0.992241
1.00305
1.00243
1.00745
1.01211
1.02218
0.997858
1.00852
0.987095
0.977293
1.00521
1.00373
0.990385
0.999608
1.00362
0.996659
1.01041
1.00333
0.98078
1.0089
0.990941
0.986573
0.990893
0.990465
1.01161
0.980375
1.00686
1.0101
0.996069
1.00833
0.99372
1.01615
1.0018
0.999218
1.00925
1.00566
1.00089
1.00416
1.0168
1.01418
0.997833
0.972767
0.998257
1.01813
0.992083
1.00591
1.00171
0.995315
1.00038
1.00876
0.998402
0.979866
0.99774
0.997695
0.976396
1.00976
0.998117
1.00031
0.988519
0.983429
1.0012
0.986891
1.00123
0.991521
1.00276
1.00046
0.985896
1.00421
1.02156
0.996626
0.996772
1.00081
1.00686
0.991964
1.00492
0.995282
0.989247
1.00623
1.01916
1.00138
0.99744
1.00217
1.00353
1.01686
0.993954
0.992564
1.01682
0.998882
1.01245
1.0082
1.00733
1.00116
0.999391
1.00905
0.97952
0.998564
0.992348
0.995493
0.993649
1.00055
0.993882
1.00987
0.991754
0.994496
0.991131
1.00676
0.979067
1.02596
0.996713
1.01554
1.01111
1.01078
1.01413
0.990582
1.00666
0.98839
1.0037
1.00365
1.01707
1.00499
1.00605
1.00633
0.987836
1.01783
0.997577
0.97956
1.01045
1.01067
0.982866
1.01483
1.00389
0.988748
1.00444
0.996018
1.00455
1.00595
0.997201
1.00615
1.00574
1.01199
0.986095
1.02878
1.00677
1.00341
0.981283
0.990762
1.00389
0.987574
1.00426
1.01094
0.994211
1.02599
1.01283
1.00242
0.987752
0.989431
0.975834
1.00159
0.99426
1.0006
1.00522
0.99934
1.01978
0.985844
1.01106
1.01194
1.01083
1.02391
1.00678
1.0024
0.992187
1.00615
0.995958
1.00477
1.01633
0.998551
1.01975
1.01521
1.00957
0.98206
1.00828
1.03351
0.990014
0.997752
1.00961
1.00471
0.996238
0.984439
0.992081
1.00249
1.01736
1.01558
1.00408
1.01306
0.996344
0.981966
1.01106
1.00269
0.998059
1.01636
1.0082
1.00462
1.01216
1.00711
1.00533
0.996532
0.982925
0.994934
0.989495
0.990286
1.01591
0.987177
1.00264
0.98768
1.00566
0.995493
0.992069
1.00795
0.983962
1.00222
0.991793
1.01114
1.01084
1.00579
0.999454
0.996996
0.970608
1.00376
0.995929
0.975679
1.0052
0.989212
1.00053
1.00351
0.978806
0.997322
0.988481
0.991965
1.01286
1.00063
0.977618
1.00673
0.99724
0.990582
0.977801
0.987155
1.00709
0.993024
1.0201
0.985017
1.0083
1.00886
1.00128
0.986248
0.999606
1.00827
0.998276
0.990299
0.995587
0.998397
1.0201
0.971463
0.999018
0.984764
1.01384
0.990027
0.996784
0.997235
0.98951
1.01496
1.01451
1.00064
1.0079
0.989174
0.994307
0.995828
0.9806
1.00028
1.00298
1.02106
0.984717
0.994114
0.996401
1.00084
0.97353
0.999852
0.994416
1.02997
0.995611
0.998496
1.00246
1.002
1.01065
1.00196
0.994008
1.00237
1.01197
0.989495
0.994487
0.996542
0.989686
1.00512
1.00665
0.98941
0.987251
0.993195
1.00825
1.00693
1.00164
0.98936
0.996399
1.0173
1.00402
1.01282
1.00069
0.995866
0.999597
1.00684
1.00745
1.00456
1.00955
1.01681
0.998015
1.00817
1.01021
1.00889
1.00261
1.00155
1.02196
0.990453
0.995177
0.989224
1.00275
1.00961
0.985706
0.993806
1.01458
0.985254
1.01935
0.96937
1.00042
1.01899
0.994773
1.00568
0.995862
0.993706
1.01753
1.00787
0.989506
1.0018
0.995477
0.985165
1.01831
0.994678
0.998184
0.989327
0.980296
0.996748
0.995056
0.994976
1.00444
0.999039
0.987249
1.01602
0.987518
1.00672
0.999325
0.995214
0.992246
0.990852
1.00297
0.993208
1.00072
1.0001
1.00526
1.00692
1.00375
0.996318
1.00101
0.999536
1.00608
1.00726
0.995049
1.0158
0.982371
0.979918
1.0116
0.991524
0.976912
1.01422
1.01969
1.00443
0.996358
0.979135
1.00908
0.990568
0.998646
1.01505
0.976225
1.01157
1.01261
1.00823
1.01282
1.00152
0.997104
1.00106
1.0005
0.972439
1.00933
1.01512
0.992932
1.00076
1.01651
0.994257
0.994385
0.985051
0.984427
1.02318
0.997683
1.01402
0.982151
1.00761
1.00217
0.981764
1.00146
1.00089
1.00385
1.01096
1.01071
0.978926
1.00353
1.0102
1.00272
1.00861
0.988997
1.00125
0.991207
0.974827
1.00407
1.01673
0.997117
0.995024
1.00048
1.00062
1.01545
0.986027
0.994018
0.996408
1.01877
0.99918
0.999634
0.995125
0.993227
1.00749
1.00029
0.994021
1.01174
0.999942
0.990473
1.00804
1.00614
0.966154
0.990554
1.01514
0.999531
1.00998
1.00581
1.01237
1.00301
0.985267
0.982323
0.990735
0.994167
0.99306
1.00172
1.02247
0.988793
0.996567
1.00022
0.995489
0.996757
1.0129
1.00003
0.991807
0.995949
1.00614
1.00854
1.01127
1.00301
1.00203
0.994812
0.998854
0.991418
1.00101
1.00518
0.991823
1.00599
0.979317
1.00495
0.983226
1.01008
1.00341
1.00962
0.991204
0.988535
1.01736
0.977956
1.01439
0.990219
0.987972
1.01095
1.00185
0.994488
0.973016
1.01998
1.01624
0.995719
0.992722
0.999659
1.00591
0.993017
1.01132
0.993355
1.03025
0.994325
0.993546
0.989776
0.99254
1.02282
0.979126
1.00973
1.00055
0.979723
1.00858
1.0044
0.996072
0.998832
1.01645
1.00137
1.00235
1.00149
0.995272
0.998499
0.98953
1.01403
1.00214
0.992023
1.00904
0.999987
0.99561
1.0039
0.994824
1.00269
0.998831
1.00434
1.00287
0.989188
1.01517
0.993006
0.989302
1.01678
0.993845
0.989518
1.01392
0.990061
0.994675
0.997509
0.99445
1.0034
1.01163
0.980841
0.98739
1.00774
0.997354
0.994679
1.00839
1.00294
1.01064
0.996289
1.00995
0.994789
0.998784
0.992644
0.987177
0.9828
0.997049
1.00254
1.00053
1.0076
0.986919
1.00252
0.998587
0.987202
0.978159
0.981871
1.01234
0.999195
1.00265
0.986898
1.01533
0.99363
1.00449
1.0072
0.995595
1.00002
0.999866
0.995565
0.994161
1.00527
1.0063
0.991344
1.00997
1.00409
1.01063
1.01337
1.02159
0.989656
0.99601
1.0097
1.00383
0.971174
1.00565
1.00916
0.98368
0.98958
0.983634
1.00431
1.00703
1.01353
1.01204
0.996705
1.00671
1.01874
0.985982
1.00566
1.01937
0.992923
0.991472
1.00338
0.990193
1.00121
1.00406
0.995957
0.984171
1.01563
1.0185
1.01629
0.980765
1.01197
0.997531
1.01348
0.996791
0.991944
1.01037
1.0014
0.988538
0.993725
0.98458
0.997484
0.989359
1.00046
0.987335
0.989021
1.01343
0.994909
1.01066
1.00407
0.999309
0.999572
1.0107
1.0065
1.00497
1.00495
0.978785
1.01753
1.00768
0.999998
0.983702
0.979409
0.988553
0.993877
0.999589
0.990659
1.00928
1.00674
0.996303
0.996422
1.01343
0.99872
1.00278
0.993947
1.02123
0.993074
1.00918
0.99617
0.999865
1.00953
0.988711
1.00135
1.01778
1.04223
0.992629
0.96837
1.01823
1.00011
0.985939
0.995475
1.02208
1.00082
1.00376
1.01071
0.974801
1.00948
0.988873
1.01992
0.989263
1.00729
1.00644
0.999795
1.0051
0.976382
0.982335
1.00248
1.03571
0.992338
0.983966
0.991749
1.00495
1.00505
0.997805
0.990673
0.984672
0.991068
0.98595
1.00621
1.02263
1.00176
0.99466
1.02013
1.00881
0.98131
0.988925
0.99721
0.998256
0.998666
1.00185
1.00206
0.994287
1.00137
1.02081
0.999237
1.00495
0.998052
0.985141
0.992504
0.990417
1.00002
0.996489
0.980742
0.979705
1.00266
1.01145
0.985754
1.01828
0.979024
0.990063
1.01514
0.993819
0.991397
1.02235
0.990189
0.99214
1.01161
1.01341
0.995937
0.985411
0.9939
1.02186
1.00229
0.978398
0.986376
1.00134
1.00449
1.02276
0.99141
1.02476
1.00966
0.994159
1.00163
0.988933
0.989734
0.997305
0.997162
0.994835
0.997556
1.01116
1.01635
1.00385
0.993907
0.986687
1.01138
1.01849
0.99838
1.0071
0.995516
1.0085
0.993227
1.01749
0.998462
0.994042
0.985753
1.00229
1.00128
0.990737
0.98522
0.989949
1.00155
1.0042
1.00463
1.01204
0.994261
0.99551
0.976538
1.00353
1.01953
1.00967
0.993318
1.01655
1.00767
0.997454
0.974642
0.997353
0.998918
1.008
0.982718
0.985375
1.02397
0.997228
1.01438
0.998795
1.00938
1.00669
0.985444
1.01293
1.00053
0.998344
0.992175
1.00266
0.991241
0.991502
1.01884
1.00515
1.00767
0.986013
1.00311
1.00033
0.987945
1.01871
0.995605
0.979529
0.990809
1.00701
1.0003
1.00557
0.999183
1.01774
1.01069
1.0159
0.967965
0.997039
1.00637
1.00179
1.00745
1.0042
0.987304
1.00133
1.00901
0.992438
0.982369
1.00146
1.01661
0.996983
1.00245
0.99294
1.0236
1.00428
1.01398
1.01604
1.00635
0.998003
0.992978
1.00424
0.996714
0.993698
1.03012
0.985295
0.995043
1.00109
1.01208
0.997798
1.00024
0.995916
0.991184
1.01183
1.01242
0.999587
0.982304
0.99951
0.990458
1.00621
1.00497
0.998361
0.981501
0.992614
1.00545
1.00234
0.986037
0.998764
0.986455
0.999353
0.992984
0.978755
0.996149
1.00314
1.00552
1.00264
1.01354
1.0065
0.982112
0.999894
0.991503
1.00299
0.989212
0.994282
1.01745
1.00277
0.998098
1.00745
1.00098
0.98507
0.999736
0.987163
1.01029
1.00123
1.0093
1.00436
1.00506
1.01201
1.01555
1.00155
0.993406
0.996025
1.00635
1.01805
0.992299
0.979763
1.00706
1.01457
1.01641
1.00336
1.00962
1.01795
0.990699
0.989493
0.981808
1.00748
1.02957
0.975015
0.992036
0.997474
0.992176
0.999789
0.98785
1.01826
0.986849
0.989588
0.989932
0.984604
0.996055
1.00766
1.01499
1.00738
1.01088
0.992746
1.01835
0.994076
1.01339
0.996067
0.965192
1.0021
1.00777
0.974012
1.00099
1.00321
0.990471
1.01267
1.03169
1.0227
1.00645
1.01218
0.966121
1.032
1.00117
1.00219
1.01087
1.00732
1.00757
0.994745
0.990033
0.982091
1.01243
0.99573
1.00923
0.993108
1.01628
1.015
1.01763
1.02194
1.00735
1.00849
1.0135
0.990978
1.00323
1.00031
0.980093
1.00348
0.994831
0.996877
1.00309
1.00394
1.01356
0.994323
0.992494
1.00846
1.00172
0.994047
1.01888
1.00879
0.986185
0.998146
0.996651
1.02005
0.997159
1.0011
0.987742
0.997868
0.981548
0.998093
1.00097
1.01416
0.991687
1.00003
0.995933
1.00373
0.996443
0.976748
0.990506
0.999634
1.003
1.00104
1.01608
0.997445
0.987043
1.00279
1.01288
1.01986
0.979104
0.994972
1.00204
1.0209
1.0017
1.00461
1.01437
0.997716
0.991522
1.00193
1.00865
0.99128
1.00128
1.01771
0.988781
1.00947
1.01172
0.99732
1.00764
0.988858
1.01667
0.989051
0.990936
1.00266
1.00997
1.00271
1.00895
1.01542
0.992057
1.01125
0.977671
1.01114
0.986408
1.01025
0.983324
1.01549
1.00412
0.989727
0.991345
1.00351
0.991049
0.981642
1.00308
1.00901
0.981528
0.987131
0.997507
0.989015
1.02029
1.00107
0.98909
1.00792
0.999175
1.00296
1.01317
0.994473
1.00614
0.997399
0.999196
0.991586
1.00466
0.993744
1.00206
0.998646
0.999635
0.983412
0.98765
0.995957
0.994533
1.00508
0.979574
0.996351
0.993255
1.00758
1.00512
0.995488
1.00202
0.999332
1.02292
0.997401
0.989552
1.01521
0.991348
1.00718
0.967722
0.997648
0.985623
0.982393
0.995111
1.00476
0.994134
0.991608
0.994607
0.995332
0.988389
0.993953
0.998326
1.01173
1.00015
0.991964
0.996239
1.02131
1.0005
0.995888
0.976137
0.999146
1.00445
1.00647
1.00335
1.00352
0.990608
0.98506
1.00331
0.989075
1.00236
1.00171
1.00115
0.995373
1.00013
1.0035
0.998466
1.00137
0.999555
0.988898
0.993079
1.00046
0.992051
1.01981
1.013
0.990856
0.989763
0.987239
1.01055
1.00066
0.99933
0.999553
1.00686
1.00709
0.985866
0.999296
0.995784
1.00949
0.97978
0.996613
0.966005
1.00292
1.00396
1.00177
0.986152
0.998532
1.01474
1.00746
0.993459
0.989623
1.00052
0.994843
1.00841
0.987936
0.993485
1.00095
1.01298
1.00965
1.01448
0.983103
0.996839
0.995583
0.989581
0.992819
1.01001
1.00075
1.01508
0.988305
0.994145
0.992548
0.993236
1.00744
1.0091
0.989743
0.996049
1.00585
1.00883
0.999245
1.00789
0.992596
1.00949
1.00974
1.01169
0.995544
0.980985
1.00179
1.0122
1.0007
0.990783
0.998016
1.00605
0.995302
1.01513
1.0096
1.01801
0.988177
0.992077
0.986934
1.00731
1.00245
0.992158
0.990958
0.988101
1.01105
1.00156
0.996505
0.999323
1.00255
0.99719
0.987413
1.01074
0.996852
1.00371
0.995106
1.00369
0.980188
0.974017
1.00134
0.99816
1.00909
0.987258
0.999344
0.986377
1.0111
1.02114
0.9867
0.993434
0.985681
0.983721
0.988406
0.993394
0.992733
1.01083
0.998524
1.00981
1.00284
1.00847
1.01499
1.00273
1.00275
1.01022
1.00892
1.00354
0.998557
1.00322
1.02173
0.966036
0.992325
1.00374
1.01943
1.00685
0.999299
1.00539
1.00055
0.993895
0.991672
1.01257
0.985884
1.00967
1.00941
0.993829
1.00973
0.996386
0.992094
1.00312
0.999264
0.997538
0.995648
1.01008
0.992547
0.991618
0.994981
1.01096
1.0073
1.00444
1.02867
0.989707
1.019
0.991951
1.03079
0.997882
0.999007
0.981062
1.01054
0.995599
1.00254
0.995993
1.00042
0.995793
1.01929
0.994563
0.991935
0.991049
1.01656
1.00801
0.98801
1.00242
1.00025
1.00558
1.00138
0.999522
0.996532
1.01305
0.995838
1.0114
1.02141
0.998954
1.00477
0.997758
0.989539
1.00753
0.994454
1.00844
1.01381
1.01188
0.996543
1.00836
0.977546
0.977751
0.995124
0.988639
1.01546
1.01312
0.999954
0.989132
1.00994
1.003
1.00337
0.991203
0.988093
1.00722
1.01067
0.990496
0.997516
1.00885
0.991675
0.993591
0.997446
1.00447
0.999985
1.01325
1.00575
0.99822
1.0091
0.991035
1.00918
1.00892
0.966627
0.998017
1.00635
1.00817
0.989501
1.00613
1.00099
1.00983
1.01111
1.00718
1.01592
1.00615
0.977431
1.00527
1.00109
0.978766
1.00719
1.0104
1.00298
1.02611
1.00804
1.00653
1.00526
0.98371
1.0135
0.999929
1.01434
0.980324
1.00161
0.995882
1.00986
1.02179
1.0078
0.996303
1.00601
0.991083
0.966407
0.994863
0.987553
0.993072
0.988619
1.00164
1.01924
1.00295
0.99129
0.999029
1.00464
1.00432
0.9771
0.997806
0.991299
1.01388
1.00563
1.00036
0.979263
0.995866
1.00682
0.994929
1.00667
1.01267
1.00364
1.01611
0.99217
0.984373
1.00551
1.00507
0.997108
0.994467
0.99909
1.00347
1.01151
0.99521
0.999837
0.989467
0.991161
1.01447
1.0009
1.00967
0.992941
0.989224
1.00129
0.974961
1.01065
1.01689
0.993173
1.01531
0.984024
1.01134
0.994123
0.991364
1.02395
1.00723
1.0183
0.983619
1.01444
1.0023
1.00708
0.998519
1.00808
0.996441
0.999023
1.01186
1.0062
0.994923
1.00353
0.994644
1.00119
1.00093
1.00215
0.992653
1.01527
1.01037
1.00032
0.996644
0.976825
1.00191
0.976304
1.00163
0.992427
1.02981
0.993468
1.00844
1.00743
0.999015
1.00375
1.00496
1.00146
1.00645
0.98681
0.990067
0.998664
0.998605
1.01199
1.01603
1.00595
1.00138
0.998838
0.99246
0.991908
1.00296
1.01127
1.00103
1.0099
0.987851
1.00568
1.00478
1.006
0.979692
0.981639
0.999296
1.00877
0.995999
0.990126
0.998042
0.981949
0.997521
0.989163
0.986893
0.998692
0.983106
0.985607
1.009
0.993089
1.0079
0.984525
0.99346
1.00302
0.999342
1.01125
0.976339
1.01441
1.00629
0.995921
0.993888
1.00442
1.01079
1.0074
0.993882
1.00753
0.998941
1.01122
1.00239
1.0302
0.986842
0.98508
1.01457
0.994249
1.01249
1.00757
0.985428
0.992853
1.00463
1.00022
0.977049
1.00662
0.987127
1.00317
0.979513
0.998136
0.989846
0.984679
1.00161
0.980244
1.00157
1.00271
1.00763
0.990642
0.993727
1.01191
0.978633
0.994301
0.999525
0.994651
0.990675
1.00364
0.999157
0.990699
0.999797
0.979957
0.996253
1.02513
1.01172
0.997105
1.00027
1.01058
0.996119
0.995404
0.992108
1.00541
0.99096
0.988099
1.00377
0.98227
1.02212
0.991272
0.97981
1.01024
1.00397
0.977265
0.997658
0.994707
0.990623
0.97863
0.992162
0.99911
0.988554
1.01858
1.00209
1.00786
1.02522
0.992288
1.012
0.99048
1.01652
1.00667
0.997814
0.985528
1.02608
0.983237
0.998735
0.996746
1.00409
0.997392
0.99503
1.00246
1.00119
1.00123
1.00202
1.00758
1.01675
1.01367
0.9901
0.99648
1.00737
0.99727
1.00197
1.00982
1.02873
0.992085
1.00057
0.997265
1.00373
0.997646
0.983743
0.992033
1.00864
1.01231
0.995224
0.99588
1.0115
1.01531
0.995587
0.998512
1.01431
1.01648
0.998031
1.01624
0.992113
1.00734
0.9864
1.00651
1.00342
0.975288
1.00128
1.01228
0.97842
1.00776
1.0082
1.00582
1.0067
1.00498
1.00265
0.994634
0.999937
1.01233
0.995416
1.00586
0.995759
1.00531
0.99362
0.987985
1.01672
0.991977
0.997199
0.993597
1.00154
0.997079
0.99193
0.995439
1.02414
1.00386
0.997249
1.00426
0.997804
0.991062
1.00263
1.00409
1.00522
1.00562
0.989469
0.997013
0.998657
1.01362
0.989168
1.01022
1.00773
1.01439
0.986089
0.98779
0.982181
1.02145
0.999968
0.999855
0.991197
0.98924
1.01138
1.01983
1.00086
1.00463
0.987447
1.03419
1.01546
1.0027
0.991337
0.980544
0.984282
0.998875
0.997592
1.00627
1.00282
0.989079
1.0065
0.999926
0.98871
1.0043
0.992072
0.994142
0.990993
0.984396
1.00963
0.995248
1.00384
0.989815
0.988355
0.988083
0.993952
0.995344
0.984565
1.00306
0.981364
0.993658
1.01068
0.995376
0.994295
1.01897
0.981457
1.01123
0.994187
0.999158
0.995047
1.02274
1.01039
1.00615
0.990435
1.00812
0.986257
1.01243
0.989877
1.02409
1.0028
1.00042
1.00427
1.02558
0.994706
1.02065
0.995857
1.00734
0.996806
1.01319
1.00954
1.00257
1.00215
0.99327
1.00266
0.993
0.999458
1.00543
1.01013
0.974348
1.01133
0.996073
0.986344
0.986814
0.984183
1.01383
0.999785
1.01438
0.98256
1.00473
0.995704
0.997931
1.01476
0.997733
1.00397
1.01422
1.00668
0.99491
0.999989
0.992015
0.991405
0.994561
1.01262
1.00977
1.01458
1.00803
0.996506
0.984442
0.996325
1.01358
0.994761
0.993236
0.998096
0.99662
1.01259
1.01092
0.994213
0.99647
0.993972
1.01087
0.997688
1.00886
1.0043
0.994974
0.993437
0.990387
1.00659
0.995318
1.00889
1.01513
0.999146
1.00525
0.999313
1.01585
1.0202
0.982591
0.99768
1.01192
0.998271
0.996906
1.00565
1.00737
1.0005
0.996855
1.00084
1.00373
1.01246
1.01814
1.00777
1.01465
0.985214
1.00755
1.01614
0.993416
1.01719
0.991685
1.02135
0.992512
0.992656
1.01762
1.00922
0.995682
1.00304
1.01844
1.0108
1.00285
0.998639
1.00448
1.01442
1.00191
1.00599
1.00245
0.980459
0.996925
1.00654
0.999692
0.999267
1.00342
1.01139
1.01663
1.00326
1.00761
0.980334
1.0078
1.00612
1.01045
1.01936
1.01566
1.03634
0.997602
1.00139
0.990314
0.998749
1.01154
1.0096
0.987008
1.00242
1.01333
0.992801
1.01248
1.02013
0.990339
1.00684
1.01579
1.00909
1.00883
0.989171
1.00573
1.00009
1.00008
0.994829
0.996777
0.995576
0.984405
0.987241
1.01818
1.01848
1.00005
0.995212
1.00918
0.999427
0.989715
0.998875
0.99939
0.994207
1.0053
0.988034
1.00608
0.982449
1.00855
0.997211
1.00098
1.0182
1.00213
1.00636
0.984801
0.978089
1.00176
0.990762
0.996526
0.993293
0.98945
1.00256
1.00553
0.994665
0.997596
0.988454
1.01397
0.994216
0.991057
1.00799
0.995267
0.995219
1.01271
0.999306
1.00854
1.00407
0.992179
0.992664
1.00936
1.00563
0.993452
1.0216
1.00169
1.00758
1.0038
0.996268
0.987448
1.00838
1.00633
1.00087
0.997382
1.00782
0.993352
0.997149
0.992223
1.005
0.986844
0.983834
0.990181
0.990984
0.999687
0.991333
0.984895
1.00829
1.0069
0.997832
1.00164
0.995791
0.991913
1.00223
0.987017
1.01209
1.00104
1.00594
1.00855
0.997018
1.00432
1.00115
1.00495
1.00581
1.00488
0.996747
1.01453
0.991094
1.00905
0.996665
1.00173
0.995259
1.00195
0.995942
0.992353
0.994472
1.01258
0.994016
0.994422
1.00013
0.991795
0.999655
0.975905
0.997224
1.00253
0.98127
1.01609
1.00321
1.01263
0.991186
0.986941
0.9942
1.00624
0.990921
1.00937
0.994543
0.999299
0.992526
1.00689
0.993189
0.998268
1.01161
0.997875
1.01019
1.00616
0.987952
1.00292
0.998927
1.01456
0.99514
1.00894
0.984535
0.996213
1.00423
1.01356
1.00295
0.998998
1.00789
1.00836
1.00749
0.996724
0.993052
1.00506
1.00931
0.988182
0.987796
0.993856
0.977031
1.00379
1.00664
0.997345
1.00925
0.995392
1.00198
0.986744
0.986464
1.01787
0.984511
1.00822
0.992556
1.00563
1.00921
1.00947
0.985909
0.996322
0.998361
0.985323
0.999795
0.996279
1.00366
0.982971
0.999013
1.00632
0.997711
1.00513
1.00347
1.00149
0.997824
1.00701
0.999182
1.01516
0.994532
1.00795
1.01722
0.991053
0.998869
0.990071
0.989748
0.988913
1.00248
1.0101
0.994003
1.00259
1.00405
1.00311
1.00114
0.992891
0.997382
1.00347
1.01158
0.98706
1.0042
1.01747
1.01302
0.994349
1.00652
1.00961
1.00766
1.00047
0.999294
0.998898
0.989861
1.00927
1.00361
0.990218
1.00521
1.00405
0.98282
1.00157
0.987401
1.00861
1.003
1.00919
1.00831
0.981873
0.978123
0.998715
0.999875
1.01445
0.997634
0.995024
1.01627
1.01447
0.994046
1.0109
0.993302
0.992654
0.985133
0.981584
0.99146
1.01135
1.00189
1.01026
1.0124
0.987878
1.00381
0.980894
0.991998
0.998169
1.00297
0.980555
0.993536
0.983377
0.995042
1.02528
0.99079
0.98965
0.988729
0.981343
0.992488
1.00455
0.999158
1.01075
1.00601
1.00255
0.993168
0.989995
0.995257
0.987933
1.00437
1.00933
0.99551
0.989798
0.988406
1.01869
1.00626
0.99812
1.00015
1.00108
1.00115
0.988678
0.999935
0.980957
0.974171
1.00697
1.00488
1.00683
0.996971
0.997631
1.00471
0.975183
1.00699
0.987714
0.993864
0.996346
0.998414
1.001
0.998291
1.00752
0.988911
0.982447
0.993342
0.989714
0.980443
0.991804
0.992657
0.996331
1.00117
1.00612
0.990837
1.00735
0.997408
1.00391
1.0036
1.00155
0.987162
0.998432
0.996575
0.990229
1.01961
1.00099
0.987045
1.00172
0.998627
1.01985
1.00261
1.00269
0.99223
1.01184
1.00666
1.0036
1.00978
1.00413
0.999459
1.0028
0.996544
0.993767
1.00592
1.00248
1.01906
0.994333
1.0101
0.98714
1.00248
1.01248
1.01424
1.02032
1.00157
1.01768
0.996631
1.00631
0.995877
0.993863
0.999534
1.00379
0.991769
0.989076
0.99756
0.995672
0.991091
1.00083
0.97598
1.00318
0.991413
1.00034
0.996518
0.995501
1.01698
1.01083
1.02497
0.993576
1.01051
0.994004
1.01256
1.00042
0.98712
0.974173
1.00292
1.00951
1.00255
0.981195
1.00242
0.993126
1.00611
1.00386
0.986167
0.992736
0.998403
1.00558
0.999534
0.983097
0.996688
0.9919
1.01225
1.00052
1.00668
1.00654
0.995639
1.01294
1.00527
0.995278
1.01866
0.992842
1.01524
1.00703
0.995191
1.01343
0.997093
0.992857
1.00156
0.990431
1.00658
1.01532
0.995338
1.02469
0.994237
0.993698
0.991296
0.987302
1.00473
0.992068
0.997894
0.991974
1.03295
1.00567
0.995388
1.00736
0.991795
1.0041
1.00522
0.991589
0.995822
0.988605
1.01428
1.00192
1.00981
0.997548
0.990344
0.998799
0.990205
1.0023
0.991535
0.978626
0.999596
1.00121
0.993937
0.998897
0.993369
0.986744
0.984763
1.01649
0.994759
0.998428
0.99243
1.00643
0.989675
1.00281
1.00536
1.00163
1.0013
0.995647
0.998584
0.994566
1.01497
0.993588
0.981934
1.01215
0.999597
1.0057
0.994116
0.989217
0.987627
0.977976
0.993638
1.00302
1.00473
1.02209
1.00957
1.00227
1.00818
0.976339
1.0282
0.990465
1.01145
0.994291
0.997213
1.02112
1.01571
0.985827
1.00211
0.999907
1.00252
0.977295
0.995759
1.01136
1.01179
0.986158
1.00725
0.99956
1.01469
1.00052
0.997012
1.00819
0.99155
0.995437
1.02244
1.00496
0.997355
1.01828
1.00245
1.00207
0.999509
0.983524
1.01458
0.973109
1.00119
1.02904
1.00344
1.01648
0.987093
1.00741
0.989714
1.00236
0.99363
0.989758
1.01043
1.01283
1.0004
0.992123
0.984683
1.00487
0.984784
0.994576
1.02768
0.986799
1.00138
0.998127
1.0016
0.993732
0.990779
0.997211
0.992013
1.0106
0.994338
1.0156
1.00126
0.990982
1.0255
1.00382
1.00219
0.992292
1.02173
0.988742
0.989637
0.980082
0.999893
0.9825
1.01247
1.01759
1.01547
0.977931
1.00308
0.987858
0.999702
0.999507
1.00065
1.00997
0.981975
0.990542
1.0058
1.00555
0.985844
0.984897
1.01074
1.00682
1.01123
0.976097
0.98977
0.98782
0.996824
0.991542
1.01024
1.02473
0.999152
0.999656
0.984747
1.0015
1.00268
1.00552
1.00783
0.982895
1.0102
1.00547
0.991575
1.0076
1.00064
0.989136
0.998809
1.00635
1.01755
1.00169
1.02017
1.01588
1.02848
0.989087
1.00946
1.00023
1.01038
1.00751
1.01612
1.00575
0.991664
0.99684
0.983835
1.0289
1.01206
1.00011
1.00245
0.988284
1.00345
0.985364
1.01658
1.01358
1.00083
1.00076
1.00097
1.00443
1.02448
1.01924
0.977723
1.00006
0.984581
1.0007
0.996701
0.999927
0.993677
1.0035
0.994957
1.00887
1.00304
0.991191
1.0077
1.00467
0.979647
0.999678
1.01409
0.991249
1.00091
0.981168
0.989657
0.993261
1.01038
1.00589
0.993034
1.00448
0.986639
1.00012
1.01048
0.999544
0.98627
0.983271
0.978613
1.00873
0.991081
1.00613
1.01877
1.01733
1.02644
1.00197
1.00558
0.978873
0.977466
0.991158
1.00394
1.00428
0.99194
1.01183
1.0083
0.989023
0.980361
0.992097
1.01718
1.00895
1.00492
1.01874
1.00355
1.01024
1.01362
1.02373
1.02167
1.00342
1.01136
0.995888
0.997798
0.993486
1.00595
0.982942
1.01009
1.00457
0.996357
1.00969
0.987279
1.0049
0.975925
0.992895
0.987907
1.00476
0.992911
1.00507
1.01249
1.00861
1.02228
0.978053
1.00443
1.01274
0.981316
1.02214
1.01465
1.01444
0.988054
0.99829
0.999449
0.997438
1.00163
1.00693
0.992107
0.977569
1.00316
0.992912
1.01153
0.99224
1.01585
0.996414
0.982944
1.00859
1.0007
1.00003
1.01691
0.995456
0.997973
1.00157
0.998987
1.01144
0.989606
1.00469
1.00073
1.00838
1.00782
1.00871
1.00305
0.984257
0.986748
1.01168
1.01117
1.0204
0.998362
1.017
1.0114
1.01142
1.00825
0.997368
0.997954
0.995816
0.997479
0.991679
1.00299
0.99659
1.00375
0.994221
0.986916
0.99784
1.00301
1.01842
1.00608
0.966823
0.995011
0.990062
0.99027
1.00689
1.02111
1.01017
0.984241
0.995045
1.00609
0.979107
1.00521
0.995504
0.995171
0.995737
1.00653
0.997182
0.995139
1.00524
0.993914
1.0074
0.991838
0.995615
1.00921
1.01515
0.98897
0.996009
1.01564
0.999203
0.998822
0.984674
1.00446
0.982948
0.999211
0.98173
0.983538
1.00573
0.99531
1.00896
0.981293
1.00151
0.99484
1.01122
1.00215
0.985182
0.989032
0.993427
0.989628
0.997307
1.00512
0.98724
1.00973
1.0075
0.996196
0.995344
1.0007
1.0021
0.996096
0.986774
0.977307
1.0231
1.00072
1.01377
0.999313
1.00712
1.00498
0.985004
0.990227
1.00811
0.986975
0.997789
1.00027
0.988871
0.989755
1.00326
1.01119
1.00274
0.996876
0.98034
0.993595
1.01375
1.01044
1.00461
1.00113
0.998439
0.992285
1.00643
1.01495
0.990391
1.00801
1.01186
0.978317
0.980578
0.998969
1.00042
1.01447
1.01185
0.995983
0.995533
0.985314
1.00054
1.0162
1.00999
0.996499
1.0183
0.98917
0.998758
0.99629
1.00517
1.006
0.991831
0.986591
0.999579
1.00168
1.00988
0.985533
0.990497
0.979747
1.00505
1.00889
1.00123
0.966858
1.00658
1.00221
0.99807
1.02761
0.992964
1.00022
0.986999
0.990146
0.979829
0.990928
1.00422
1.00369
1.01126
1.01117
1.00636
1.00717
0.983038
1.00193
1.00581
1.00028
0.979928
0.998406
0.990952
0.969391
0.986215
1.0201
0.995215
1.00596
1.0049
0.993884
0.992405
1.02546
1.01098
0.994746
1.01363
1.01835
1.00339
0.998616
0.973636
0.999645
0.993442
0.972316
1.00192
0.990879
1.01971
0.98857
0.982788
1.00508
1.00053
1.00362
0.996861
0.990405
0.970821
1.01319
0.996953
0.999499
1.00014
1.00519
0.983009
0.998844
0.999219
1.0043
0.996214
0.995625
1.00065
1.00174
0.993495
1.00567
0.991601
1.00096
1.00014
1.00097
1.00446
1.00387
1.00628
0.97757
1.00747
0.989237
1.00729
1.00807
1.00358
0.984952
0.998611
0.9793
0.995488
1.00114
0.999111
1.0011
0.979541
0.996035
1.00001
1.00234
1.00138
1.03353
0.986589
1.01741
0.992708
1.01722
1.00219
1.00346
0.981297
1.01115
1.00412
1.01371
0.988921
1.00707
0.982695
1.01383
1.00445
0.973929
1.0038
0.999413
0.996644
0.987981
0.991199
1.02787
0.997004
0.989153
1.00135
1.00457
1.00485
1.00753
1.01659
0.983901
1.02042
0.992827
1.00871
0.996891
0.987748
0.991204
1.00045
1.00867
0.995508
1.00562
0.986401
1.00155
1.0024
1.0028
1.02224
1.0127
1.00402
0.99547
1.02258
0.994956
1.00535
0.99744
0.993087
1.01798
0.977313
0.997297
0.993018
1.01223
1.00208
0.973785
0.994925
0.998381
0.996366
0.970179
1.01557
0.997821
1.02464
1.01095
1.01937
1.00027
1.00389
0.991752
0.993477
0.99657
0.996735
1.00628
0.992654
1.01379
0.998054
0.978209
1.01539
1.0012
1.0113
1.00455
0.999614
0.989122
0.992826
1.01042
0.990979
1.00238
0.989581
0.998954
1.00964
1.01941
1.00242
1.01051
0.982152
0.999143
1.00777
0.984232
1.00161
0.998963
1.00346
1.0023
1.00343
1.00403
0.996115
0.998572
1.00427
0.989257
1.01608
0.971714
1.01843
0.993926
1.00989
1.00588
0.97673
1.01917
1.00306
0.98235
0.991015
1.00966
0.980144
0.996611
0.999729
1.00366
0.993723
0.991444
1.00148
0.98459
1.01216
1.01995
1.01532
1.00339
1.01491
0.999344
1.01426
1.01504
1.01651
0.997683
0.999578
1.01001
1.00524
0.999506
1.01754
1.00186
1.00122
0.989465
1.00792
0.996043
1.00121
1.00172
1.01125
0.995528
1.01396
0.994593
1.02655
1.00943
0.993524
1.00975
0.997538
1.00068
0.990018
1.0085
0.984724
0.993466
0.984838
0.998417
1.0079
1.01572
1.00409
1.00313
0.998344
1.01141
1.00101
1.00874
0.982828
0.99112
0.991328
0.970196
1.00512
0.997553
0.995382
1.00884
1.00109
0.997126
1.02569
1.00531
1.0053
0.996468
0.993639
1.01302
1.0107
1.00487
0.998571
1.00299
0.995999
1.00891
0.994536
0.989088
1.01817
0.989368
1.02118
1.01083
0.993675
1.00432
1.00654
0.990984
0.992479
0.99336
0.994191
0.995222
1.00606
1.00742
1.00028
1.00742
1.00831
0.984786
1.0026
0.99642
0.995656
0.989265
0.986934
0.980816
1.00076
1.00209
0.999429
0.998774
1.00779
0.997066
1.00663
1.0208
0.998096
0.991285
1.00887
0.986532
0.980539
0.986885
0.998512
1.01979
1.00366
1.00774
1.00788
0.995189
0.986334
1.01838
1.01285
1.02063
1.0059
1.0046
1.00407
1.00862
0.983037
0.99671
0.994104
1.00169
1.02283
0.997345
1.01184
0.984419
1.00946
1.00473
1.00223
0.999847
1.00251
1.00626
0.992627
1.01203
1.02622
1.03041
0.989631
1.02149
0.994812
1.00334
1.02101
0.998123
1.00678
1.0087
1.00738
0.986628
1.00527
0.999929
0.991144
1.00582
1.01809
0.987514
0.996698
1.00108
1.00553
0.99451
1.00112
0.993034
1.00069
1.02384
0.997766
1.00942
1.01731
1.00682
1.00387
1.00819
1.00861
1.00809
0.991239
1.01206
0.991585
0.97905
1.00825
0.986958
0.996867
1.00076
1.00144
0.998048
0.997213
0.999726
0.986106
0.995575
1.00209
1.00096
1.02714
1.01292
1.01137
1.01038
0.991556
1.00432
0.993603
1.00101
0.9976
1.00501
0.993719
1.01246
0.992307
1.01429
1.01445
0.988857
1.01474
1.00239
1.00122
0.989918
0.99619
1.01128
1.01091
1.0013
0.99995
0.991455
0.995188
0.997815
1.01364
0.983292
0.996607
0.985355
1.01228
0.988795
0.991096
0.993628
1.00931
1.02382
1.01513
1.00454
0.986134
1.00289
0.983412
1.00568
1.00348
1.00552
1.00666
0.995998
1.01953
0.982585
0.990287
0.992205
0.996987
1.03043
0.995581
1.00936
0.975394
1.01483
0.998791
1.00659
1.02128
0.981976
0.986575
1.0004
0.99206
1.00795
0.980033
0.992579
1.01177
0.984889
1.00635
0.995719
1.00114
0.991077
0.999504
1.01549
1.01263
1.00976
1.0086
1.00124
1.00268
1.01001
0.98724
1.01181
0.995942
0.98213
0.995173
0.997767
0.985246
1.00494
0.987712
1.01216
0.996855
0.997037
0.996586
1.00429
0.982817
0.991981
0.986809
0.9921
0.998595
0.997063
1.00981
0.998219
0.998007
1.01708
0.994335
1.01395
0.987446
1.00755
1.00079
0.988128
1.03092
1.00249
1.01565
1.00632
1.00388
0.985149
0.995655
0.985705
0.987259
1.00308
0.998549
1.00711
0.990384
0.986886
0.982462
1.00305
0.993502
0.99921
1.00539
1.01164
0.99139
0.991905
0.999328
0.978593
1.00886
1.02165
0.993039
1.00378
1.00374
1.0032
1.00754
0.9898
0.981817
1.0306
1.01298
0.999742
1.00047
0.996136
0.997269
1.01449
0.971387
1.00138
0.975855
0.996026
0.999156
1.0043
0.996758
0.98522
0.983141
1.01608
1.00122
0.990601
1.0103
1.00931
0.997079
0.997877
1.00816
1.00927
0.999875
1.01067
0.983701
0.99319
0.99855
0.993177
1.01108
1.01223
0.993903
0.990545
1.0083
0.997395
1.00445
0.99521
1.01643
0.998407
1.00427
0.982411
1.02552
1.00352
0.997168
1.00992
0.997055
0.994614
1.01045
1.00572
0.99085
0.998067
1.01285
1.00419
1.0039
0.993017
1.00119
1.00808
1.00684
1.01278
1.00119
1.00104
1.01791
1.00378
1.0028
1.00413
1.00498
1.02442
0.987565
1.00856
1.0118
1.00016
0.996961
0.995791
0.998722
1.01693
1.0006
1.01045
0.986663
1.01039
0.998323
1.00515
1.00574
0.997778
0.998782
0.986885
1.02337
0.995386
1.01032
1.00318
1.00537
0.987121
1.0059
0.97877
0.995553
0.996929
1.0175
1.00808
1.01205
1.00242
1.01935
0.983596
0.984569
0.985157
0.992922
1.00414
1.00015
1.02113
0.998633
0.984762
0.984115
1.01688
1.00075
0.997317
1.00689
1.00465
1.00442
0.99423
1.00622
1.00155
1.01749
0.992269
1.00927
1.00372
0.977015
1.00986
1.00242
1.01011
1.01754
1.00787
0.999243
1.01249
0.988935
0.994724
0.983419
1.00094
1.01622
1.00423
1.00842
1.00249
1.00524
0.973629
0.989075
0.988892
1.01259
0.997983
1.01275
0.999432
0.985677
1.00165
0.993365
1.0042
1.0035
0.991262
1.00553
0.996016
0.979706
1.00488
0.973466
0.966404
0.996577
1.01018
1.0181
0.988952
1.00631
1.01518
0.981727
0.980955
1.00578
1.01452
1.00602
0.99286
0.987675
1.01455
0.986549
0.996237
1.0082
1.00134
0.974275
0.989846
0.984877
0.985277
0.998703
1.01168
1.00832
1.00883
1.00988
0.982644
1.00129
0.988
1.01419
1.02473
1.00214
0.98846
0.997012
0.999781
0.995191
0.9834
1.00822
1.01715
0.989067
0.996977
1.0043
0.99826
1.00172
0.997902
0.993669
1.00857
1.01147
0.984264
0.998624
1.00075
0.993526
0.993291
1.01172
1.00755
0.979846
1.00814
0.983029
1.00598
1.00537
1.03255
0.997166
0.987867
1.00136
0.996486
0.991915
0.980907
0.995429
1.00905
1.02007
0.997872
0.987652
0.993115
0.998819
0.993239
1.00269
1.00937
0.994102
0.996294
0.998851
1.02304
1.00197
1.01484
0.992294
1.00164
1.0068
1.0205
1.00701
1.01555
1.00303
1.00055
1.01332
1.00172
0.994018
1.01159
0.998525
1.01201
1.01042
1.00152
1.01211
1.00223
0.989893
0.97968
1.01748
0.98921
1.00711
0.991186
0.992891
0.995562
1.0052
1.00424
1.00377
1.01474
1.00366
1.01505
0.997674
1.02189
0.976469
1.0028
1.01502
0.997348
0.989338
0.990147
1.00409
1.0015
0.978998
0.994162
0.996835
0.99822
1.00906
1.0223
1.01011
0.981345
1.00191
1.00806
0.987318
1.00933
1.00583
1.00743
0.996474
1.00421
1.00026
1.01147
1.02243
1.02066
1.0155
1.00328
1.0025
1.00785
1.00192
1.01779
1.00701
1.00256
0.999766
0.996248
1.01159
0.992231
0.979271
1.0174
0.993574
1.01601
0.969379
0.999196
0.989279
0.986832
0.984739
1.0042
0.986865
0.988535
1.02647
0.997086
0.996555
1.00565
0.994485
0.985112
1.01762
0.992194
0.995193
1.02463
1.00404
0.99694
1.01012
1.01742
1.00189
1.00268
1.0057
0.990426
1.0053
1.00875
1.01489
0.997192
0.999715
1.00451
0.9962
1.01351
0.998365
0.986112
0.998362
1.02174
1.0019
0.975997
0.995013
0.99726
1.01346
1.01391
0.999857
1.00518
0.986295
0.992991
1.00286
1.00107
0.997184
1.00176
1.00652
0.992561
1.00479
0.996977
1.01024
0.985957
0.988745
1.00108
0.989172
0.994318
0.987891
0.992613
0.997858
0.982033
1.02303
1.0013
1.00474
0.994679
1.00753
0.995294
1.0121
0.998676
1.00285
1.01034
0.990962
1.00098
0.988176
0.998353
1.00034
1.00586
0.992442
1.00732
0.980059
1.01448
0.992448
1.00362
1.01197
1.00037
0.980909
1.02672
0.994555
1.00684
0.994847
0.99174
0.971503
1.00802
0.986534
0.985869
1.00416
1.00255
1.00322
1.0002
0.992525
1.00709
0.99579
1.01383
0.980867
1.01256
0.966567
0.986777
0.983505
1.0097
0.98064
0.987899
0.995944
0.982982
1.00108
0.979233
1.01268
0.987686
1.00392
0.997341
0.997411
0.9868
0.989495
1.00529
0.995284
1.01894
0.986242
0.998668
1.00814
1.00401
1.01933
0.985547
1.00105
0.992277
0.981033
1.00702
0.999933
1.00915
0.998152
0.998955
0.993938
0.984185
1.02107
0.988916
0.979752
1.01423
1.00801
0.983439
0.998484
1.02412
0.994496
1.0138
1.00469
0.980372
0.992509
1.00456
1.0091
0.991031
0.989142
1.00073
0.991779
0.993154
0.992653
0.984243
0.983587
0.974178
1.00274
1.0136
0.99798
1.01245
1.01056
1.01472
0.998689
0.994308
1.00275
1.01208
1.00489
0.981538
1.00508
0.987156
1.00416
1.01064
1.00091
1.01492
0.996029
1.00635
1.00217
0.987409
1.01432
1.00231
0.987451
0.99574
0.988539
0.998042
1.00545
0.996024
1.009
0.98648
0.983442
1.00972
1.01234
1.02003
0.990965
1.00412
0.994829
0.999352
1.01203
1.00842
0.992932
1.00144
0.995491
0.986242
0.999512
0.995253
1.00489
0.989792
1.00712
0.994773
0.991686
0.994524
1.01752
1.00489
0.993188
0.981859
1.00683
0.985225
1.0044
1.00112
1.0171
0.990219
1.02425
0.99998
0.988855
1.00194
0.994002
0.997761
0.976765
1.00227
0.999984
0.995194
0.992002
1.00393
1.00803
1.00401
1.00768
0.994947
1.00255
0.995934
0.99281
0.988909
1.01324
0.993324
0.990497
0.99249
0.989711
0.978938
0.994609
1.00682
1.02169
0.998862
1.00005
0.993938
1.00609
1.01448
0.994948
0.974476
1.00215
1.00245
0.991653
1.00328
1.00048
0.993604
0.992586
1.00203
0.999335
1.00261
1.0184
1.02273
0.998708
1.01949
0.999937
0.989946
1.0012
1.0324
0.987883
1.02695
1.00318
0.974174
0.986972
1.00428
0.999579
1.00324
0.977783
0.999467
0.982902
0.996403
0.997668
0.995642
0.989903
0.991209
1.00722
1.0031
1.0047
0.997966
0.997053
1.00533
0.985687
0.989058
0.982186
1.00522
0.973334
0.986256
0.997252
1.00379
1.01867
0.981859
0.997512
0.995968
1.00379
0.995772
0.993159
1.00489
0.994889
1.00057
0.990134
1.01638
0.992028
1.01499
0.992147
1.00545
1.01662
0.994979
0.977043
0.981432
0.99195
1.0011
1.02335
1.00148
0.989161
0.993882
1.00773
1.01406
1.02006
1.00227
1.00117
1.00403
0.984267
0.966168
1.00572
0.98584
1.00354
0.988907
0.993557
1.00183
1.00023
1.00341
0.998352
0.993437
0.999203
0.994765
0.994069
0.981887
0.995676
1.00349
1.00553
1.00035
0.99866
1.00182
0.992339
1.00859
1.01229
0.998638
1.01037
0.99978
1.00334
0.986651
0.995826
1.00963
1.00347
1.00241
0.997429
0.989151
0.993714
0.983649
1.0103
1.00683
1.01307
1.00424
0.999071
0.993055
0.996721
0.984297
1.01909
0.991842
0.993876
1.00154
0.994495
0.990896
0.991147
0.993198
1.00694
1.00725
0.999282
0.992915
1.0036
1.01106
0.996542
1.0061
1.0131
1.00433
0.993211
0.982394
1.00529
1.00944
1.02741
0.984486
0.994544
0.991326
0.997097
0.987169
1.00521
1.01368
1.00729
0.98656
1.00432
0.986296
0.992561
1.012
1.00396
1.00565
0.996979
1.01408
1.01502
0.994485
0.981439
0.995203
0.99673
1.00618
1.01049
1.00608
0.999368
0.987726
1.00266
0.998504
0.997218
1.00939
0.993734
1.00749
0.997843
1.01327
0.991293
0.985053
0.998323
0.994659
0.976783
1.01587
0.981996
1.00076
0.989141
0.998298
1.00469
0.987342
0.991884
1.01805
1.01147
0.999019
1.00217
0.997309
1.01538
0.985351
1.0056
1.01191
1.02004
0.993937
0.984536
0.987541
1.00941
0.988989
0.990582
0.995245
1.02367
1.01078
1.00006
0.993811
0.988289
1.00548
1.01137
1.01233
1.00075
0.989675
1.0099
1.01649
1.01061
1.00185
0.995939
0.996156
0.989843
1.01448
1.0002
0.990437
1.00092
1.01499
1.01491
0.989606
0.971469
0.993428
1.0183
0.99845
0.979864
1.00633
1.01098
1.01418
0.986782
1.00134
1.00593
1.00321
1.01155
1.00109
1.00801
0.986239
1.01357
1.00014
0.994716
1.00586
1.00467
0.97902
1.01759
0.990678
1.00411
1
1.00928
0.983829
0.998844
1.00942
1.00121
0.995569
1.02462
1.01397
0.997266
1.01019
1.014
0.979206
1.03494
1.00322
1.02464
1.01836
0.997399
0.990303
0.991398
0.996685
1.02211
1.01477
0.986583
1.00855
0.997706
0.992891
1.01319
1.00396
1.00498
0.999994
1.01108
1.01207
0.993557
1.00707
1.02053
1.00633
0.99796
1.01956
0.9972
1.02615
1.00456
0.997895
1.03102
1.01039
1.00497
0.989696
0.999433
0.98573
0.994433
1.0118
1.00623
1.011
1.01634
1.02109
0.992359
0.995293
1.02267
1.00311
0.990994
1.01955
0.972901
0.989997
1.02
1.01366
1.00514
1.0074
1.01082
1.00674
0.993414
0.997809
1.0222
0.991339
1.00124
1.00513
0.996774
0.98435
1.01301
0.993537
0.998541
1.00523
0.98889
1.01742
0.986688
0.997711
1.02397
1.01406
0.997467
1.00464
1.0089
0.988102
1.00093
0.995559
1.01193
1.02703
1.00436
1.00799
0.998567
1.00573
1.01252
0.990156
1.01593
0.998483
0.999771
1.00024
0.984361
0.999796
0.999319
1.00043
1.0044
1.00343
1.00582
1.0024
0.999176
1.01154
0.994896
0.987362
0.982582
0.998981
1.00205
0.998312
0.998921
0.99579
1.00778
1.00745
1.00658
1.00172
1.0127
0.99851
0.984348
1.00932
1.00955
1.01118
0.993247
1.0228
1.0071
0.994836
1.00698
1.00635
0.975917
0.991021
1.00088
0.995378
1.00713
0.984916
1.00586
1.00828
1.01665
1.01824
1.01259
0.994719
1.01236
0.980552
1.01624
1.00508
0.998519
0.998164
0.988954
0.991405
0.992872
0.997851
0.986494
1.00085
1.01036
1.00399
0.994514
1.00872
1.01144
1.01303
0.996032
0.982921
0.997097
0.988071
1.0083
1.00524
0.994474
0.998966
0.985572
1.01246
1.0055
1.00426
0.97779
1.01656
1.00204
0.980002
1.00245
0.993408
0.999698
0.979308
1.00597
1.00807
1.01656
0.981006
1.01484
0.991255
1.00671
0.974896
1.01068
0.993163
0.993593
0.987263
1.01522
1.00149
0.995367
1.01937
1.00373
0.99828
1.01407
0.999591
0.998737
1.0089
1.01463
1.01711
1.02189
1.00312
1.00162
0.98516
1.00377
1.0103
1.01062
0.980416
1.00932
1.01474
1.00521
0.996341
1.00794
0.981169
0.99392
0.995591
0.988513
0.976229
0.993683
0.991921
0.989912
1.00418
0.992609
1.01037
0.994012
0.996634
0.98885
0.997725
1.00957
0.990567
1.01908
0.982032
1.0047
0.985497
0.978425
1.01447
1.00403
1.00982
0.996444
1.00524
0.9996
1.00246
0.982961
1.01784
0.992666
1.02188
0.979663
1.01925
0.991969
1.00068
0.995812
0.99661
1.02434
1.00281
0.990118
0.988045
0.995205
1.0045
0.999283
1.01469
1.00536
1.0032
0.998837
0.994382
1.01536
1.00179
0.990406
1.01464
0.971607
0.991903
1.00636
1.02842
1.00368
0.986894
0.99582
1.01668
1.0008
0.998887
1.00297
1.0003
0.997475
0.984152
0.987216
0.998794
0.998922
0.995062
1.00573
0.983818
1.00078
0.993357
1.01355
0.994086
1.00648
0.996337
0.995265
0.979065
0.991205
1.0177
0.992097
1.00235
0.994663
1.00087
1.00548
0.999885
1.01915
1.01602
1.00594
1.00005
1.01207
0.998335
0.989664
1.01797
1.00296
0.991162
1.0007
1.01682
1.00732
0.995708
1.00076
1.00672
1.00068
1.00369
0.985361
1.00077
1.01784
0.995836
1.01043
1.00281
1.01784
0.999903
0.99441
0.99908
0.987834
0.997366
1.0178
0.998369
1.00556
1.00157
0.999542
1.00426
1.01221
1.00288
1.00642
1.0118
1.0292
1.01589
0.994357
1.0187
1.00787
0.978832
1.00575
1.01831
0.997064
1.01982
0.999676
1.00019
1.01299
1.00802
1.04159
0.984802
0.986712
1.00705
1.00257
0.999984
1.02247
1.02304
0.997696
1.0003
1.01047
1.0017
1.01261
0.970459
1.00535
1.00405
0.995292
0.995526
1.00061
0.987288
0.992127
0.986348
1.00644
0.977358
0.993359
1.00125
0.998238
1.00509
0.99848
1.00924
1.00874
1.01836
1.00725
0.985915
1.01212
0.994534
0.991403
0.991134
0.99616
0.982393
0.975995
0.976484
1.00136
1.01035
1.01146
1.00989
1.00076
1.01299
0.993782
1.00132
0.983708
0.991863
1.00158
1.00227
0.987623
1.00293
1.01421
0.995562
0.996236
1.00375
0.995014
0.99924
0.997524
1.00869
0.996817
0.983851
0.994896
1.01316
1.00632
0.992473
1.01091
1.00694
0.99404
1.00265
0.998262
1.00095
0.999635
0.982229
0.997314
1.00902
0.991773
0.990388
1.00208
0.99248
1.00806
0.989381
1.01542
0.968923
1.00512
0.995229
0.979503
0.999951
0.99346
0.99734
0.995727
1.00058
0.991041
1.0136
1.02117
0.98935
1.00489
0.998897
1.006
0.98961
0.986153
1.00955
1.01744
1.01071
0.980289
0.977376
0.99818
1.00107
0.998882
0.982581
0.996416
0.999007
0.997048
0.992714
0.983379
1.02165
1.01006
0.992793
1.00207
1.01678
0.988179
0.994213
1.00811
0.985651
1.00852
0.994502
0.988528
1.00379
0.980045
0.990529
1.00313
1.01034
0.987262
0.985751
1.00876
0.982698
1.01879
0.9991
0.992293
1.01157
1.01772
1.0097
0.998418
0.969114
0.997887
0.999578
1.00696
1.00605
1.01233
0.980812
0.991786
1.00014
1.00265
1.00855
1.00253
1.00369
1.00423
1.01352
1.00508
0.994157
1.01073
0.99772
1.01075
0.983993
0.986573
1.01227
1.02648
1.00009
1.01628
0.99484
0.995207
1.00256
0.982621
0.994551
0.993305
0.99635
1.00006
0.985694
0.985098
0.976426
0.970486
0.993545
1.00995
1.00901
1.0057
0.995329
0.995491
1.0022
1.0028
0.996327
0.99491
1.00087
1.00043
0.993913
0.991352
0.996538
0.992299
0.988364
0.995806
0.981897
0.99696
0.981029
0.996817
0.999531
1.01802
1.00243
1.00481
0.986757
1.00578
1.01708
1.01717
1.00311
0.997123
0.993544
1.00578
0.987211
1.01167
0.99658
1.01064
0.988455
0.993699
0.994546
1.00739
1.02119
0.996824
1.02236
1.0008
0.997293
1.00745
1.0121
1.00772
1.01025
1.01117
0.991339
0.996951
1.01577
1.01488
1.00296
1.00373
0.978418
1.00636
1.0068
1.00356
0.997291
1.00552
1.0159
0.991595
1.01834
0.996178
1.00565
0.995095
0.985465
0.998849
1.00132
0.992083
1.00567
1.00036
1.00917
1.00016
0.996396
1.00506
1.0151
1.00595
1.00078
1.00328
0.984126
1.00181
0.990191
0.993238
0.984675
1.00342
0.990775
1.004
0.999016
1.01073
0.991304
0.977676
0.994962
1.00218
0.987706
0.979545
0.993583
0.993861
1.00182
1.01951
0.991768
1.01468
0.984603
1.01333
1.0122
1.01344
0.997615
0.991584
0.990103
0.99717
0.98554
0.982301
1.00692
1.00137
0.993464
0.997794
1.00087
0.994692
1.01057
1.00663
1.00167
0.996416
0.998368
1.02424
1.00076
1.0089
0.999904
0.990689
0.994593
0.991078
0.992142
0.993039
1.00337
1.01097
0.992711
0.985005
0.992288
0.975808
1.00049
0.991899
0.988189
1.00683
1.00456
0.996802
0.999707
0.994684
1.00129
0.987267
1.00408
0.984033
0.993756
0.99995
0.990864
1.00694
0.994427
1.00251
1.00625
1.00459
0.998354
0.986919
0.98928
1.01005
0.988201
1.00637
0.987668
0.991729
1.04208
1.00915
1.01142
0.994942
0.984365
1.00001
1.00074
1.00481
1.00628
0.989878
0.97358
1.00377
0.993736
0.991711
1.00333
1.00854
0.997378
0.994448
0.997277
1.00791
0.990944
0.998499
1.006
0.999371
0.992451
0.979016
1.0229
1.01268
1.0024
1.01176
0.985126
0.994674
1.00817
0.997039
1.01406
1.01622
1.00284
1
1.01418
1.02431
1.00368
1.00315
0.994012
0.996347
1.00854
0.994423
0.998167
0.996404
0.996384
0.993386
1.01861
0.983868
0.965057
0.999137
1.01711
1.00131
0.99623
0.994681
0.987554
1.00603
1.00095
1.00408
0.990668
1.00473
0.973466
0.994334
0.996903
0.990746
0.987023
0.988293
1.00918
0.976367
0.999643
1.00316
0.989642
1.01258
1.00396
1.01765
0.99518
0.98344
1.00338
1.00148
0.976869
1.00558
0.98306
0.99387
0.995734
0.985969
1.00688
1.00728
1.00799
0.995561
1.0058
1.00974
1.01858
0.990168
1.00837
1.02059
0.994571
0.996607
0.997182
1.00226
1.01703
0.984582
1.00161
1.02552
0.99947
0.990188
0.996096
0.991682
0.998203
1.00546
1.00852
1.00987
0.992206
0.996007
0.981472
0.997116
0.99199
0.999568
0.99867
1.0016
1.01221
1.00265
1.02099
1.00282
0.986755
0.985942
0.994811
0.989664
1.01108
1.00484
0.995421
1.01301
0.998702
1.02638
0.995279
0.998754
1.00409
1.01361
1.00067
0.994834
1.00007
1.01678
0.982869
0.991609
0.983489
1.03028
0.998886
0.993373
0.994411
1.00736
0.997231
0.99709
1.02784
0.986439
1.00149
1.00419
1.00693
1.00684
1.00209
0.992902
1.00613
1.00391
1.01303
1.00475
0.996866
0.997964
0.980202
0.997002
0.982061
0.985695
0.977587
0.987883
1.00831
1.01204
0.996284
0.995157
1.03464
1.00311
0.986181
1.00832
0.980936
0.98293
0.997937
0.996725
0.997361
0.967986
0.993331
1.00234
0.982634
0.982165
1.00612
0.994063
1.00055
1.00772
0.981996
0.99213
1.00414
0.994777
1.00278
1.00115
1.01745
1.0297
1.01251
1.00716
0.995182
0.994477
0.983976
1.00578
1.00692
1.0189
0.977467
0.992234
0.994353
0.99637
1.0059
1.00243
1.00643
1.00655
1.0007
0.97612
0.993636
1.00173
0.973738
1.01485
1.01803
0.989042
1.00342
0.988556
0.985997
0.987375
0.998397
0.987595
1.01534
0.994498
1.0039
1.01736
0.998413
1.01072
1.00316
0.984866
0.982966
1.00397
1.02229
1.00581
1.00979
0.998033
0.999184
1.0144
0.995753
1
0.999389
1.00488
0.991008
1.00053
1.0151
1.00905
1.01555
1.00728
1.0116
0.994077
0.990217
1.00714
0.996037
0.999074
0.989152
1.01786
0.997802
1.00266
1.00398
1.00391
0.994192
1.00939
0.992053
1.01277
1.00435
0.989398
1.01314
0.977546
1.00895
0.999311
0.994715
0.99733
1.0073
0.977564
1.00487
1.00545
0.982255
0.98043
1.00024
0.992401
0.995887
0.975837
1.01813
0.989946
1.00814
1.00703
1.03138
1.00325
1.00401
1.00028
1.01276
0.989631
0.995612
0.999405
0.973526
0.996554
0.991402
0.99942
1.01101
0.991577
1.01584
0.993946
1.00573
0.999897
0.999629
1.03384
0.999551
0.997137
1.01991
1.00781
1.00985
0.991597
1.01433
1.01344
0.997848
1.00646
0.988787
0.993098
1.01164
0.998553
1.00158
0.995113
0.986399
0.992447
1.00719
1.03122
0.996809
1.007
1.02271
0.969339
1.01824
1.00029
0.991107
1.02002
1.00711
0.988985
1.00356
0.993734
1.00451
0.999951
1.01846
0.988337
0.977711
1.0124
0.991057
1.00298
0.993402
1.00234
1.00215
1.00979
1.00033
1.01679
0.988327
0.999279
0.995725
1.00915
0.982515
1.00694
1.01562
1.00979
1.00857
1.0049
0.992349
0.990291
0.998989
1.01119
0.986311
0.990167
0.99262
0.992615
0.988204
1.01357
0.988045
1.00131
0.991863
1.00754
1.00168
1.00108
1.01234
0.992164
0.986865
0.995949
1.00024
1.00089
0.979111
1.01278
1.01334
1.00579
1.01293
1.00833
0.998984
1.00853
0.995444
1.00844
1.00077
0.999275
0.981323
0.991686
0.983677
1.00512
1.00973
0.997222
1.00799
0.990107
1.00483
0.997711
1.00864
0.995532
1.00426
0.99188
1.00755
0.990376
0.99533
1.00028
1.00206
1.00324
0.99317
0.996937
1.00615
0.995447
1.00654
0.998143
1.00863
1.01314
0.984552
1.00888
0.993529
0.983947
0.991378
1.01084
0.989507
1.00371
0.99925
1.00884
0.987429
1.00534
1.00341
0.991647
0.995278
0.992195
0.999905
1.00619
0.99845
0.99296
1.00518
1.00496
1.00926
1.00119
1.00133
0.980681
1.00642
1.00478
0.98905
0.99483
1.0166
0.975752
0.995563
1.01095
1.00812
1.00918
1.02536
1.00022
0.984155
1.00025
1.02
0.992008
1.0043
0.996339
1.00993
1.00151
0.99472
1.00715
0.980413
1.00739
1.00665
0.981297
1.01742
0.986025
0.987345
0.997536
0.988178
0.987961
0.991937
0.995688
1.00417
0.991084
0.998418
0.99528
0.975202
0.977876
1.00997
1.01948
1.0015
1.00385
1.00125
0.994275
1.00606
1.00337
0.996162
1.01587
1.01337
0.995297
0.994442
1.01466
0.993697
0.989776
1.00648
1.00714
0.995462
0.996159
1.01731
0.994752
0.989753
0.995576
0.991743
0.99504
0.994776
0.991257
0.9716
1.01331
1.00711
0.999153
0.991367
0.990164
1.00933
0.99303
1.0186
0.989643
0.979828
1.00419
1.00099
0.988438
0.989403
0.995903
1.01306
0.983525
0.989373
0.999551
0.990379
1.01367
1.01214
0.997091
0.992641
0.997628
0.996616
0.987202
1.01217
0.995175
1.00544
0.986629
1.01147
1.00993
0.992984
1.00617
1.01056
0.995518
0.999157
1.0199
0.997567
0.995995
0.977521
0.986802
0.98294
0.998755
0.997691
0.995218
0.982483
1.01942
1.01211
0.99102
1.01713
1.00203
0.987054
0.99614
1.0099
1.00774
0.986938
1.00222
0.994555
1.02582
1.0103
1.00705
0.994864
0.994207
1.0071
0.996318
0.987411
0.994383
1.01695
1.00654
1.00445
0.996496
1.00327
1.00107
0.992794
1.00208
1.01058
0.992899
1.00664
0.998928
0.998276
0.991376
1.01885
1.01338
1.01013
0.984853
1.00782
1.01957
0.979975
1.00502
0.995733
0.993499
1.00192
1.01435
0.987279
0.999019
1.01185
0.995157
0.990165
0.998021
0.996688
0.996524
1.01479
0.995289
0.970585
0.986166
1.01986
0.983433
1.00118
0.987585
1.00595
1.004
0.994721
0.999146
1.00194
1.00266
1.00011
1.00486
0.985996
1.01535
1.00284
0.97876
1.01152
0.999471
1.0037
0.990011
1.01025
0.985986
1.00091
1.00215
1.00081
1.01196
1.00401
0.989194
0.991965
0.971435
0.997167
1.01841
0.987059
0.984163
0.994827
0.985173
0.990398
0.998973
0.991814
0.970155
0.987034
1.01428
0.993359
0.997766
0.992836
1.00188
1.01123
1.00432
0.994207
0.994186
1.01107
0.997491
0.990498
1.00761
0.998317
1.01216
0.985713
0.998212
1.01293
1.01208
0.98663
0.990862
1.00897
0.98976
1.00499
1.00008
1.00651
1.01035
1.00133
0.993886
0.978147
0.993493
0.986935
0.987592
0.996095
0.986325
0.999995
1.026
0.989069
0.994251
1.00481
0.99741
1.00507
0.994247
0.982219
1.00771
1.00475
1.0019
0.989701
1.01456
0.997612
1.00535
0.995188
1.01752
1.01047
0.997899
1.01637
1.01537
0.990944
0.995294
0.983001
0.98683
0.993454
0.997811
0.998492
0.986914
0.988221
0.988771
1.00037
0.995502
1.00953
0.990232
0.991692
0.99023
0.997128
0.978324
1.01121
1.00204
0.996275
0.972302
0.998724
0.992017
1.00623
1.0211
0.990085
1.00376
1.0029
0.994861
1.01268
1.01634
0.997455
1.00045
1.01487
1.00722
0.993646
0.994267
0.996209
1.01842
1.01167
0.999327
1.00815
1.01495
0.993212
0.992784
1.02219
0.989401
1.01247
1.00405
1.00586
0.97554
1.0034
1.0214
1.00138
0.995581
1.00784
1.00348
0.998881
1.01759
1.0084
0.998851
0.995976
1.00681
0.98781
0.998088
0.982845
0.976782
0.994552
0.996963
0.991968
1.0052
0.993316
1.00386
0.996926
0.995031
1.00573
0.985738
0.993985
1.00794
1.01384
1.00868
1.00576
0.993204
0.997432
1.00596
1.00014
0.992734
1.00643
1.00053
1.00469
0.985376
1.00793
1.00246
0.99612
0.991722
1.01834
0.990396
1.00537
0.994676
1.00928
1.00455
0.983548
1.01282
1.00557
1.0025
0.99808
0.998594
1.00219
1.00854
0.996693
1.02092
1.0243
0.998085
0.995312
0.984911
0.992946
1.02019
1.00889
1.00591
1.01369
0.99997
0.998657
1.00725
1.00202
0.987559
1.00981
0.977362
1.01608
1.01594
1.01502
0.977822
1.02746
0.991823
0.986035
1.00525
0.989838
0.986921
1.01175
0.98434
1.00379
1.02474
0.997102
0.991167
0.995092
1.00279
1.00293
1.00458
0.994948
0.997652
1.00709
0.989482
0.995916
1.00431
0.986702
0.99077
0.995029
0.98899
0.989494
1.00709
1.0053
0.992786
1.01598
1.00773
1.00126
0.992124
1.00232
1.00411
0.983639
0.995686
1.01035
1.0157
0.996284
0.999928
1.00814
1.0035
0.992002
0.991285
0.999634
0.99525
0.998496
0.98581
0.994532
0.998623
0.998455
1.00567
0.997525
1.00289
0.994058
0.979154
0.991529
0.997789
1.00319
1.0177
1.01052
1.01432
0.99846
0.994812
1.00598
1.00602
1.01421
1.0105
1.00704
0.995452
1.0117
1.01962
1.00096
1.00416
0.99477
1.00549
1.00615
1.00498
1.01196
0.99114
0.997852
0.99202
1.01964
1.00273
1.01741
1.00493
0.990248
0.998712
1.02353
1.0044
1.00678
0.993712
1.01216
0.997439
1.00466
0.975214
1.01963
1.01364
1.00633
1.02071
0.994292
0.992868
1.00406
1.00787
1.01056
0.991764
0.984289
0.983238
1.00161
0.996133
1.00404
0.987531
0.992282
0.997924
0.982749
0.979366
0.978792
0.9985
1.01205
1.00209
0.985678
0.995167
1.00712
0.990824
1.01381
1.00837
0.996036
0.988967
0.979039
0.997212
0.983003
1.0085
1.00017
1.01347
0.998457
0.98974
0.983728
1.02181
1.00037
0.994105
0.994914
1.0122
0.978611
1.00003
0.997744
1.02048
1.00542
1.00216
0.993433
0.999996
0.999021
0.989122
0.985231
0.991032
1.00456
1.01537
0.998435
0.999754
0.994626
1.00627
0.992451
1.01274
1.00479
0.99803
1.00058
1.01925
0.987701
1.0035
1.01614
1.01027
1.00373
0.997259
0.989139
0.978705
0.994892
0.985891
0.987819
1.00239
0.990275
1.00207
0.998486
1.00131
1.00122
0.999579
0.989017
1.00946
1.01343
1.00398
0.994055
1.00939
0.993778
0.990016
0.987657
1.00655
0.996333
1.01569
1.01439
1.0074
1.0068
1.01977
1.00103
0.996289
1.01739
0.974686
1.01824
0.992116
1.00756
0.998286
1.01097
1.00734
0.978019
0.989991
0.997052
1.00983
1.00307
0.994858
0.990467
0.98588
0.998232
1.01078
0.980987
0.983534
0.998379
1.00451
1.00641
1.0134
0.99841
1.01092
1.00907
0.992008
0.996864
0.998715
0.998892
0.989689
1.00652
1.01961
1.00617
0.996016
1.01788
0.998259
1.00375
0.999187
0.987914
1.02934
1.00526
0.998943
0.996242
1.00229
0.979118
0.989268
0.983057
0.986616
1.00037
0.990452
0.992392
0.999759
0.987193
1.03422
0.998433
0.983995
1.00465
1.0032
1.0156
0.992546
1.022
0.996973
0.98363
0.99237
1.00631
0.998841
0.997685
1.00747
1.00963
0.989179
0.988372
1.01334
1.00512
0.99082
1.0061
0.992414
0.995158
0.999805
1.0183
1.00333
1.00781
1.00603
1.00983
0.998594
1.01164
0.993179
1.00844
0.999511
1.01308
0.997063
0.988297
0.982659
1.00717
1.02846
1.00375
1.00354
1.00162
1.01897
1.00346
0.986741
1.01854
1.00729
0.994487
1.00499
0.986188
1.00099
1.00983
1.00286
0.987102
1.01645
1.00084
1.01425
0.997141
0.996688
0.998453
1.00374
1.01644
0.997755
0.999958
0.994907
1.01225
1.00562
1.01554
0.999633
0.999927
1.01505
1.02437
1.00465
1.01035
0.988941
1.00705
0.996237
1.01231
1.00987
1.00075
1.01731
1.00711
0.99122
1.00983
0.989395
1.00113
1.00976
0.999631
1.00968
1.02003
1.00202
0.985469
1.00007
1.00928
0.988382
1.00893
0.986438
0.990188
1.01035
0.990429
1.01334
1.00771
1.00086
1.00966
0.9992
0.995177
1.01326
0.99976
0.993086
0.990738
1.00616
1.02196
0.990448
1.00305
1.0112
1.00371
0.988406
0.999424
1.00759
1.02042
0.991198
1.01981
1.00884
0.996449
1.01088
0.995514
0.995046
1.00246
1.00164
0.998115
0.999121
1.0027
1.00831
1.00992
1.00332
1.01555
0.998312
0.966736
0.979295
1.01484
1.03017
0.990353
1.00715
1.00189
0.999838
0.990151
1.00402
1.00155
0.985587
0.985374
1.02109
0.99904
1.01136
0.999408
0.98852
0.989062
1.00721
0.993955
1.00044
1.0073
1.00444
1.00087
1.00806
0.998256
1.00432
1.00513
1.00463
1.00706
1.01807
1.00458
0.996284
0.988576
1.0064
1.00526
0.991093
0.99879
0.999809
0.983168
0.988253
0.994559
1.01009
0.987174
1.00103
0.995496
1.01184
1.01213
1.00572
0.999511
1.01965
1.01133
0.998297
0.996424
0.999383
1.00219
0.983312
0.992717
0.997503
1.00127
1.00876
1.01833
0.995352
0.997114
1.00103
1.00633
1.00237
1.00316
1.0027
0.995054
0.996109
1.02016
1.01497
0.999083
0.989771
0.983163
0.991524
0.990245
0.991013
1.007
1.00455
0.998997
1.00316
0.999781
1.01185
0.980505
1.0102
0.99679
1.00614
1.0008
1.02118
0.990322
0.9975
0.99507
1.01112
1.00167
0.996078
0.997894
1.00196
0.996085
1.01743
1.02706
1.01112
0.994613
1.00585
1.01494
0.98441
1.01754
1.00102
0.990125
0.998327
0.985741
1.01016
1.00712
1.0146
1.02657
1.00382
0.995274
1.01109
0.990496
0.996609
0.992527
0.974328
1.01769
0.996616
0.99339
0.993662
1.02429
0.983556
1.00683
0.977588
0.989434
0.98326
0.986597
1.02518
0.983307
1.01601
0.984271
1.0174
0.988624
0.993065
1.02956
0.987114
0.998229
1.00386
1.00674
1.01862
1.00688
0.992852
1.00779
0.99894
0.98002
1.0032
1.01367
1.00048
0.99911
0.997082
1.01319
0.997351
1.02124
1.00842
0.986442
0.998655
1.01969
1.00676
1.00014
1.00396
1.02059
0.977451
0.984927
1.00883
1.01263
0.98658
0.985082
1.01165
1.02356
1.02119
1.01441
1.0002
0.990987
1.00147
0.992265
1.01306
1.00626
1.01804
0.996531
0.998909
0.998171
1.00172
0.99854
1.01138
0.990707
1.01394
0.990988
1.00376
1.00343
0.974832
0.974091
1.01325
0.990562
1.00502
1.0006
0.999026
1.01676
1.00886
1.00489
1.00846
0.993242
0.983819
1.0036
1.0174
0.989471
0.97866
0.982277
0.996635
0.993357
0.991801
0.986508
1.00078
1.00371
1.02399
0.98196
0.978316
0.99771
0.993095
0.993018
0.994014
1.01642
1.01491
1.01551
1.00976
1.01862
1.00528
1.00707
1.00531
1.0011
0.979104
0.976803
0.991487
1.00365
1.00822
1.00002
1.0101
1.00778
1.01634
1.02263
0.985455
1.01296
1.00481
0.999412
1.01262
0.986736
0.983789
1.00757
1.00191
0.994065
1.00126
0.990895
0.998769
1.00109
1.00006
1.0092
0.993558
1.00533
1.00306
0.994884
0.996632
1.01341
1.00772
0.986128
0.991621
1.00361
1.02121
0.985082
0.988391
1.00846
0.99968
0.998029
0.973783
0.991987
0.981521
1.00843
1.00015
0.997243
0.998912
0.998726
1.00268
1.00416
1.00159
1.01805
0.999836
1.00828
0.985794
0.999859
1.02063
1.0035
1.01404
0.994275
1.00164
0.985759
0.986157
0.998822
0.995711
1.00107
0.971384
1.00105
0.993159
0.983689
1.00134
1.00199
0.991847
1.01256
0.999566
1.01229
1.00264
0.986229
0.986325
1.00697
0.993284
1.00052
1.01141
1.01034
1.00935
0.99278
1.0052
0.993871
0.995174
0.980637
1.00584
0.981691
1.02887
1.00766
1.01292
0.999569
0.98443
0.990564
0.983558
1.00154
0.995432
1.00693
0.987702
1.00546
1.01125
1.00206
0.967943
1.00271
0.991825
1.00015
0.999916
0.994851
0.990596
0.983883
1.01005
1.00832
1.01492
1.00591
1.00319
1.00826
0.98535
0.995132
1.00332
0.990528
0.993453
0.994403
1.03304
1.00409
0.998684
0.988864
0.993672
0.996862
0.997389
1.01798
1.01468
0.993145
0.972348
1.01663
1.0093
1.00303
1.00845
0.995459
0.983802
1.00428
1.01165
0.999585
0.994755
1.00604
0.98731
1.00504
1.0105
0.991058
1.00133
0.994234
0.985189
0.970217
1.00331
1.00602
0.976494
0.990819
1.00131
0.999968
0.986044
1.00436
1.0033
0.994498
1.00264
1.00304
1.00275
1.00197
0.992079
1.00584
1.00901
1.01296
1.00852
0.996861
0.984973
0.996337
1.00473
0.989037
0.988073
1.00567
1.0121
0.993274
0.996749
1.00323
0.995175
1.01552
0.988326
0.989818
1.00239
0.987949
1.0135
1.02475
0.977228
0.987194
0.998047
0.996313
1.02011
1.00573
1.00977
0.981689
0.987581
1.0098
0.982843
0.992493
0.994336
0.997647
1.00128
1.00619
1.00343
1.00783
1.01144
1.01068
1.00549
0.991999
0.975204
1.0126
1.00512
0.992324
1.00343
0.989869
1.00544
0.996502
0.988244
1.01051
1.00786
0.998907
1.00915
0.997189
1.0202
0.985537
0.999521
1.01852
0.985944
1.0001
1.01248
0.97569
1.00244
1.00647
1.00964
1.00288
0.992899
0.996794
1.00088
0.995267
0.987261
0.992752
0.998593
0.998845
0.999571
1.0071
0.996591
0.975617
1.00759
0.997323
0.998607
1.00119
1.00088
1.00534
0.9903
0.983801
0.99096
0.987753
0.982473
0.996025
1.0082
1.01032
0.992562
1.01268
0.98327
0.99737
1.006
1.00402
0.989636
0.990638
0.997696
1.01924
0.996056
0.979999
0.972564
1.01944
0.989139
0.99459
0.981705
1.00485
0.995829
0.99528
0.996768
1.00211
0.989403
1.00874
0.998936
1.01442
1.00615
0.995374
0.997408
0.997706
0.994629
0.997892
0.997167
0.991634
0.98634
0.985557
0.992398
1.00723
0.984758
1.00783
0.995997
0.985843
1.01271
0.996289
1.0384
1.00421
0.98474
1.00064
0.993609
0.991019
0.991916
0.990451
0.984338
0.9909
0.993036
0.996889
1.00769
0.994532
1.00502
0.998701
1.00299
0.996472
1.01833
1.00087
0.993478
0.983463
1.0055
0.985896
1.007
1.02577
1.00479
0.992249
1.00167
0.976593
1.01783
0.980019
1.00715
0.997361
0.9831
1.01025
0.989685
1.00075
1.01656
1.01084
1.00483
1.02148
1.00435
1.00283
1.0222
0.989202
1.01055
0.987047
0.984508
1.00251
0.991202
0.97842
0.992093
0.995274
0.981773
1.00127
0.999431
1.00184
0.999605
1.0201
0.994296
1.00056
0.997982
1.02892
1.00547
0.998686
1.00981
0.998575
0.987723
0.998465
1.00477
1.00631
0.99151
0.985793
0.999464
1.00712
0.988003
0.993952
0.987774
1.01218
0.997367
1.00072
0.999648
0.998813
1.00907
1.00192
1.00651
0.996669
0.998767
0.997903
1.00764
1.00903
0.992732
0.987394
0.991482
1.01977
1.00502
0.992697
1.01261
0.994972
1.00909
1.02165
1.00497
0.983413
0.998186
0.989806
0.994891
1.01407
0.988652
1.00559
0.981296
0.997848
1.01549
1.00943
1.00715
0.994141
0.989211
0.997825
1.01128
1.00953
0.988633
1.0005
1.00556
1.01259
0.992078
1.02106
1.00649
1.00379
1.01427
0.974294
0.984466
1.0075
0.998755
1.01767
0.981131
0.983605
1.00351
0.998141
1.0011
0.998423
1.01599
0.992291
1.0052
0.998964
1.0016
1.00524
1.00099
1.01974
0.993577
1.00659
0.994289
0.979213
0.99992
0.988458
1.00538
1.02579
0.997674
1.00818
1.01596
0.99685
1.00812
1.0006
0.995596
0.994927
0.984863
1.02025
1.01924
1.00241
1.00629
0.985557
0.992731
0.993448
1.02711
1.01334
0.999347
1.0079
1.00302
0.994085
1.00101
1.01676
0.988738
0.989051
1.00994
0.992035
1.01288
1.00228
1.00776
1.00506
1.00085
1.00873
1.00216
1.0195
1.00902
0.990379
1.01526
0.987208
1.0174
0.980949
1.01539
1.01075
0.990764
0.99673
0.993517
1.00046
0.987995
1.00012
1.00322
1.01303
1.00357
1.01509
0.988721
1.0069
0.983478
0.979793
1.00173
1.00441
0.998063
1.02896
1.01779
0.994405
1.00317
0.992857
0.987227
0.975996
0.977478
1.00661
1.00722
0.996001
0.969518
0.996102
0.994119
1.00232
0.988063
0.989893
0.997666
0.987057
0.990196
0.990188
0.99175
1.01278
0.978362
0.999578
1.01486
1.00445
0.984102
1.01257
0.983549
0.998087
0.990571
1.01974
1.01084
0.985116
1.01627
0.986478
1.01029
1.0145
1.00688
1.01634
1.00475
0.985123
0.989227
0.987182
1.0119
1.00699
1.00176
0.990331
1.0069
1.00198
1.00113
0.998644
1.01193
1.00246
1.00945
1.00684
1.00034
0.99832
1.01024
1.00289
0.997776
0.997113
0.999018
1.02427
1.00754
1.00565
1.01099
0.990215
1.01046
0.998873
1.00955
1.02356
1.01007
0.987775
0.995779
1.01432
1.00561
1.01125
1.00613
1.01089
0.985416
0.998268
0.999978
0.986741
1.00543
1.01479
1.00553
0.988573
0.990038
0.982988
1.00292
0.99306
0.997074
1.00198
0.995933
1.01785
0.975538
0.99531
1.00975
0.98433
1.00728
0.99849
1.0039
1.00596
0.98578
1.00223
0.994177
0.988378
0.981811
1.01113
1.00949
0.994007
1.00084
1.02782
0.992007
1.01281
0.998551
0.99497
0.989833
0.996847
0.995148
0.997284
0.990516
1.02192
1.01656
0.983265
0.996452
1.01307
1.01576
1.00256
1.00411
1.0056
0.988907
1.01249
1.00037
1.01112
0.995386
1.00961
1.0221
1.00462
0.986624
0.999649
1.00443
0.999341
1.0163
1.0142
1.00727
0.995553
0.995925
1.00238
1.0081
0.994078
0.99656
0.996245
0.994103
1.01695
0.983867
1.00735
0.998309
0.992472
0.995179
1.01373
0.998992
1.01512
1.00239
1.0057
1.00771
1.00038
1.02794
0.999224
1.00647
0.991938
1.00594
0.99792
0.999155
0.992782
1.00529
1.0131
1.01492
0.994912
1.00293
0.991293
0.989452
0.990222
1.00872
0.977176
1.01039
0.980878
1.00288
1.00179
0.998161
0.99094
1.00021
1.01291
1.00525
0.993341
0.99556
0.988991
1.0209
0.999432
1.00441
1.00391
1.00406
0.993454
1.01225
1.00252
1.00829
1.00136
0.999285
1.02248
1.01189
1.01418
1.00095
1.01089
0.971306
1.01977
1.01651
0.974803
0.97922
1.00668
0.98844
0.979869
0.987023
1.00395
0.995806
0.974553
0.990549
0.992165
0.989674
0.982584
1.00642
0.990799
1.0008
1.01548
0.994838
1.00662
1.00383
1.0004
1.01239
1.01153
1.01205
0.993491
1.00641
0.982451
0.987947
1.00599
1.01292
0.989979
0.989197
0.992079
0.984001
1.00419
1.01786
0.992052
0.991051
0.992702
1.00651
1.00048
0.999508
1.00018
1.00876
0.995655
1.02298
1.00539
0.989204
1.01099
1.00478
0.999983
1.00013
1.00471
0.993617
0.988217
1.00011
1.02643
1.00188
0.992725
0.993688
1.0057
0.988036
1.00415
0.993373
0.99983
1.01934
0.997879
0.996441
1.00308
0.990914
0.989117
1.00011
1.00356
1.00026
0.99491
1.012
1.01183
1.01255
0.989857
0.995436
0.98976
1.00217
0.996445
0.984242
0.994784
1.00802
0.970452
1.00001
1.00821
0.992471
1.0047
1.01013
1.00855
1.02075
1.01061
1.00237
0.996959
1.005
1.01261
1.02055
1.01025
1.01158
0.99542
0.99411
1.00442
0.971203
0.996666
0.99241
1.00953
1.00266
0.990861
0.994108
1.00619
1.01028
1.00319
1.00075
0.988449
0.991924
0.989654
1.00194
1.01245
1.00081
1.00798
0.997288
0.977952
1.01571
1.00171
1.00088
0.984347
1.01309
1.00347
1.02216
1.01031
0.990654
0.988486
1.00651
0.99875
0.998108
1.00378
1.01522
0.966928
1.00747
1.00391
1.00502
0.989407
1.01775
1.00564
0.981225
0.996176
0.995901
0.997267
0.99836
0.989451
1.00448
0.998667
0.998257
0.99147
1.02663
0.995143
0.973996
0.994564
0.993136
0.996602
0.991494
0.991142
1.02013
0.984523
1.01905
0.988586
0.992711
1.02613
0.979691
0.987907
1.00258
0.996362
1.00697
1.01516
0.997961
1.01333
0.99811
0.988383
1.00851
0.994991
1.0186
1.01519
0.984268
1.01843
0.99363
1.00336
1.01874
1.00758
1.01823
1.00242
1.01382
1.00414
0.976547
1.02167
0.998716
1.0025
1.02278
1.00822
1.00268
1.00818
0.996976
1.00061
1.00317
0.974695
0.987696
1.00527
1.01061
1.00735
0.987066
0.998673
1.00483
1.00918
1.00822
0.996273
0.99731
1.01755
0.999259
1.01471
0.987668
1.00215
0.993954
0.998708
1.01531
0.994327
1.00101
0.993737
1.0086
0.999385
1.00392
1.01601
1.00429
0.987083
1.00388
0.988021
0.994731
0.981259
0.989033
1.01267
0.99652
1.00381
0.984149
1.00576
1.013
0.973043
0.994387
1.00199
1.0077
0.989279
0.987606
0.985416
0.995227
0.992706
1.01177
0.999418
1.0065
1.02126
0.997439
0.985594
0.986075
0.99099
1.00622
0.987342
0.994859
0.970161
0.991495
0.995751
1.00475
1.00694
0.995742
0.993039
1.00727
1.01042
1.01294
1.01055
1.0085
1.00431
0.992584
0.996296
1.00117
0.991768
1.01134
0.993349
1.00952
1.00365
0.999259
0.995795
1.00078
0.992741
0.999351
0.997115
1.0102
1.01311
0.9873
1.00896
0.956458
0.998096
1.00079
0.986178
1.00474
0.9953
0.992531
0.993493
0.986587
0.981266
0.992207
0.980032
1.01391
1.00139
1.00612
0.977591
1.00165
1.00235
1.00193
1.02191
1.00248
0.985355
1.00199
0.993774
0.990862
0.995152
1.0247
1.00852
0.987579
0.985708
0.997767
1.01193
0.992286
1.00001
0.996705
1.00935
0.996277
0.992079
1.01038
0.988953
0.996816
1.00124
1.00758
1.01156
0.998823
0.999429
1.01926
1.00846
1.00371
1.01047
1.02253
1.0008
0.996306
0.992317
1.00289
0.996432
1.01002
0.998955
0.989553
0.983761
1.01208
1.01059
0.974606
0.988271
1.02321
0.98366
0.999082
0.990524
0.998104
1.00199
1.00678
0.989347
1.01859
1.00764
0.998616
0.983466
0.992285
1.01029
0.986495
0.999125
1.0061
0.987528
1.01022
1.00001
1.00346
0.975891
0.98806
0.987753
0.983414
1.00394
1.01236
1.0034
1.00658
0.997739
1.00502
1.01386
1.00298
0.983647
0.991592
1.00108
0.998964
1.00693
1.01486
1.00263
0.992223
1.00548
1.0276
1.00602
1.00849
0.993968
1.00015
1.01177
0.998653
1.00386
1.01388
1.01483
0.98814
0.984754
1.00062
1.01247
0.989978
1.00203
0.980114
1.00503
1.00953
0.997495
0.98966
0.994561
1.00292
0.999117
1.00573
1.00725
1.00678
1.00171
0.994487
1.00404
0.99301
1.00273
1.01467
1.00871
1.01279
0.990027
1.00523
1.00305
0.988963
1.01921
1.01021
0.999542
0.998058
0.995811
1.0157
1.00491
1.01018
0.999449
1.00575
0.987423
1.00341
1.00577
1.00542
1.00616
1.0262
1.00324
0.987681
0.992262
1.00432
1.01339
1.02181
1.00863
0.983219
1.0233
1.00537
1.01502
0.997934
1.00948
0.989924
1.00906
1.01581
1.00977
1.00041
0.995702
1.00975
0.992856
0.982053
1.01075
0.996952
0.987425
0.994488
1.00195
1.00873
1.00683
0.995216
1.0015
0.98485
0.987508
1.01957
0.968391
0.992061
1.00236
0.976173
0.994859
1.00605
0.996474
0.978237
1.01392
1.00172
1.0049
1.01166
0.982525
1.02653
0.992268
1.01147
0.987919
0.998591
1.00124
1.01122
0.987166
0.997688
1.00288
0.995645
1.00463
0.992854
1.01835
1.01368
1.00242
1.00075
0.995797
1.00445
1.00584
1.01157
0.998693
0.99131
1.01494
0.984279
1.00402
0.995834
1.01069
0.995886
0.981529
1.01843
1.01694
1.00198
0.998617
1.02685
0.982762
0.990123
1.0037
1.0012
1.00946
1.0098
1.01356
1.00747
0.994283
0.988562
0.994192
0.993542
0.988492
0.994167
0.984705
0.997544
1.01723
0.993919
1.00851
0.995653
0.975509
1.00972
1.00727
0.99734
0.984668
1.00144
0.989751
1.02794
1.0011
0.987785
1.02158
0.981985
1.01455
0.989721
1.01344
1.02455
1.00474
0.985604
1.01124
1.00032
0.993006
1.02118
1.03001
0.987522
1.00341
1.00088
0.999621
1.0063
1.01956
1.01288
0.990397
1.0227
0.998241
0.992046
1.01929
0.988955
0.987227
1.018
0.9812
1.00642
0.994346
1.01251
1.01302
0.99453
0.990284
1.01607
0.988372
1.00304
0.98052
0.987255
1.02758
0.990094
1.00229
0.9939
1.02268
0.999239
1.01125
1.00816
1.00122
1.00891
0.99578
1.00689
0.990999
0.995176
0.982283
1.00634
1.02313
0.991896
1.01983
1.00371
0.994732
0.988933
1.00737
0.997142
1.00461
1.01216
0.987913
1.01118
1.00153
0.993359
0.999064
1.0048
1.00612
0.985554
1.01368
0.994413
0.998569
1.01043
0.991386
0.99909
1.01697
1.00808
1.01116
1.01269
0.98811
0.993751
0.998744
0.975831
1.01917
0.981315
0.997416
1.00944
1.00541
0.987922
0.984481
0.994643
0.993676
0.996865
0.982325
0.991797
0.991789
0.990388
1.00109
1.00741
1.00346
1.01063
1.00111
0.985636
1.00421
1.01176
0.998591
0.986097
1.00751
1.01363
0.995712
1.00966
0.995339
0.994227
0.992267
0.991801
1.00575
0.999052
1.00534
1.00976
0.991964
1.00992
0.975941
1.01248
1.00617
0.998598
0.994536
0.990076
0.98635
1.01899
1.00117
0.990188
1.01475
1.0143
1.00869
1.01085
0.996125
1.00248
1.00091
0.992621
1.01677
1.00051
1.00628
1.00522
1.00732
0.989981
0.999249
0.984918
1.02208
0.97712
1.01824
0.9823
0.998106
0.97936
1.00655
0.983557
0.991419
1.00329
0.995054
0.985378
0.99946
0.982575
0.988495
1.0056
0.983728
0.994117
1.00497
1.01165
1.01797
0.996183
0.99866
0.98815
0.987693
0.98832
1.00883
0.997584
1.00731
0.995558
1.00581
1.00916
1.00616
1.00287
1.01865
1.02179
1.00187
1.01282
0.982534
0.997246
1.02126
1.0066
0.991317
1.00347
0.986479
1.00815
0.984987
1.00285
1.00477
1.00996
0.990513
0.999871
0.981959
1.01595
0.985497
1.03325
0.987439
0.983736
0.998565
1.00323
0.988809
1.00205
1.00258
1.005
1.00944
1.02265
1.00143
1.01322
0.986907
1.00819
0.99431
0.964549
1.0203
1.01365
1.01084
0.99473
0.983271
0.98865
1.00714
0.992283
0.99847
0.988359
1.01987
0.997712
0.981978
0.998519
1.00064
1.01329
0.979812
1.00516
0.987915
0.984467
0.995463
0.99833
1.00187
0.994579
1.00166
0.997429
0.995059
1.01761
0.994207
0.987685
1.00855
1.01453
0.996712
1.00243
1.01038
1.00585
0.982131
1.0008
1.00054
1.00913
1.00112
1.01727
1.02398
0.997333
0.973911
1.00506
0.991922
0.988494
0.997948
0.988413
1.00311
0.998175
0.999527
0.994154
0.995311
1.00434
1.03072
0.984502
1.01833
0.992774
0.995172
0.988605
0.973748
1.00409
1.02729
0.997549
1.01857
0.998123
1.00648
0.994092
1.01491
1.01048
1.00506
0.997274
1.02353
0.997965
1.00656
1.00249
1.00951
1.00226
1.01893
0.991933
0.995383
1.0063
0.991028
0.991511
1.0185
1.00837
1.00218
1.0098
1.00797
1.00703
0.986489
1.00812
1.01117
0.980671
0.982132
1.0008
0.996636
1.0086
0.999773
1.00851
0.982967
1.00737
1.01198
0.998867
0.995107
1.00665
1.00664
0.988142
1.0158
0.993138
1.02739
0.997709
0.997058
0.989734
1.00627
1.02345
0.996712
1.01588
1.00414
1.00013
1.01282
0.996631
1.03142
0.975454
1.00479
1.01728
0.989037
0.993961
0.998453
0.98971
0.996245
0.995678
1.01592
0.991838
1.00132
1.01786
0.998582
0.993295
0.989462
1.00129
0.993542
0.98742
1.01234
1.00334
1.00311
1.01009
0.990215
1.00367
1.0206
1.01192
0.993456
1.00247
0.999177
0.989551
1.00975
0.993524
1.00596
0.988741
0.997372
1.00742
1.00694
0.986552
1.0078
1.00486
1.02293
0.999586
1.00032
0.989341
0.999633
1.0179
1.00217
0.989801
0.98806
1.01221
0.998617
0.984655
1.01794
0.995949
0.989165
0.994932
1.00611
1.01154
0.974483
0.988371
0.999134
1.00325
1.0052
1.01672
0.997123
1.00099
0.995212
1.01401
0.995599
1.02378
0.989643
1.00906
0.97666
0.998112
0.988366
0.993948
0.982324
0.984295
0.988244
0.977148
0.988861
0.988056
1.0025
0.999186
1.01103
1.00323
0.983797
1.0003
1.01008
0.984528
1.01055
1.00963
1.00318
1.0064
0.981869
0.995615
0.993441
1.00848
1.01859
1.00464
1.00487
0.990502
0.999512
1.00967
0.974075
1.0125
0.996104
1.00814
0.984189
0.997979
0.984177
1.00963
1.00975
0.982305
0.988817
1.01116
0.991297
1.00941
1.01374
1.0143
0.997927
0.983396
0.992111
1.0145
1.00223
1.00009
0.979651
1.00506
1.00184
0.987997
1.01393
0.99467
1.01208
0.997811
1.0111
1.0003
1.01367
0.995963
0.97977
1.01382
1.00418
0.997011
0.983055
0.99245
0.990019
0.995506
1.019
0.987918
0.979783
1.01091
1.00389
1.01271
1.00727
0.983321
0.99204
1.00199
0.984546
1.02259
0.99903
0.98984
0.984502
1.00031
1.01861
1.00419
0.98776
1.0122
0.976821
1.00925
1.01067
1.00949
0.989506
1.00105
0.984314
0.989055
1.00196
0.992299
0.993048
1.00252
0.984009
1.00026
0.995402
1.00993
1.00454
1.01552
0.993546
1.02175
1.00277
0.988172
0.989644
0.99528
1.00718
0.9904
0.997505
1.01923
1.00951
1.01069
1.01371
0.992257
1.0067
0.978458
1.00579
1.00776
1.01096
0.991395
1.00981
1.00981
1.00483
0.987715
1.01048
1.00561
0.992826
0.99208
1.00617
0.997826
1.00097
0.990569
1.02935
1.00758
0.985502
1.00322
1.00513
1.00017
1.01239
1.00503
0.976221
1.00142
1.00191
0.999178
0.987986
0.982625
1.01688
1.00223
0.998287
0.9811
1.01796
1.0026
0.999715
0.983411
0.996884
0.993476
0.995921
1.00167
0.983593
0.979326
1.00103
0.99986
1.00154
1.00301
0.984847
1.00096
1.00125
0.997152
1.01976
1.00926
1.00369
0.985177
0.990029
0.983683
0.99746
0.987407
1.00135
1.02821
0.990627
1.01749
1.00486
0.980853
1.00733
0.97777
1.00077
1.01665
1.00168
0.992147
0.995837
1.01275
0.97973
1.00282
0.995663
0.987131
0.967548
1.00849
1.01012
0.999909
1.02558
1.00295
0.99103
0.999884
0.996962
0.995396
0.989644
1.01774
1.01212
0.994793
0.999086
1.00108
0.995457
0.986685
1.01114
1.01019
0.998436
1.0005
0.987041
1.00743
0.999721
1.0264
0.996701
0.997984
1.00804
0.997643
0.985226
0.998849
0.986865
0.986238
1.00193
0.989538
1.014
1.00161
1.01776
0.995154
1.01101
0.994266
0.985678
1.01686
1.01473
1.0061
0.984828
0.99828
0.995295
1.00618
0.993591
1.00136
1.00708
0.992083
0.996752
0.996219
1.01531
0.985872
1.02149
1.00757
0.995561
1.00015
0.996018
0.997536
0.997884
1.0182
1.00591
1.02166
1.02144
0.993625
1.00303
0.99872
0.997828
0.99775
1.00567
1.01081
0.994233
1.01121
1.01283
1.00095
1.00435
1.01556
1.00578
1.01537
0.995282
1.01747
0.992747
1.01102
0.990973
1.00027
0.993399
1.00169
1.00115
1.02654
0.995762
1.00639
0.997456
1.01098
0.993926
0.9859
0.995414
1.00977
0.985158
1.00092
1.01256
0.99598
0.995853
0.996411
0.987417
0.986343
1.00175
1.01132
1.00262
0.989323
1.01744
0.992495
1.0035
1.00442
0.99563
0.996364
0.994678
1.01217
0.991974
1.00092
1.01573
1.03029
1.00652
0.998864
0.994957
0.990666
0.991553
0.990034
0.99332
1.01267
1.00139
0.990427
1.00508
1.00232
1.01469
1.00828
0.985912
1.00196
1.00027
0.994367
1.0156
0.995616
0.985399
0.986839
1.00094
0.990143
1.00973
1.00239
0.99398
1.00219
0.992055
0.991882
1.00591
0.999533
1.01309
1.01443
0.988982
1.00453
1.00509
0.995481
1.00636
0.996343
0.993882
0.985227
0.991483
1.01908
1.01829
1.01303
0.997861
1.01456
0.976737
1.00876
0.987398
0.987999
1.0032
1.00537
1.01816
0.986172
0.986127
0.998582
0.996386
0.99502
0.977554
0.998731
1.0079
0.998698
1.01517
0.993254
0.98853
1.00434
1.00789
0.992089
0.985276
1.00553
1.02358
1.02176
1.00088
1.00083
1.01346
0.993105
0.997627
0.996144
0.997203
1.00203
0.984294
1.01317
0.984366
0.990246
1.00127
1.01767
0.994359
0.992193
1.00424
1.00823
1.0134
0.995641
1.00149
1.00205
1.00315
0.983605
0.995295
0.965883
0.985835
0.98069
1.00347
1.00692
0.992859
1.00098
0.994394
1.00589
0.987737
0.988358
0.988531
0.99458
0.998879
1.01976
0.984047
0.984046
0.988701
1.0062
1.00734
0.987274
0.998339
1.026
1.0107
1.00575
0.996417
0.991862
0.981239
0.99664
0.990021
0.983512
0.995698
0.98515
0.992268
0.992974
0.995106
1.01441
0.986167
0.993717
0.999257
1.02469
1.02837
1.01119
0.998312
0.995625
1.01267
0.989061
1.00575
0.992101
0.978147
1.00342
1.00776
1.01137
0.990592
0.990591
1.00538
0.988046
0.978214
0.999284
0.996274
0.998829
1.02729
0.993195
1.00569
0.997122
0.999909
1.0023
1.00036
1.00694
0.988863
1.0047
0.976724
0.998428
0.993609
0.996893
1.01154
1.01525
0.986133
0.997882
0.995825
0.997786
1.00556
0.992957
0.991624
0.98768
0.982798
0.985519
1.01701
0.996904
0.976011
0.996171
1.00169
1.02966
0.985742
0.987904
1.00348
0.994827
0.996818
1.00497
0.999728
1.01072
1.0027
0.987585
1.00625
0.998807
0.971767
0.987819
1.00244
0.985677
1.00194
0.99594
0.997513
1.00367
1.00137
1.00613
1.00001
1.00388
0.996511
0.982915
1.00888
1.00987
0.986628
1.01236
0.998012
1.0119
0.966838
1.00725
1.00626
1.02087
0.986231
0.981188
0.997393
1.01543
1.00084
1.01188
1.00989
1.0034
0.993837
1.00575
1.01046
0.997138
0.999628
0.990169
1.0064
1.00474
1.02128
1.00775
1.00642
0.991532
1.00195
0.990691
1.00525
1.01441
1.00605
0.993939
0.985196
1.00485
1.00135
1.01367
0.988908
0.98712
1.00283
1.01329
0.992711
1.0007
0.977996
0.996162
0.97857
1.01987
1.01411
0.99597
0.995667
0.999843
0.998191
0.99306
1.00384
0.956599
1.01452
1.02259
1.00492
0.999136
0.988028
1.0075
0.988969
0.98104
1.0083
0.994785
1.00331
1.0028
0.977106
0.984191
1.01598
0.986618
1.01605
0.996398
1.01135
0.995591
1.00957
0.996154
1.01067
0.995089
1.01358
1.01246
1.0062
1.00029
0.9918
0.999945
1.00654
1.00108
1.00239
0.993898
0.999104
0.993115
0.986564
0.998651
1.00679
0.992652
0.988354
0.99078
1.00515
1.01376
1.02067
1.011
0.995515
0.997069
1.00261
1.00462
0.993931
1.01138
0.996307
0.976832
1.01149
1.00059
0.988614
1.00859
1.00396
0.996073
1.00567
1.01512
0.992013
0.971361
1.0096
0.979665
0.979133
0.999908
0.987978
0.981997
0.987917
0.981903
0.996146
0.998934
1.01371
1.00457
0.981145
0.995818
1.02455
0.995993
1.00348
1.01586
0.988675
0.990385
1.00578
1.00052
0.993077
0.984882
0.997727
1.00149
1.00255
1.00734
1.00477
1.01515
1.00367
0.995686
1.00282
1.01
0.998584
1.00314
0.995647
0.993341
0.98443
0.986658
0.981886
0.999177
0.988497
1.01614
1.01662
0.981312
0.995418
0.993727
0.996496
0.988899
0.988906
0.993226
0.997338
0.995193
1.0039
1.01569
0.981779
1.00914
1.00642
0.999536
1.00582
0.9836
1.00439
0.989851
1.02664
1.00677
1.00681
1.00433
1.00577
0.987559
1.00059
0.997773
0.993453
1.0043
0.985786
0.993258
0.987739
1.01186
0.995251
0.994937
0.983609
0.988079
0.982311
0.990892
1.00797
1.00404
1.00947
1.01137
0.997826
0.997885
1.00545
0.972049
0.989708
0.992232
0.98763
1.00234
0.981716
0.985807
0.994439
1.00622
1.00381
1.00142
1.00526
0.991801
0.990337
0.998944
1.01967
1.0106
0.990169
0.998818
1.0057
0.981334
0.998828
1.01104
0.994182
0.999505
1.00215
1.00213
1.00386
0.992055
0.984091
1.01615
0.982417
1.0075
0.994956
0.992047
0.986126
1.01021
0.997539
0.988226
1.00424
1.00619
0.992467
0.975898
1.00135
0.987489
1.00868
0.993659
1.00388
0.998581
0.99956
0.982277
0.997662
0.994132
0.979579
1.00641
1.00483
1.00305
0.989164
1.01432
1.0019
1.01379
0.997699
0.993831
0.996201
0.990664
0.996641
1.0035
1.0094
0.998854
0.999457
0.990745
0.994822
1.0169
0.973079
1.0036
1.02837
1.00647
1.00468
0.996355
0.997149
0.996584
1.01151
1.01862
0.990411
1.00565
0.997167
1.01381
1.01872
0.992741
1.01226
1.01701
1.00421
0.990829
1.01655
0.981657
0.99342
1.00468
1.00956
1.01538
1.00723
0.993923
1.0031
1.00672
0.996961
0.996943
0.988087
1.00322
0.993275
0.996873
0.982093
1.02167
0.990692
0.991751
0.992716
1.00053
0.996743
1.01198
0.97854
1.01122
0.981356
1.00057
1.004
0.979717
0.973172
0.983447
0.992604
1.02204
0.985591
1.00417
1.01365
1.01347
0.985528
1.01462
0.969772
1.00695
1.0167
0.998518
1.01481
0.994708
1.0088
0.994464
0.992629
1.00527
0.981633
1.02627
0.989087
1.00925
0.993993
0.989208
1.00053
1.0104
0.99639
0.987005
0.996557
1.00138
0.997669
0.999324
1.00664
1.01391
0.991863
1.00768
0.999404
1.00269
1.01172
0.998362
0.989726
1.00302
1.01827
1.0139
1.01398
1.01385
1.02235
1.00778
1.0168
1.01446
0.98526
1.00135
0.992773
1.01268
1.00357
1.00555
1.00113
1.00781
1.00245
1.00782
0.982153
0.999556
0.997957
1.03609
1.01973
1.00759
1.00966
1.00143
1.02389
0.993118
0.998924
1.00244
1.00468
0.997798
0.995376
0.999289
0.988726
1.00747
1.00616
0.988519
0.980713
0.997125
1.00122
1.01399
0.997891
1.00333
0.999263
0.994264
0.994219
1.00259
0.988845
0.995679
0.992623
1.00418
0.997042
1.00432
1.00582
1.00173
0.995703
0.994635
0.997395
0.991356
1.01284
1.00173
1.01067
0.988571
0.988977
1.00363
0.983875
1.0162
0.989339
1.02087
0.998442
1.00903
0.997645
1.00849
0.994164
0.989146
0.986954
0.977964
1.0043
1.00149
1.00599
0.988745
1.00064
1.00692
1.0135
0.980349
1.00817
1.01092
1.03058
0.994277
1.01336
1.00264
1.00073
0.992195
1.02116
1.01122
1.00694
1.00065
1.00325
0.996411
0.992288
1.00188
1.02021
1.00981
1.01774
0.984716
1.00187
1.00564
0.98868
0.99653
1.00102
0.991524
1.0073
1.00177
1.00695
1.00353
1.00546
1.01065
0.982669
0.999564
1.00011
1.00462
0.989901
1.00099
1.00599
1.00577
0.995599
1.01962
1.00715
1.01014
0.999159
0.999325
0.994433
1.0041
1.00991
1.00974
1.00785
0.995292
0.999172
0.994638
1.00585
0.99392
1.0003
1.00003
1.00884
1.00973
0.9973
0.988907
0.990823
0.995487
0.989922
1.00883
1.00341
1.00521
1.01083
0.995066
1.00874
1.01188
1.00537
1.01186
0.985577
1.00456
1.02432
1.00439
0.9995
0.999927
1.00225
0.99372
1.01976
1.00934
1.0055
1.00702
1.0216
0.99554
1.00381
0.998367
1.00464
1.00275
1.02232
1.01649
1.00932
0.991678
0.986082
0.989731
1.01591
1.00986
1.01287
0.998369
1.01702
0.992457
0.988491
1.01086
1.01181
1.00669
0.993425
1.00101
0.990613
0.986716
0.990109
0.98817
0.996567
1.00696
1.00757
1.01521
0.985031
0.9919
1.0042
0.991344
0.998233
0.969557
1.00865
1.00627
0.990363
0.999307
1.00059
1.00852
1.00114
0.997757
1.00359
0.982806
1.00166
1.00972
1.00152
1.00498
1.01901
1.0105
1.0017
1.00275
1.01266
0.994862
1.00985
0.972905
0.975096
1.00463
0.992626
0.999608
0.974295
0.986147
1.00485
1.00592
0.997937
0.987702
0.99427
1.00552
0.98635
1.00639
0.994982
0.994504
0.996977
1.00403
1.02079
0.990924
1.01099
0.986664
0.994801
0.979366
1.01029
1.01136
1.01375
0.980525
0.982369
0.999713
1.00239
0.989465
1.00785
0.996758
0.999988
0.974999
0.982708
1.00866
1.00466
1.02323
0.993041
1.00356
0.988574
1.00012
1.01286
0.988838
0.992407
1.00025
1.00088
1.00679
0.99132
1.00081
0.989811
1.00265
1.01109
1.01557
0.984731
1.00238
1.00458
0.997338
1.01294
1.01472
1.009
0.985358
1.01064
0.991989
0.99676
0.999824
0.989604
1.00796
1.00036
1.0081
0.986614
0.986316
0.998463
1.0067
0.99748
0.994747
1.00671
1.00522
0.987463
0.998448
0.99468
1.01434
0.991368
1.00429
1.01349
1.01066
0.989359
1.00579
0.994405
1.00397
0.993297
1.02676
0.995163
1.00455
1.005
1.01261
0.988841
0.999807
1.00292
1.00561
0.978747
1.01094
1.00985
1.00164
0.988083
0.999012
0.996984
1.0053
0.992237
0.985025
0.992557
0.998419
1.02248
0.9901
1.02086
1.00655
1.02641
1.01288
0.990224
1.00363
0.998941
1.00525
0.99344
0.993178
0.99461
1.01378
0.990123
1.03494
0.979459
0.987102
1.01207
0.989551
0.9729
1.00061
1.02134
0.986014
0.998191
0.98938
1.00904
1.00618
1.00214
1.00857
1.00143
0.997844
1.00252
0.990575
1.00884
0.997311
1.01421
1.00686
1.01318
1.02412
1.00355
0.999509
0.994365
0.985996
1.0023
0.965274
0.971912
1.00279
0.987494
1.01196
0.997658
1.01921
1.01109
1.00625
0.996694
0.997563
1.01897
1.00373
0.988162
0.999461
0.995911
0.985184
0.991671
0.988938
1.00209
1.01131
0.991417
1.00349
0.996126
0.987058
0.983797
0.993831
0.998845
0.993489
1.00061
0.988259
0.998136
0.997596
0.994722
0.988687
1.01222
1.0042
1.00014
1.00235
1.01426
1.00395
1.01334
1.01516
1.00338
0.992243
0.996536
0.997619
0.989854
1.00412
0.987817
1.00021
1.0039
1.01064
1.00167
0.986114
0.988451
0.971794
1.01329
1.01277
1.02286
1.00799
1.00023
0.994391
