0.994733
1.0012
1.00531
0.99638
0.999739
1.00058
0.99932
0.998065
1.00162
1.00365
1.0025
1.00144
0.99744
0.995618
0.992339
1.00214
1.00371
1.00323
1.0017
1.00117
0.995741
0.999703
1.00284
1.00438
0.998576
1.00279
1.00009
1.00495
1.00388
0.999776
0.991747
1.00069
1.00405
0.996449
1.00304
1.00655
0.995029
0.996613
0.995457
0.999096
0.995079
0.997493
0.997596
1.00122
0.9985
0.997855
1.00548
0.997465
0.998518
1.00797
0.994351
0.999946
1.00088
1.00175
1.0014
0.997656
0.993445
1.0054
1.00317
1.00579
1.00508
0.998062
0.998767
1.00228
0.997267
1.00404
1.00111
0.999664
0.994199
0.998253
0.999445
1.00452
1.00227
1.00155
0.991231
1.00807
0.997071
0.993358
0.995532
0.994903
1.00748
0.993766
1.00398
1.0019
0.99787
0.997977
1.00082
0.992537
0.999889
1.00252
1.00625
1.00335
0.99828
1.00455
0.996859
1.00878
1.00365
0.99805
0.995946
0.996053
1.0027
0.998829
1.00402
0.991013
0.999089
1.00029
0.999289
1.00572
1.00025
0.992075
0.996014
0.997717
1.00053
0.997724
1.00235
0.999701
0.99762
0.996016
0.996132
0.999154
1.00205
0.997544
0.997896
1.00281
0.993001
1.00077
0.996931
0.998048
1.00116
0.993613
1.00157
1.00239
0.994165
0.998474
1.00051
1.00314
1.00108
0.99805
1.00127
1.00373
1.00481
1.00317
1.00249
1.00259
1.00306
1.00347
1.00468
1.00086
1.00198
0.994512
0.996389
1.00421
0.995946
0.993809
0.995051
0.999585
1.00203
1.00202
0.997931
0.997938
1.00041
1.004
1.00158
1.00288
1.00255
1.00082
1.00297
0.999549
1.00003
0.997509
1.00252
1.00351
0.993144
0.999396
0.999701
1.00011
0.998426
1.00752
0.997953
0.999078
0.991552
0.993903
0.999912
0.99501
0.995865
1.00228
1.00039
0.999715
0.999642
1.0041
0.998113
1.0046
1.00157
1.00199
1.00638
1.00075
1.00272
1.00221
0.998662
0.994174
0.998971
0.993747
1.00118
1.00231
1.00158
0.998889
1.00063
1.00319
1.00006
0.998479
0.998065
0.999103
1.00183
0.996716
1.00251
1.00173
1.00142
1.00145
0.992817
0.997674
1.0031
0.998763
0.996976
1.00017
1.00551
0.998584
1.00169
0.998355
0.996805
0.99205
0.997698
0.998532
0.996305
0.993058
0.999339
1.00118
0.999545
0.995798
0.996947
0.995203
0.999473
0.997011
0.996555
1.00242
0.995288
0.998505
0.996331
1.00069
1.0031
0.994284
0.999468
0.998589
1.00312
0.999577
1.00477
0.999596
1.00074
1.00184
0.999293
0.997954
0.999322
1.0003
1.00838
0.997003
0.993708
1.00051
0.999901
1.0012
1.0033
0.995711
0.994446
1.00025
0.998006
1.00003
0.999665
1.00028
0.993851
0.995914
0.998715
1.00217
0.998638
0.999459
1.00379
0.998023
1.00689
1.00295
1.00177
1.0034
1.00652
1.00871
1.00036
0.996011
0.998744
0.992984
0.997862
0.998753
1.00137
1.00564
1.00393
1.00504
1.00571
1.00544
0.998792
1.00317
1.00192
0.998274
1.00141
1.00794
0.997079
0.99404
0.997093
0.998897
1.0001
0.998961
0.991901
0.996466
0.997676
1.00362
1.00135
0.998602
0.999784
1.00137
1.00206
0.999086
0.99643
0.994193
1.00153
1.00126
1.00155
1.00377
0.9999
0.999451
0.996065
1.00032
0.995062
1.00333
0.992525
0.998351
0.997682
1.00143
1.00118
0.994756
1.00019
1.00115
0.998164
0.998365
0.998395
1.0023
1.00459
1.00789
1.00044
1.00236
0.999372
0.997495
0.995429
0.994579
1.00124
0.998404
0.997069
1.0019
1.00717
1.0044
0.993303
0.998693
1.00174
0.997447
0.998893
1.00244
0.994104
1.00378
1.00262
0.998727
1.00437
1.00042
0.999407
0.997447
1.00621
1.00546
1.0051
0.99519
1.00392
1.00527
0.997533
0.989958
0.997868
1.00127
1.00722
0.998755
1.0035
0.995244
0.994858
0.998007
0.994892
0.995999
1.00072
1.00239
0.998916
0.999587
1.00318
0.999673
1.00516
1.0006
0.993028
0.997156
0.999477
0.999181
1.00096
0.99708
0.996724
0.996287
1.00232
0.998177
0.998239
1.00142
1.00314
1.00144
1.00092
1.00153
1.00212
1.00171
0.998812
1.00567
0.995333
1.00053
1.00162
0.996687
1.00336
0.998014
0.992434
0.996666
1.00246
1.00005
0.990842
1.00269
0.999187
1.00139
1.00196
0.990826
1.00378
1.00183
0.993997
0.998881
1.00277
1.00113
0.999059
0.993848
0.993516
0.996829
1.00136
1.00359
0.999333
1.00223
1.0052
0.999248
0.993354
0.999654
1.00429
0.995975
0.999344
0.996122
0.997401
0.995172
0.999455
0.998163
0.995349
0.999434
1.00078
0.999557
0.999368
1.00032
0.993066
1.00855
1.00432
1.00342
0.998895
0.998386
0.997042
0.998553
0.995062
1.00418
1.00071
1.00355
1.0015
0.994841
1.001
0.997263
0.994646
1.0045
1.00547
0.999663
0.999932
1.00203
0.992372
0.998241
1.00263
1.0024
0.999812
1.00322
1.00413
1.00159
0.997889
0.994281
0.9995
1.00531
0.999179
0.99902
1.00565
0.995865
1.00068
1.00023
0.999809
0.996494
0.998694
0.998547
0.995549
0.999342
0.997668
1.00252
1.0007
1.00193
0.996409
1.00684
0.999338
0.999475
1.00002
1.00318
0.995717
0.998507
1.00372
1.00234
0.992856
1.0004
1.00347
0.999259
0.997993
1.00015
1.00021
1.00345
0.989344
1.00042
0.999672
0.995999
0.998204
1.00138
1.00074
1.00106
0.998675
1.00077
0.998429
0.999038
1.0066
1.005
0.999448
1.00245
0.992414
0.998365
0.991612
1.00122
1.00197
1.00082
1.00296
1.00258
1.00233
1.0064
0.998606
1.00354
1.00281
0.993463
0.999855
0.998218
1.00585
0.999932
0.998912
0.996963
0.998305
0.997059
1.00104
1.00337
0.998691
1.00382
0.998088
1.00129
1.00155
1.00663
0.998784
0.99863
0.999889
1.00008
0.998617
0.999522
0.999541
1.00527
1.00395
1.0024
1.00469
0.998304
0.996885
1.0023
0.994907
0.996843
0.99915
1.00557
1.00265
1.00122
0.996629
0.995988
0.99966
1.00052
0.996979
1.00219
0.998062
0.997516
0.994029
1.00101
1.00161
1.0009
0.999077
1.00649
0.999808
0.994399
1.00226
1.00028
1.00435
0.996509
1.00448
0.999199
1.00302
1.00522
1.00094
0.99809
1.00425
1.00562
1.0028
0.992879
1.00097
0.999006
0.997262
1.00294
0.999459
0.99758
1.00089
1.00485
1.00053
1.00242
1.00111
1.0046
0.996594
1.00465
1.00177
1.00408
1.00298
0.999471
1.0042
0.999633
1.00521
0.998252
1.00019
1.00483
1.00487
0.998591
0.999362
1.00422
0.998297
0.995734
0.994797
0.997394
0.996013
1.00046
1.00376
1.00137
0.998218
1.00086
0.990736
0.999754
0.995481
0.999064
0.997789
1.00282
0.996805
1.00081
0.995814
0.999073
1.00076
1.00754
0.998708
1.00289
1.0017
1.00742
1.00269
1.00646
1.00744
1.0029
0.99889
1.00609
0.995551
1.00144
1.00517
1.00403
0.995423
1.00135
0.99793
1.00169
0.994251
0.994662
0.999331
1.00156
0.997006
0.994828
1.00329
1.00152
0.998775
0.996266
1.00451
1.00659
0.99758
1.00245
0.995983
1.00149
1.00594
1.00151
0.99679
1.0032
0.998205
1.0065
1.00327
0.999439
0.999591
0.996796
1.0044
0.999103
1.0017
0.999936
1.00002
1.0005
0.995525
0.995743
1.00354
0.996453
1.00159
0.99779
0.9911
1.00429
1.002
0.99826
0.999906
0.992539
0.998487
1.00418
0.99756
1.00348
1.00142
0.998978
0.998323
1
1.00626
0.993905
0.999443
1.00126
0.998307
1.00598
0.998895
1.00055
1.00164
1.00178
0.996413
0.999798
1.00145
0.997811
1.00187
0.999951
0.998606
0.995867
1.007
1.00029
1.00475
0.999348
1.00008
0.996951
0.995284
0.99723
1.00362
0.992557
1.00193
0.998251
0.999251
0.99852
0.998844
1.00441
1.00477
0.997433
0.999652
0.998149
1.00773
1.00101
0.997935
0.998668
0.999853
1.00207
0.996778
1.00139
0.999982
0.998508
1.00541
0.994774
1.0026
1.00391
1.0035
0.994078
0.993003
0.996319
0.990284
0.996159
0.998377
1.00554
0.997452
0.995908
0.996517
1.00053
1.00439
1.00065
0.995749
1.00088
1.00202
1.00049
0.999009
1.00338
0.99836
1.00628
1.00171
0.996204
1.00057
1.00747
1.00099
0.999758
0.996654
1.00747
0.998979
1.00114
0.998492
0.999236
1.00359
0.996389
0.997879
0.996213
1.00238
0.991486
1.00581
0.992601
1.00302
0.997895
0.996585
1.00055
1.00631
1.00093
1.0002
0.999067
0.999543
0.998779
1.00001
1.00595
1.00012
0.994498
1.00595
0.999208
0.999165
0.996327
0.999913
1.00111
0.999049
1.00088
0.998285
1.00241
0.99353
0.992124
0.997903
0.996886
0.996041
1.00107
0.99463
0.997123
0.997547
0.999854
0.995948
1.0003
1.00021
1.0017
0.995023
1.00382
0.995689
1.00073
1.00369
0.998311
1.00199
0.996898
0.997347
1.00317
0.99688
0.995893
0.999667
1.001
1.00037
1.00309
0.998742
1.0044
1.00132
1.00425
0.999342
1.00375
0.999657
1.00472
0.997727
1.00447
0.996273
1.00065
0.99824
0.999906
0.997469
0.999117
1.00281
0.993672
1.00119
0.997158
0.99823
0.99722
1.00684
1.00013
0.995479
1.00113
1.00373
1.00348
1.00106
1.00427
1.00534
1.00368
1.00446
0.995363
0.996397
1.00304
1.00137
0.997521
0.999694
1.00031
0.996535
1.00482
1.00035
1.00063
0.991798
1.00359
0.998878
1.00014
1.006
0.99353
0.996536
0.999362
0.999926
1.00308
0.999755
0.998142
0.997316
1.00164
1.00216
0.998437
0.991693
1.00158
0.999759
0.994598
0.992362
0.999216
1.00088
1.00348
0.999618
0.99991
0.997879
0.998941
0.998183
1.00139
0.998582
1.0067
1.00307
0.994308
1.00139
0.998721
1.00196
0.995873
0.996102
0.99866
0.996232
0.994038
1.00051
1.00193
0.999625
0.99903
1.00329
1.00061
0.999478
0.998133
1.00321
1.00623
1.00047
0.998952
0.998726
1.00199
0.998548
0.994061
0.996732
0.995479
1.00036
0.998231
0.996612
0.999754
1.00011
0.996241
1.00054
1.00123
0.997306
1.00208
0.99824
0.998567
0.992831
1.00111
0.999204
1.00137
1.0025
0.99609
1.00501
0.993037
0.999304
0.994013
0.999611
0.995085
1.00319
0.998735
0.998711
1.00444
0.997474
0.996337
1.00165
0.999453
0.99558
1.00005
0.999062
1.0031
0.993179
0.996929
1.00377
1.00678
0.9938
1.00093
0.997157
0.99651
1.00355
1.00307
1.00317
0.999328
0.996241
1.00155
0.999413
0.987026
0.997918
1.00415
0.998156
0.997692
1.00227
1.00183
0.99818
1.0006
1.00329
1.00513
1.00525
0.997331
1.00235
1.00062
0.99901
1.00174
1.00275
1.00483
1.00162
0.998365
0.99627
0.997445
0.997348
1.00072
1.00189
0.996748
0.998513
0.997891
0.999276
1.00246
0.999976
0.99675
1.00041
1.00491
0.99776
0.999973
1.00101
0.994448
1.00264
1.00312
1.00022
1.00348
0.999233
0.999722
1.00431
1.0004
0.994478
1.00103
1.00119
0.999754
0.997116
0.998034
1.0034
1.00046
1.00242
0.99889
1.00353
0.995218
0.996914
1.0027
1.00158
1.00149
1.00462
0.998763
0.997767
1.00216
0.999123
1.003
1.00019
1.00632
1.00341
0.989568
0.996409
0.998019
0.996974
1.00048
1.00197
1.00146
0.998496
0.997754
0.994056
0.998172
1.00052
1.00384
0.999983
1.00149
0.997872
1.00519
0.995363
0.999373
1.00366
0.997015
0.994872
1.00236
1.0056
0.995238
1.00502
0.999703
1.00155
0.996671
0.994617
1.0044
0.999377
1.00476
1.00443
1.00172
0.994993
0.994004
1.00001
0.997831
0.994697
0.997145
0.995102
0.998636
0.998137
0.99785
0.998267
1.00436
0.997474
1.00469
1.00199
1.00498
0.998729
0.994795
1.00185
0.997323
1.00168
1.00163
0.996007
0.99646
1.00047
1.00198
0.995842
0.999152
0.997643
0.99775
0.997084
0.999759
1.00105
0.990078
0.996725
0.992525
0.998292
1.00329
0.999309
0.998508
1.00356
0.998865
0.999143
0.998062
0.997137
1.00324
1.00002
0.99949
0.993736
0.992145
0.996215
1.00263
1.00099
1.00296
0.998146
0.997487
0.998935
1.00216
0.999725
1.00117
1.00309
0.997249
1.0015
0.99256
1.00565
1.00128
0.998449
0.999412
0.999294
0.998436
0.999949
1.00321
0.998266
0.995063
1.00107
0.994069
1.00455
0.999195
1.00336
0.997517
1.00033
1.00473
1.00033
1.00056
1.00295
1.00256
0.993606
1.00257
0.995768
1.00769
0.997276
1.0008
1.00105
0.998967
1.00313
0.998714
1.00302
1.00507
1.00318
1.00008
0.999147
0.99781
1.00146
0.998231
1.00149
1.00128
1.0026
1.00565
1.00135
0.999706
1.00019
0.99871
1.00192
1.0004
1.00342
0.995817
0.999212
0.998211
1.00758
0.998863
1.00364
0.999561
0.998818
0.999591
1.00019
0.998006
1.00408
1.00111
1.00174
0.994049
0.995291
1.00179
0.996946
1.00186
1.00405
0.999872
1.00011
1.00201
0.998971
1.00506
1.00722
1.00424
0.999687
1.0068
1.00154
1.00133
1.00338
0.990483
1.00301
0.999971
1.00205
0.996021
0.999287
0.997894
0.995736
1.00423
1.00028
0.99863
1.00751
0.997157
0.996961
1.00006
1.00533
0.99586
0.996136
0.99755
1.00034
0.998244
1.00053
0.998969
0.996008
0.999052
0.995678
0.998064
1.00454
1.00735
1.00079
1.00013
0.999561
1.00113
1.0038
1.00398
1.00884
1.00009
1.00437
1.00314
0.99765
1.00013
1.00927
1.0014
1.00035
0.995709
0.999943
1.00131
0.999107
0.997686
0.998457
1.00586
1.00011
1.00266
0.999412
1.00365
1.0047
0.998668
0.997938
1.00272
0.997857
0.99761
1.0055
0.997304
1.00237
1.00481
1.00039
1.0026
0.999208
1.00351
1.00059
1.00271
1.00161
0.999496
1.00144
1.00256
1.00787
1.00528
0.994181
1.00033
1.00217
0.998051
0.99687
1.00354
1.00035
0.996896
1.00211
1.00481
1.00119
1.00137
1.00201
0.99903
0.998507
0.9984
0.994652
0.997169
1.00444
1.00264
1.00426
0.998624
1.00292
1.00404
0.999443
0.998608
1.00568
1.00203
1.00346
0.997408
0.998623
0.999647
0.999342
0.998519
0.991707
1.00153
0.995631
0.999199
1.00533
1.00182
0.99919
0.998239
0.991519
0.995758
1.00526
1.00175
0.993849
0.999324
0.997414
0.996353
1.00628
1.00015
0.998885
1.00072
1.00751
0.998617
0.99573
1.00043
1.003
1.00228
1.00046
0.996655
0.999315
0.999446
1.00063
0.999273
1.00024
0.996057
1.00513
1.00034
0.998851
0.995698
1.00188
1.00435
1.00528
0.99929
1.00044
1.00048
0.992502
1.0008
0.998255
0.998533
1.00126
0.995257
0.995876
1.0031
0.998036
0.992847
1.00593
0.99258
1.00064
0.995975
0.99725
1.00149
1.00533
1.00629
1.00207
1.00409
1.00188
0.997869
0.993324
0.998288
0.998509
0.993714
0.992756
0.994213
1.00142
0.997071
0.998286
0.997215
0.996297
1.00279
1.00051
1.00206
0.997783
1.00828
1.00246
1.00352
0.998695
0.996187
1.0011
0.999784
1.00201
1.00155
0.999829
1.00034
0.99815
1.00161
0.996324
1.00079
1.00027
1.00727
0.998839
0.998046
1.00086
0.999194
0.99648
1.00556
1.00391
0.99801
1.0047
0.994811
0.998786
1.00144
0.998855
1.00228
0.999023
1.00247
1.0038
0.996241
1.00061
0.994733
0.998871
0.997114
1.00659
1.00885
0.999125
0.996497
0.995004
0.998744
1.00392
0.996345
1.00363
1.00106
0.998563
1.00308
0.992426
0.993933
0.995936
0.996823
1.0015
1.00716
0.997696
0.998858
0.999647
0.998855
1.00023
1.00019
0.995198
1.00177
1.00194
1.00257
1.00165
0.995786
1.0013
0.998092
1.00391
0.998076
1.00213
1.00018
0.997251
0.998293
1.00052
1.00678
0.996336
1.00119
1.00147
1.0001
1.00629
1.00082
0.997079
0.999127
1.00783
0.998507
1.01301
1.00157
0.996587
1.00731
1.00146
1.00445
1.00271
1.00187
1.00145
1.00098
1.00151
1.00425
1.0029
0.997989
1.00015
0.996724
0.993104
1.00314
1.00191
0.999351
1.00138
0.996586
1.00334
1.00009
0.999125
1.0005
0.997097
1.00668
1.00382
0.9985
1.00524
0.998418
1.00128
0.998452
0.998617
0.997687
1.00203
1.00133
1.00219
1.00273
0.997077
0.998832
0.996712
1.00473
1.00134
0.998382
0.99331
0.994937
0.998464
1.00011
1.00135
1.0043
1.00082
1.00145
1.00148
0.997749
1.00576
1.00243
1.00549
0.998535
1.00281
1.00017
1.00024
0.999941
0.998446
0.996811
1.00324
0.997551
0.996852
0.995669
1.00056
0.999222
1.00466
1.00216
1.00498
0.995623
0.999472
0.995786
1.00099
0.995475
1.00583
0.994306
0.996511
1.0053
0.997754
1.00031
0.999478
1.00095
0.999855
1.00387
0.996298
0.999766
0.998094
0.997128
1.00583
0.999146
1.00065
1.00232
0.993232
0.995105
0.996859
0.999877
1.00193
0.994998
0.993002
0.994165
0.999753
1.00025
1.00045
1.0004
1.00378
1.00256
1.00353
1.00165
1.00123
0.998092
1.00331
1.00277
0.999728
0.996851
0.999051
1.0018
0.997471
0.998227
0.997451
1.00892
1.00469
1.00024
0.996243
0.998644
1.00035
1.00052
1.00437
0.994422
1.00012
0.996495
0.996122
1.00123
1.00139
0.995396
0.997012
0.99383
0.99997
0.997117
1.00526
1.00213
1.00066
1.00216
1.00254
1.00341
1.00651
0.998101
0.997374
0.999723
1.00605
1.00524
1.00159
1.00355
1.00475
1.0082
1.0049
1.00315
1.00282
0.99885
1.00644
0.998861
1.00232
0.999588
0.997865
0.99811
1.00165
0.997306
0.999277
0.999419
0.998837
1.00269
0.993158
0.996902
0.998592
0.999506
1.00731
0.994255
0.996172
0.997671
0.996366
0.998835
0.997938
0.999108
1.00432
1.0019
1.00258
1.00195
0.995075
1.00179
0.99622
1.00414
1.00311
1.00131
1.0006
0.997526
0.994179
0.997509
1.00302
1.00757
1.00799
0.999422
1.00398
1.00119
1.00065
1.00083
1.00376
1.00115
1.00014
0.999426
0.998933
0.992282
0.993233
0.999432
1.00035
0.997571
0.99594
1.00468
1.00421
0.999517
1.0055
0.993462
1.00223
0.998804
0.998633
0.998482
1.00958
0.999732
0.993755
1.00458
0.996713
1.0007
1.00389
0.996974
1.00184
1.00321
1.0004
1.00007
0.998724
1.0012
0.99988
0.999188
0.9954
1.00503
1.00012
0.996874
1.00147
1.00242
0.997179
0.997595
0.995488
1.00057
0.998373
1.00288
1.00138
0.998801
1.00254
0.99842
0.998704
0.998378
1.00262
1.00035
0.995913
0.995254
0.998788
0.993082
1.0054
1.00196
0.998235
1.00225
1.00299
0.999865
0.999975
0.997758
1.01076
0.999183
0.993497
0.999073
1.00319
0.998751
0.993867
1.00258
1.00108
1.00436
0.99906
1.00105
0.998939
1.00044
0.99704
1.00121
1.00248
1.00377
1.00318
1.001
0.998604
1.00141
1.00005
0.999985
0.993137
0.99317
0.987474
0.997111
1.00641
1.00402
1.00023
0.997559
1.00246
0.995867
0.998908
1.00136
1.00393
0.994789
0.999575
1.00407
0.994512
1.00031
0.99885
1.00051
1.00475
1.00208
1.00285
0.999961
1.00663
1.00034
0.996916
0.998408
1.00207
1.00381
0.997516
0.998361
1.00274
1.00033
0.999217
0.99776
0.992659
0.993344
1.00419
1.00348
1.0004
1.00081
1.0061
0.999333
1.00364
1.00589
0.999211
0.998475
1.00169
1.00375
1.00173
0.996082
0.999703
1.0035
0.997182
0.994751
0.998388
0.997081
0.996416
1.0045
1.0019
1.00015
1.0031
1.00372
0.998943
0.996019
0.999919
0.997835
0.995641
0.999253
1.00413
1.00177
1.0048
1.00044
0.999088
0.999602
0.998171
0.994668
0.996918
0.992037
0.997643
1.00055
0.996435
1.00082
1.00176
0.999916
0.998927
0.995454
0.995322
0.994118
1.00785
0.99963
1.00137
1.00514
1.00067
1.00365
1.00437
1.00361
0.9945
1.00789
1.00404
0.996545
1.00362
1.0041
1.00009
1.01015
0.997555
1.00318
1.00065
0.994367
1.00055
0.995273
1.00336
0.99971
1.00095
1.00307
0.995957
0.996698
0.996942
1.00559
0.994359
0.998509
1.00154
0.996697
0.998888
0.998218
1.0012
0.997714
0.999854
1.00164
1.00129
1.00146
0.996806
1.00145
1.00043
0.996619
0.996768
0.995615
1.00028
1.00514
1.00293
1.00045
0.997436
0.998903
1.00116
1.00319
0.992945
0.99968
1.00158
1.00319
0.994643
0.99978
0.998972
0.996424
1.00279
1.00059
0.991633
1.00089
1.00131
1.00516
0.997249
0.99886
0.997423
1.0024
0.994127
1.00251
0.995818
1.00316
1.00231
0.997999
0.996052
0.997839
0.996493
1.00079
1.00067
0.992585
1.00569
1.00023
1.0016
0.996306
1.0011
0.992493
1.00305
1.00189
0.997073
0.998875
0.999837
0.994083
0.999168
0.996208
0.998703
1.00046
0.997934
1.0028
0.998179
0.999702
0.998857
0.997214
1.00719
0.99709
0.999117
0.997006
1.00406
0.996869
1.00114
1.00187
0.999298
0.996749
0.999865
0.999321
1.00137
0.996573
1.00163
0.999844
1.00415
0.998147
0.997393
1.00429
1.00153
1.00823
0.991165
0.997546
1.00044
0.997923
0.999544
0.999118
0.996204
0.999649
1.00158
0.994936
1.00203
1.00258
1.00237
1.00109
0.996579
1.00186
0.998322
0.999026
1.00301
1.00819
1.00036
0.999775
0.999541
1.00261
1.00068
1.00001
0.994962
1.00498
1.00419
1.005
1.00018
0.996308
0.999982
0.999042
0.995414
1.00501
0.99145
1.00062
0.996803
1.00382
1.00007
0.995077
0.999082
1.00093
1.00818
0.99913
1.00955
1.00098
0.996847
0.995957
1.00016
1.00839
0.99978
0.997532
1.0023
0.996075
1.00123
1.00066
1.0004
0.996588
0.996711
0.998342
1.00286
1.00074
1.00003
1.00374
0.994735
1.00415
1.00369
1.0016
0.999216
0.997993
1.00218
1.00028
1.00276
1.00953
1.00291
0.999846
1.00013
0.998636
1.00087
0.99661
1.00165
1.0009
0.998795
1.00371
1.00613
1.00603
1.00435
0.999635
0.997627
0.998776
1.00814
1.00425
1.00237
0.999164
0.996855
1.0002
1.00422
0.997196
0.994975
0.998725
0.997014
0.999739
1.00146
1.00174
1.00005
0.991474
0.996665
0.999931
1.00081
1.00152
0.998446
0.993585
0.994694
1.00256
0.997772
0.998466
0.995554
0.996778
0.999614
1.00268
0.999516
1.00086
1.00436
1.00146
0.999206
0.995827
1.00236
0.995797
0.992879
0.999858
1.00153
0.998942
1.00271
0.999299
0.992069
0.998966
1.00339
0.998824
1.00102
1.00547
0.99442
1.00085
0.998784
1.0006
0.998548
0.999534
0.998892
1.00343
0.999553
1.00635
1.00282
0.9993
1.00187
0.999649
0.996337
0.994527
1.00794
0.997077
0.996292
0.997421
0.99935
1.00574
0.99792
1.00202
1.00348
0.992854
1.00035
0.999024
0.995528
0.996504
1.00508
0.99874
0.999441
0.998591
1.00264
0.998687
0.997823
0.99825
1.00243
1.00154
1.00277
0.996639
1.00239
0.997822
0.995804
1.0014
0.99553
0.99967
0.99936
1.00454
1.0013
1.00648
0.994715
1.00045
0.998473
1.00031
0.99925
0.997769
1.00547
0.996165
0.997254
0.994698
0.998918
0.996025
0.994416
1.00066
0.998443
0.998543
1.00681
0.993733
1.00291
1.00687
0.999798
0.998213
1.00578
0.996867
1.00307
1.00368
0.999666
1.00504
1.00275
0.996185
1.00119
1.00492
0.999268
1.00069
0.998293
0.9979
1.00166
0.998544
0.995842
0.996437
1.00719
0.999976
0.996048
1.00016
1.00293
0.999979
1.00161
0.998868
0.992236
0.998563
0.995226
1.00162
0.998566
0.997386
1.00069
1.00356
0.997616
1.00133
0.995658
1.00082
1.00172
0.996479
1.00009
1.00262
0.999898
0.996191
1.00321
1.00246
1.00016
0.997331
1.00632
0.999991
1.00183
0.997422
1.00145
0.998896
0.997856
1.00335
0.995321
1.0024
0.999537
0.997742
1.00372
0.999759
0.996319
0.998922
1.00138
1.00067
1.00101
0.994787
1.00091
1.00103
1.00044
0.99844
0.998343
0.994769
0.999708
0.997398
1.00275
1.00269
1.0022
0.995318
1.00284
1.00394
1.00196
1.00024
1.00208
0.999028
1.00024
0.996662
1.0029
0.994094
1.00038
0.990502
1.00466
1.00302
1.00336
0.997846
0.99244
0.998478
0.997678
1.0016
1.00171
0.99703
1.0006
1.00124
1.00435
1.0007
1.00428
1.00343
0.999745
0.991456
1.00014
1.00156
1.00039
1.00303
0.993453
0.996621
0.998157
0.994571
1.00203
1.00333
0.999887
1.00223
1.00422
1.00114
1.00525
1.00101
0.99356
1.00944
1.00629
1.00647
0.996202
1.0044
0.998806
1.00045
1.00101
0.997251
0.994698
1.00242
1.00361
0.997754
0.996408
0.995703
1.00009
0.998557
1.00024
1.00014
1.00277
1.00094
0.994644
0.994794
1.00314
1.00476
0.998562
0.99861
1.00571
0.997791
1.00094
0.994118
1.00243
0.998582
1.0004
1.00157
0.997301
0.995344
0.998686
1.00573
0.997415
1.00389
1.0009
0.996403
0.999697
0.998293
1
1.00197
1.00767
1.00013
1.0014
1.00314
1.00113
0.998456
1.00599
1.00719
0.996289
1.00635
0.9976
0.999626
1.00244
0.999019
0.999557
0.998001
0.994372
1.00245
0.998862
0.995243
0.99574
0.993427
1.00598
1.0028
1.00398
0.998878
1.0044
0.99439
0.998159
0.997148
0.998523
1.00044
0.998891
1.00008
1.00195
0.99786
0.999189
0.997473
1.00339
0.998921
0.995218
1.00279
0.992752
0.995635
1.00016
0.996605
1.00004
1.00045
1.00079
1.00498
0.997523
0.99711
1.00363
1.00104
0.996937
0.997466
0.998673
0.99612
1.00645
0.995176
1.0024
0.996755
0.997991
1.00034
1.0029
0.998923
0.994802
1.00404
0.999794
0.992683
1.00185
0.998558
0.998108
1.00043
1.00398
1.00016
0.997077
1.00316
0.990075
1.0016
1.0035
0.991848
1.00169
1.00296
1.00249
1.00262
1.00209
0.988862
1.00033
0.99893
0.995173
1.00013
1.00332
0.996984
1.00164
0.998859
1.00348
0.997152
1.00198
0.996918
1.00234
0.99947
0.999698
0.992114
0.997724
1.00071
1.00197
0.999854
1.00156
0.99606
1.00844
0.999866
1.00586
1.00177
0.998691
1.00157
1.00042
1.00077
0.995498
1.00348
1.00124
0.993992
1.00091
1.0045
1.00463
0.996137
1.00463
0.996647
0.998249
0.997933
0.998531
1.00419
1.00679
0.998753
0.998407
0.998797
1.00034
1.00668
0.998835
0.993849
0.999398
0.999118
1.00071
0.997072
0.994703
0.99529
1.00307
0.999931
0.994445
0.999623
0.994138
0.999923
1.00029
1.00203
1.00175
1.00439
1.00319
1.00246
1.00091
0.999771
0.996695
1.00348
1.00028
0.991949
1.00371
0.997697
0.988629
0.99719
0.998828
0.994751
1.00106
1.00264
1.00526
1.0049
1.00313
1
0.99436
1.0079
1.00138
1.00396
1.00247
0.995519
0.999251
0.998405
0.997501
0.999911
0.996794
0.993519
1.00091
0.999339
1.00007
1.00191
0.993113
0.998608
0.995067
0.99717
1.00275
0.994896
0.992278
1.00244
1.00232
0.993464
0.996232
1.00076
1.00236
1.00513
0.994849
1.00139
1.00297
0.999993
1.00145
1.00281
0.995467
1.00222
1.00208
0.99879
0.996851
1.00328
1.00573
0.991477
1.00077
0.998151
1.00753
0.997223
0.999815
1.00214
1.00343
0.998266
0.997164
0.999867
1.00187
1.00268
1.00042
1.00158
1.00432
1.00043
1.00108
0.999308
0.996825
1.00175
0.996955
0.995975
1.00058
0.999426
0.991374
1.00005
0.998184
1.00002
1.00239
0.992517
0.9965
0.997255
1.00352
0.995141
0.998458
0.992169
1.00062
1.00261
0.998107
0.997181
1.00296
1.00226
1.00254
1.00272
0.998172
0.998768
1.00326
0.993819
1.00242
1.00204
0.999292
0.990356
0.998119
1.00396
0.99724
1.00715
1.00042
0.997903
1.00092
1.00161
1.0038
0.993535
0.99928
1.0015
1.00047
0.997359
1.0007
0.993832
1.00176
0.99668
1.00128
0.999065
0.999836
1.00205
1.00155
0.997382
1.00608
0.999241
1.00015
1.0021
1.00033
0.999733
1.00771
1.00694
1.00167
0.997797
1.00041
0.998153
1.00195
1.00339
1.0018
1.0035
1.00245
1.00345
0.996631
1.00345
0.998315
1.00087
1.00176
0.998566
1.00143
0.999373
0.998437
0.999717
0.996767
0.997459
1.00353
1.00282
0.997178
1.00327
1.00421
1.00782
0.996153
0.999859
0.999769
1.00019
0.99501
0.997936
0.997363
1.00875
1.00137
0.999609
1.0061
1.00009
1.00515
1.00104
0.997365
0.997535
1.0038
0.996518
0.995552
0.993055
0.994544
1.00164
1.00846
0.995858
0.994805
1.0016
1.00002
1.0039
0.99943
0.99797
0.998892
1.00421
1.00519
1.00069
0.999034
0.99665
0.990954
0.996406
0.998148
1.00398
1.00117
0.998864
0.997564
1.00153
1.00064
0.997912
0.99903
0.995038
1.00138
1.00101
0.999487
0.995421
0.998651
0.997024
0.996759
0.994999
1.00305
0.997887
1.00277
0.999388
1.00031
1.00629
0.998011
0.99868
0.999245
0.997581
1.00121
0.997244
0.997931
0.997349
0.995717
0.992958
1.00573
1.00121
0.992996
1.00763
0.998143
1.00323
1.00545
0.997038
1.00066
1.00039
0.999516
1.00006
1.00412
1.00122
1.00672
0.99941
1.0008
0.997713
0.997997
1.00211
1.00297
0.999318
0.99099
1.0007
1.00453
0.998485
0.999419
1.00347
1.0068
1.00241
0.998243
1.01026
1.00049
0.994865
0.998682
0.998654
1.00349
1.00017
1.00284
1.00058
1.00207
0.999175
0.996324
1.00184
1.00137
0.994886
1.00183
1.0011
0.999013
0.991167
0.998557
0.998453
1.00411
1.00064
0.995493
0.998699
1.00196
0.997078
0.998465
1.00028
1.00623
1.00511
0.994083
1.00354
0.999578
0.994398
0.994481
0.995862
0.996085
0.99702
1.00155
0.998554
0.99737
1.00114
1.00041
1.00135
1.00474
1.00556
1.00145
1.00506
0.998949
1.004
1.00021
1.00596
1.00133
1.00059
0.99581
0.996014
1.001
0.996195
0.998821
1.00054
0.993841
0.995323
1.00062
0.997632
0.999673
0.995993
0.998182
0.995978
1.00074
0.999
1.00689
0.999483
1.0011
1.00221
1.00114
1.00043
0.990695
1.00174
1.00216
1.00102
0.994276
0.998752
1.00022
1.0018
1.00158
0.997279
1.0021
1.00136
1.00083
0.993605
1.0021
1.00043
0.998365
1.0061
0.996559
1.00295
1.00436
1.00457
1.0075
0.995728
0.998904
0.997301
0.99854
0.997509
1.00224
0.996169
1.00351
1.00168
0.995679
1.00352
0.997981
0.996078
0.996995
1.00173
1.00712
1.00374
1.00019
0.995374
1.00588
0.997975
0.996329
0.997049
0.992421
1.00519
0.995812
1.00101
1.00014
1.00091
0.996724
0.999769
0.999146
1.00654
0.99631
1.00205
0.99821
0.999835
0.998638
0.996883
0.993848
0.999555
0.996727
0.998086
0.999085
1.00017
0.999655
1.00142
1.00291
0.996954
0.996259
1.00483
1.00414
1.00209
1.00149
0.997815
1.00549
0.991988
0.996142
1.00607
0.996643
1.00096
1.00274
0.989219
1.00029
1.00397
1.00026
1.00669
1.00817
1.00155
0.996719
1.00048
0.9981
0.994367
0.999296
1.00415
1.0003
1.00158
1.00042
0.994371
1.00402
1.00071
1.00406
1.00222
0.999318
0.994134
0.996628
0.998122
0.999052
0.998105
1.00415
1.00223
0.99437
1.00757
1.00071
0.991014
0.998866
1.00379
1.00387
0.995466
0.998699
1.00614
1.00144
0.992741
0.99751
0.995819
0.998683
0.998901
0.997538
1.00105
0.989645
0.998112
1.00048
0.994946
0.997328
0.998297
1.00082
0.997651
0.995772
1.00204
0.994271
1.00516
0.998578
0.996073
0.995258
0.999228
1.00068
0.999078
1.00481
0.99814
0.997759
0.999327
1.00434
0.999579
0.998191
1.00422
1.00516
0.996186
0.998646
0.996252
1.00115
1.00544
0.996058
1.00186
0.999715
1.00301
1.00389
1.00319
0.994323
1.00122
0.997065
1.00301
1.00054
1.00163
0.99733
1.00184
1.00232
1.00116
1.00136
1.00345
1.00095
1.00001
0.999214
1.00407
1.0012
0.991759
1.0038
1.00216
1.00442
1.00185
1.00438
0.993374
1.00984
0.995607
1.00871
1.00593
1.00123
1.00287
0.99578
0.997814
1.00228
0.995599
0.996452
0.994554
0.995159
0.999168
1.00536
1.00448
0.997452
1.00276
0.999285
1.0052
0.997453
1.00489
0.993336
1.00261
0.996818
1.00209
1.00166
0.995629
0.997135
0.999869
1.00026
0.999889
1.00086
0.998452
1.00056
1.00024
1.00046
0.997236
1.00092
0.999265
0.996418
1.00089
0.996279
0.995977
0.996977
1.0033
1.0041
0.999143
1.00708
1.00157
0.997097
0.992404
0.993989
1.00082
0.997029
1.00039
1.00413
1.00242
0.998891
1.00389
0.998047
1.00225
1.00133
1.00462
1.00427
0.996091
1.00261
1.00088
0.999649
1.00121
1.00037
1.00579
1.00179
1.00291
0.996812
0.998206
0.99631
1.00327
0.996429
0.999621
1.00184
0.995076
0.994995
0.997629
0.996649
0.997889
0.992785
1.00579
1.00652
1.00151
0.999688
0.998466
1.0007
0.999501
0.995912
1.00557
0.998718
1.00156
0.995477
1.00159
0.999395
0.997681
1.00005
1.00802
1.00372
0.998691
0.99908
1.00098
0.996689
1.00176
0.999205
0.997909
1.00058
0.998648
0.996101
0.998903
0.998427
0.999597
1.00166
1.00057
0.996271
1.00024
1.00259
0.997291
0.996275
0.999941
0.994371
0.994832
0.997393
1.00258
1.00501
0.994711
1.00894
0.993356
0.999115
1.00304
1.00918
1.00258
0.997443
0.994209
0.997859
1.00438
1.0007
1.00565
0.995863
0.994102
0.994609
1.00364
0.999719
1.00079
1.00172
0.996855
1.0031
0.996864
1.00327
1.00018
1.0005
1.00039
0.993266
0.997124
0.992149
1.00296
0.999598
0.997176
0.995997
0.997436
1.00335
1.00017
1.00821
1.00292
1.00368
1.00041
1.00473
0.996468
0.994865
1.00441
1.00404
1.00337
1.00571
1
1.00027
1.00088
0.997067
1.0065
1.00286
0.99943
1.00456
0.996438
1.00125
0.997907
1.00097
1.00326
0.995722
0.998697
0.997773
0.99704
1.0004
1.00141
0.997197
0.996784
0.998565
1.0028
1.00248
1.0016
0.998196
0.99895
1.00463
1.00194
0.996603
0.999879
0.999633
1.0001
0.998946
1.0021
1.00161
0.997353
1.00373
0.999502
0.995458
1.00965
1.0061
0.99738
0.994655
1.00182
0.994126
0.997184
1.00391
1.00161
0.997497
0.997421
1.00545
1.00768
0.999038
0.999405
0.999268
0.998142
1.00145
0.997385
1.00313
1.00031
0.997555
1.00155
1.00191
1.00353
1.00066
1.00252
1.00073
1.00618
0.996377
1.00287
1
0.994303
1.00083
0.997851
0.994547
0.999868
0.997287
0.999601
1.00211
0.992706
0.997868
0.9931
0.993019
1.00819
0.996547
1.00333
1.00256
1.00478
0.995505
1.00251
0.998722
1.00924
1.00239
1.00238
0.999682
0.998702
1.00138
1.00238
1.00568
0.996516
0.9976
1.00018
1.00123
0.994571
1.0018
0.995836
1.00124
1.00142
1.00092
1.00135
1.00308
1.00143
0.993279
0.99885
0.998418
0.996962
1.00088
0.999226
0.996333
1.00403
0.997161
1.00081
0.99818
1.00205
1.00444
0.997464
0.998438
0.9966
0.997748
1.00194
1.00109
1.00128
1.00401
1.00339
1.00193
0.998596
0.992268
0.999931
0.992614
1.00253
1.00505
1.00091
1.00007
1.00363
1.00271
0.994023
1.00306
0.998592
0.995146
0.998919
0.996087
1.00082
0.997816
0.999975
1.00065
1.00112
0.994237
1.00077
1.00126
1.00215
0.997852
0.994483
1.00275
0.997007
0.996158
1.00027
0.998588
0.995178
1.00139
1.00262
1.00062
0.998846
0.997251
0.996707
0.994231
1.00283
0.995974
1.00169
1.00346
0.999252
0.994158
0.998943
1.00719
0.999976
0.995947
0.996633
0.996398
1.00126
0.998157
0.991768
0.994978
1.0003
1.00533
0.99849
1.00127
1.00181
1.00002
1.0007
1.00068
1.00499
0.99678
0.999446
1.0024
0.99639
1.00066
0.997551
0.99827
1.00063
0.995592
0.998188
0.99935
1.00082
1.00098
1.00479
1.00202
0.997243
0.991427
0.999489
1.00494
1.00254
1.00226
0.994117
1.00085
1.00541
0.999098
1.00036
0.999741
1.00141
0.998404
1.00108
0.995902
0.999642
1.00198
1.00083
0.997717
1.00029
1.00638
1.00319
1.00275
0.99872
0.997551
0.999204
1.00024
1.00116
1.00337
0.997292
1.00569
1.00076
1.00458
0.99875
1.00285
0.99684
0.99756
1.0027
0.999067
0.999153
0.99655
1.00131
0.996072
1.00545
1.00366
1.00617
1.00926
0.996689
1.00353
1.00191
1.00048
1.0017
0.997375
0.997603
0.997755
0.998508
0.999277
1.00015
1.00285
0.998046
0.993134
0.995463
0.998057
0.993954
0.998103
0.995656
1.00266
1.00126
0.999753
1.00171
1.00603
0.999687
0.9935
1.00327
0.998808
0.997599
0.995343
0.999585
1.00413
0.994532
0.998561
0.991747
0.994284
0.998353
1.00363
1.00208
0.99905
0.994913
1.00146
0.998712
1.00875
1.00488
0.998341
1.00639
0.99791
0.994432
0.996239
0.994708
0.999072
0.994418
1.00044
0.996269
1.0074
1.00274
1.00331
1.00466
0.993779
0.99761
1.00258
1.00543
1.0047
1.00244
1.00279
0.99589
1.00648
0.998323
0.990754
1.00324
1.00559
1.00262
0.997414
0.998507
0.996364
0.997633
1.00515
1.00099
0.99863
0.996721
1.0004
1.00292
1.00207
1.0018
1.00441
1.00131
0.999744
0.996205
0.9968
1.00073
1.00597
1.00131
0.996261
1.0007
1.00497
1.00597
1.00346
1.00147
1.00375
1.00069
1.00487
0.996026
0.999477
0.998486
0.995603
0.999513
1.00477
1.0031
0.998836
0.997069
1.00289
1.00567
0.999873
0.998538
0.999428
0.992718
0.996529
1.00466
0.998645
0.993739
0.996684
1.00394
1.00212
0.994528
1.00192
1.00167
1.00055
0.999966
0.9985
1.00038
0.995924
0.999397
0.999512
1.00192
0.99948
0.999414
1.0038
0.993705
0.997788
0.998239
0.990821
1.00118
1.00202
1.00289
0.998703
0.99924
1.00009
0.9987
0.997903
1.00046
1.00424
0.996149
0.993076
0.997635
1.00003
0.997408
0.996564
1.00268
1.00054
1.00389
1.00136
1.00208
1.0024
0.999131
1.00126
0.993589
1.00304
0.999861
1.00312
1.00291
0.995803
1.00047
0.995277
1.00418
0.999751
1.00041
0.998277
0.990228
1.00076
1.00509
0.996253
1.00251
0.992413
0.997634
0.998449
1.00189
0.998454
1.00224
1.0022
0.999384
0.998234
1.00231
0.996085
1.00274
0.997387
1.00191
1.0009
0.999664
0.995366
1.00051
1.00083
0.993864
1.00185
0.999747
0.996287
1.00565
0.998207
0.993647
1.00154
0.995626
1.00013
1.00133
0.993975
1.00218
1.00119
1.00167
1.00587
0.995358
1.00432
1.00906
1.00267
1.00283
1.0003
0.992176
0.99998
1.00024
1.00292
0.991267
1.00142
0.997513
0.997545
1.00056
1.00476
1.00484
1.00279
1.00256
1.0001
1.00046
1.00244
1.00036
0.993241
1.00144
0.999907
0.995448
1.00246
1.00235
0.995591
1.00478
1.00018
1.00091
0.999786
1.00114
1.00562
0.995822
1.00018
0.991853
0.995715
0.997636
0.993995
0.996729
1.00434
0.996978
0.999731
1.00054
0.99718
1.00097
1.00183
0.995395
1.00511
0.999692
0.994028
1.00285
1.00014
0.996906
1.00545
1.00115
0.9974
1.00352
0.999342
0.996926
1.00113
1.00348
0.998527
0.992859
1.00325
0.997092
0.993107
0.995967
0.997397
0.996909
0.997486
1.00068
1.00199
1.00032
0.995863
0.999977
1.00017
1.00758
0.999791
1.0081
1.00355
1.00876
1.00619
1.00225
1.00324
1.0026
1.00464
0.997075
0.997347
0.996856
1.00661
0.997267
0.997596
1.00322
0.995097
1.00091
1.00001
0.994737
1.00249
1.00641
1.00353
0.995244
1.00154
1.00169
1.00001
0.998571
0.999069
1.003
0.997891
0.997986
0.996791
1.00359
1.00602
0.998578
1.00014
1.00628
1.00271
1.00245
0.996739
0.998251
1.00344
1.00444
0.998474
1.00192
0.99709
0.999448
0.998931
0.997035
1.00276
0.993125
1.00245
1.00814
0.998022
0.997608
0.998581
0.997422
0.999643
1.00325
0.996587
1.00135
1.00338
0.992995
1.00066
1.00134
0.998758
1.00264
0.99481
0.996289
0.99749
1.00302
1.00067
1.00669
1.00289
0.997177
0.994084
1.00537
1.001
0.993289
1.00313
1.0084
0.999013
1.00069
1.00297
1.00161
1.00395
0.997232
1.00062
1.00194
0.996967
0.995105
1.00257
0.997439
1.00025
0.998022
0.998351
1.00078
0.999134
1.0011
1.00056
0.999085
1.00211
0.996216
0.999512
1.00048
1.00095
0.99347
1.00506
1.00654
1.00347
0.996429
1.00394
0.995668
0.999956
0.993612
0.999301
0.99844
0.998741
0.998217
1.0027
0.998417
1.00141
1.00477
0.997541
0.99615
1.00008
1.00702
0.993438
0.998263
1.00362
0.997716
0.999448
0.998302
0.995909
1.00212
1.00297
0.997208
0.996051
1.00097
0.999575
1.00439
1.00039
0.996271
0.994899
0.997088
1.00554
1.00157
0.995682
0.997936
1.0022
0.999215
1.00032
0.999244
1.00123
0.999933
0.998852
0.995736
0.997455
0.997148
1.00125
1.00468
0.997456
0.998514
0.996079
0.995134
1.00052
1.00289
0.999391
1.00129
1.00473
0.99767
0.996357
0.994742
0.995361
1.00078
0.999819
1.00013
1.00188
0.994893
1.00545
0.997046
0.999037
1.00792
0.995343
0.997253
1.00156
1.01021
0.999797
1.00364
1.00378
1.00169
0.99728
1.00533
0.998756
0.996132
0.997721
0.998013
1.00357
1.0014
0.997026
0.99704
0.998807
0.997467
0.998586
1.00245
0.998023
1.00616
0.996382
0.996004
0.991953
1.00156
1.00063
0.995992
0.995005
0.995502
0.997554
1.00242
1.00132
0.998827
1.0008
0.999157
0.998655
1.00184
1.00329
0.995454
0.996003
0.999361
1.00305
0.995096
1.009
0.995811
0.999161
0.999837
0.997183
1.0025
0.996856
0.999149
1.00386
1.00192
0.994325
0.99778
0.999902
0.994794
1.00492
1.00088
0.995747
0.998454
1.0009
0.999952
0.997246
1.00564
0.996354
1.00344
0.99702
1.00304
0.994647
1.00241
0.999096
1.00397
1.00133
1.00377
0.994692
0.996941
0.997882
0.999034
0.990624
0.996294
0.997346
0.996017
0.995525
0.999873
1.00489
0.995374
1.00286
0.997557
1.00366
0.998792
1.00485
0.997456
1.00525
0.999425
0.99997
0.997679
1.0073
1.00164
0.995498
0.998736
0.999018
0.996827
1.00196
1.00005
1.00378
0.998969
0.997881
0.999075
0.999385
0.998839
1.00316
0.994975
1.0001
0.999808
1.00117
0.99888
1.00275
1.00171
0.991353
1.00227
0.995008
1.00077
0.99796
1.00506
1.00158
0.996301
0.990146
1.00216
0.995144
1.00011
1.00012
1.00845
1.00061
1.00013
0.992315
1.00035
0.99179
0.998816
1.00151
1.0046
1.00113
0.996519
1.00495
0.999989
1.00474
0.994947
1.00123
0.991372
1.00862
0.999813
1.00261
1.00176
0.995801
0.995104
0.99921
1.00311
0.999008
1.00534
1.00168
1.00267
1.002
0.998666
1.00572
1.00026
1.00126
1.00728
1.00083
1.00133
0.997829
0.998651
1.00845
1.00024
0.999684
0.997953
1.00124
1.00246
0.997529
0.996976
1.00174
1.00218
0.996547
1.00311
1.00297
0.995068
0.998127
1.00378
1.00145
0.997402
0.998266
0.995236
1.00324
1.00138
0.994893
1.00146
0.999222
0.998867
1.00233
0.99685
1.00005
0.997819
0.994138
1.00599
0.997687
0.999472
1.00253
1.00117
1.00503
1.00023
0.999566
1.00172
1.00087
0.999752
0.993222
0.998394
0.997205
1.00493
0.999598
0.997968
0.993826
0.998548
0.996067
0.999312
1.00055
0.99413
1.00177
1.00535
0.998898
0.997506
1.00225
1.00446
0.997481
1.0019
1.00288
1.00007
1.00309
1.00304
0.996778
1.00519
0.999989
0.998292
1.00155
1.00127
0.998782
0.999216
0.99796
0.998051
0.998165
0.995798
0.999594
1.0044
0.99495
0.996325
1.00441
0.996914
1.00045
1.00002
1.00203
0.999875
0.996731
1.00479
1.00628
0.994691
1.00293
0.999499
0.99707
1.00208
1.00429
1.00115
0.995394
1.0028
1.00196
0.995509
0.991524
0.999873
1.0012
0.998399
1.00124
0.995618
1.00853
0.99552
1.00384
0.994362
1.00027
1.00042
1.00265
0.997994
1.00419
1.00206
0.995638
0.99713
1.00023
0.99918
1.00608
0.995822
1.00132
0.998344
0.994906
1.00113
1.00236
0.997373
0.995549
0.994242
1.00379
0.994226
1.00421
0.997698
0.997179
1.00006
0.992814
0.998859
1.00571
0.994916
1.00127
1.00117
0.995725
1.00211
0.999787
0.996578
0.994995
1.00631
0.998786
1.00045
1.00187
0.998851
0.998149
0.995198
1.00656
1.00258
1.00705
0.999136
0.99615
0.998605
1.00313
1.00639
1.00439
1.00634
0.998261
1.00398
1.00247
0.99283
0.995883
1.00006
1.00044
1.0009
0.998703
1.00343
0.997954
0.993825
0.99503
1.00466
0.998145
0.998147
1.00673
0.993819
0.993954
0.999907
1.00109
1.00062
1.00061
1.00743
0.999289
1.00027
0.996926
1.00335
0.995188
1.00466
1.00076
1.00161
0.997308
0.999578
1.0011
0.999436
1.00481
1.0017
1.00292
0.99609
0.999517
1.00067
0.998492
1.00169
0.9949
0.99044
0.998991
0.998132
0.999178
1.00332
0.995268
1.00014
1.00227
0.992261
1.00269
1.00427
1.00162
1.00024
0.991023
1.00544
0.998168
0.998415
1.0064
0.996035
1.00415
1.00263
1.00008
1.00066
0.999195
1.00472
1.0026
0.997728
1.00009
0.99539
0.997843
0.996007
1.00102
1.00154
0.994955
1.00419
0.997064
0.996882
0.99977
0.99682
1.00206
0.995802
0.99711
1.00226
0.999717
0.996342
1.00297
0.998957
0.996629
0.999718
0.995415
0.998506
1.00636
1.00144
1.00334
0.996277
0.999698
1.00337
1.00403
0.992945
1.00509
1.00276
1.00109
1.00179
1.00182
1.00028
0.993413
1.00508
0.999851
0.995598
0.999386
1.00129
0.993997
1.0013
0.996203
0.999244
1.00351
1.00132
1.00368
0.999776
0.991461
1.00412
1.00236
1.00225
1.00025
0.999443
1.00153
1.00062
0.997999
1.00035
0.995609
0.995715
0.996479
1.00338
0.999333
1.00366
0.999547
1.00481
1.00021
1.00823
0.998086
0.999094
0.99553
0.999565
0.999768
0.994817
0.997505
0.989534
1.00898
1.00374
1.00561
0.998228
1.0001
0.997544
1.00185
0.998836
0.998141
1.00677
0.996388
0.999252
1.0041
0.999527
1.00171
1.00442
1.00303
0.99732
1.00191
0.997888
1.0043
1.00128
1.0041
1.00419
1.00126
1.00339
1.00231
1.00524
1.00239
0.999924
1.00676
1.00322
0.998137
1.00326
0.999805
0.99758
0.996774
1.00324
0.997762
1.00221
0.997759
1.00803
0.998756
1.00374
0.998491
0.999227
1.00305
0.995789
0.99833
0.997462
1.00458
1.00536
1.00419
0.997903
1.00021
0.998813
1.00117
0.994195
0.997577
0.995917
1.00325
1.00138
0.999026
1.00278
1.00355
1.00267
1.00091
1.0027
0.996816
0.997435
1.00711
1.00433
0.998621
0.997689
0.9998
0.995073
1.00382
0.998997
1.00009
1.00376
1.00324
0.99782
1.00475
0.998465
1.00618
1.00009
1.00758
1.0012
1.00089
0.996027
1.00322
0.996838
0.995212
1.00184
1.0055
0.999786
0.998536
0.998202
1.00215
0.999981
0.99894
0.999045
1.00438
1.0072
0.996857
0.999482
0.998134
1.00726
0.996214
0.99854
1.00445
0.999717
1.00859
0.997592
1.00327
1.00792
1.00157
0.995644
0.998899
0.999361
0.993991
1.00273
0.998452
0.995482
1.00145
0.997313
0.993291
0.996582
0.997829
0.995534
0.995677
1.00387
1.00256
1.0061
1.0077
0.994826
1.00321
0.999264
0.999543
1.00565
0.992947
0.996792
0.991751
1.00429
0.996922
1.00155
1.00345
0.999392
0.995342
0.997091
1.00654
0.999494
0.997194
0.998383
0.998032
0.996684
1.00237
1.00251
1.0064
0.994019
1.00287
0.999762
1.00283
1.00148
0.989888
1.00057
1.00872
0.998087
1.00147
0.99548
1.00828
0.998504
0.999578
1.00288
0.992959
1.00042
0.992194
0.997352
0.999206
1.00349
1.00412
0.998369
1.00116
1.00111
1.00031
0.999156
0.997823
1.00292
1.00134
1.00245
1.00145
0.99798
1.00004
1.00161
1.00241
1.00287
0.993708
1.0018
0.999307
1.00332
0.998838
1.00043
0.996209
0.999342
0.998382
0.999587
1.00184
0.999002
1.00156
0.997951
0.996774
0.999392
0.995563
1.00332
0.999319
1.00298
1.00216
0.99716
1.00219
1.00165
0.999627
0.998958
1.00302
0.998818
0.998229
1.0041
1.00195
0.996377
1.00047
1.00025
1.00255
1.00257
0.99867
0.999196
1.0063
1.00476
0.993315
1.00301
0.999755
0.996016
1.00081
0.999036
1.00336
0.996652
0.994477
1.00162
0.997723
1.00118
0.997539
1.00259
1.00418
1.005
0.996735
1.00131
0.996633
0.992169
0.998995
1.00024
1.00455
0.998963
0.997423
0.999326
0.997736
0.996249
0.999425
1.00684
0.994428
1.00392
0.999822
1.00339
1.0071
1.00629
1.00221
1.00122
0.996658
1.00003
0.993356
0.99943
0.991562
1.00141
0.998978
0.997304
1.00235
0.998713
0.99928
1.00416
0.999161
0.999509
0.992144
0.9992
0.996711
1.0003
1.00498
1.00264
0.999967
1.00374
0.999186
1.00411
0.996495
1.00123
1.00288
1.00305
1.00577
1.00181
0.995712
1.0028
1.00552
1.00693
0.994257
0.999461
1.00432
1.00827
0.997275
0.999118
0.999922
0.994804
0.994858
0.998952
1.00362
0.994951
1.0019
0.996741
0.998654
1.00007
0.998898
1.00384
1.00242
1.00236
0.999402
0.997745
1.00424
1.00723
0.999935
0.999152
1.00343
1.00223
1.00291
1.00245
0.997754
1.00306
0.997997
1.00366
0.994321
0.999197
0.996863
0.997347
0.999694
0.998342
0.998092
1.00385
0.996032
0.996851
1.00044
1.00261
0.996264
0.997759
1.00163
1.00702
0.996582
0.998196
0.997641
0.997987
0.999136
1.00011
0.999855
1.0019
1.00355
0.999594
1.00271
1.00029
0.996334
1.00151
1.00385
1.00236
1.00068
0.994861
0.998911
0.995638
1.00611
0.99834
0.994799
1.00143
1.00613
1.00161
0.994718
0.991626
1.00835
1.00382
0.997521
0.997029
0.998219
0.998873
1.00018
0.995255
0.995662
0.997667
0.995976
1.00365
0.996989
0.998123
1.00293
1.00384
0.996288
1.00079
0.996712
0.998139
0.994208
1.00336
1.00052
1.00472
1.00024
0.998569
1.00882
1.00173
1.00155
0.995446
0.99915
1.00506
1.00248
1.00167
1.00226
0.997634
0.998508
0.995849
1.00412
0.997891
1.00126
0.998181
0.995115
0.998415
0.99987
1.00477
0.997279
1.00347
0.994445
1.00036
0.992864
1.00258
1.00111
1.0017
1.00233
0.997858
1.00079
0.999652
0.999508
0.995735
0.999644
0.999552
0.999046
1.00203
0.998652
0.994009
1.0021
0.9935
1.00415
0.993266
0.999141
0.997585
1.00388
1.00272
1.00572
0.999879
1.00157
1.0003
1.00078
0.993842
1.00606
0.998327
1.00147
1.00383
0.999204
0.999357
0.999929
1.0052
0.994321
1.00333
0.999515
0.998059
1.00217
1.00594
0.99658
1.00163
1.00233
1.00591
0.999551
0.998589
0.99929
0.992797
0.997815
0.999305
0.998799
0.998756
1.00175
1.00214
0.999693
0.999174
1.00334
0.996164
0.998949
0.999913
0.996418
0.996755
1.00294
0.997762
0.996402
1.00183
0.998296
1.00309
0.998453
1.00642
0.999878
0.997486
0.998599
1.00378
1.0059
1.00746
1.00108
0.9972
1.00307
1.00601
1.00661
0.999928
0.994844
0.997017
0.994744
1.0023
0.997798
1.00377
0.99707
0.991281
1.00313
1.00278
0.994882
0.996162
1.00081
1.00268
1.00147
1.00093
1.00594
0.994087
0.996699
0.997286
0.996309
0.999198
0.996869
0.996077
1.00012
1.00685
1.00451
0.997039
0.995203
1.00048
1.00048
1.00341
1.00242
1.00118
0.996666
0.997431
0.999328
1.00322
0.998509
1.00331
1.00084
0.995912
1.00094
1.00612
1.00971
1.00021
1.00241
0.997681
0.995151
1.0015
1.00261
1.00025
0.996671
1.0013
1.00507
0.995743
1.00188
1.00206
0.996081
1.00626
0.998052
0.996864
1.00359
0.997924
0.998192
1.00278
0.997042
0.998217
1.00475
1.00031
0.994281
0.995192
1.00434
1.00028
1.00314
0.994999
1.00474
1.00004
0.997836
1.00516
0.997904
1.00793
1.00422
0.993281
0.994554
0.999274
0.998243
0.997964
0.997834
1.00075
1.00012
1.00031
1.00658
0.996451
1.00004
0.993912
1.0019
1.00326
0.999297
0.999353
0.995561
1.00381
0.999923
1.00626
0.994601
1.0039
0.998645
0.995458
0.996224
1.00056
0.997798
0.998004
1.00388
0.997351
0.990668
0.997504
0.990758
0.999431
1.00017
0.998837
0.990729
1.00025
0.998947
1.00072
1.00277
1.00021
0.998424
1.00381
1.00214
1.0004
1.00014
0.998961
0.992545
1.0061
1.00559
1.00349
0.993446
1.00179
1.00483
0.998073
1.0056
0.999722
1.00435
0.998131
1.00118
1.00155
0.998508
0.997412
0.997621
0.999361
1.00088
1.0027
0.999614
1.00178
0.992779
0.995108
1.00202
0.99866
0.996325
1.00451
0.998583
1.00229
1.00205
0.997535
0.998216
1.00835
0.998689
0.996857
0.998298
1.00835
0.999402
0.993689
1.00168
0.998338
0.998554
1.00607
1.00262
0.991476
1.00096
0.995143
1.00283
0.995866
0.997819
1.00252
0.996199
0.997397
1.00457
0.996421
0.991864
0.997568
1.00279
0.998973
1.00533
1.00198
0.999283
1.00577
0.997037
1.00286
0.999956
0.998762
1.00277
0.998668
1.0035
0.999957
1.00535
0.997118
1.00124
1.00151
1.00481
0.999711
1.00039
0.997194
1.00161
1.00524
1.00268
1.00319
1.00451
1.00132
1.00021
1.00249
0.998996
1.00011
0.99881
1.00276
0.996553
0.999013
1.0022
1.00352
1.00032
0.999975
0.997297
1.00464
1.00078
0.992786
1.00103
1.00428
1.00359
0.998304
0.991385
1.00176
1.00445
0.997365
0.997968
1.00018
0.996837
1.00186
1.00112
0.995652
1.00084
0.998669
0.998501
1.00101
0.99909
1.00385
1.00021
1.0041
1.00082
1.00153
1.00161
0.997994
1.00022
0.997581
0.998826
0.995523
0.991445
1.00091
1.00067
0.994485
1.00572
0.998832
0.998755
0.997083
1.00017
0.99794
0.994831
0.995026
0.995556
0.996495
1.00407
1.00097
1.00281
1.00058
0.99675
1.00052
1.00988
1.00709
0.993773
0.99584
0.994742
0.99457
1.00037
0.998372
1.00154
1.0002
0.997744
1.00359
0.996793
1.0033
1.00018
0.994423
0.998676
0.999973
1.00319
1.00337
1.00002
1.00109
0.998664
1.00456
0.997937
0.99893
1.00351
1.00044
0.997599
1.00246
0.999664
0.997568
1.01174
1.0008
1.00261
0.998771
1.00673
1.00487
1.0023
1.00625
0.997532
0.991156
0.998066
0.99797
0.997658
1.00466
0.997282
1.00255
1.0048
0.994024
1.00243
0.994805
0.992413
0.998763
1.00186
0.999062
1.00004
1.00454
0.995818
1.00114
1.00242
1.00027
0.995794
1.00199
0.994347
1.00024
1.00348
1.00181
0.996743
0.99969
1.00272
1.00418
0.999799
0.998872
1.00521
1.00262
0.999474
1.00492
0.994953
1.00565
0.995012
0.996028
1.00034
0.997907
1.00329
0.99852
1.00393
1.00128
0.995179
0.999748
1.00327
1.00399
1.0087
1.00102
0.996593
1.00267
1.00134
0.998606
0.996527
1.00241
0.991996
0.998364
1.00479
1.00205
1.0065
1.00135
0.994521
0.999649
0.994578
0.999488
0.996064
0.999285
0.999655
0.999325
0.993686
1.00378
1.00096
0.996436
1.00559
0.996674
0.999856
0.999924
0.996047
1.00078
0.999341
0.998087
1.00291
0.995189
1.00226
1.00057
1.00092
1.00197
0.996693
0.998016
1.00022
1.00049
1.00119
0.999228
1.00454
0.999037
1.00168
0.998502
0.997628
1.00601
1.00406
1.00641
0.995169
0.995853
1.00117
1.0074
1.00298
1.00105
0.994702
0.995437
1.00293
1.00361
0.99541
1.00095
0.997739
1.00521
1.00516
0.996449
0.989976
1.00215
0.995946
0.993652
1.0014
0.997762
0.999483
0.999501
0.999603
0.995365
0.998296
1.00077
0.998215
1.00042
1.00095
0.998809
1.005
0.995105
0.994718
1.00174
1.00249
0.994322
1.0018
0.998447
0.997061
0.996288
0.993088
0.994734
1.00514
1.00404
0.999521
0.999897
1.0007
0.993191
1.0025
1.00472
0.996939
0.997493
0.99653
0.995972
1.00013
1.00516
0.997667
1.00141
1.0019
0.99762
0.992856
1.00507
0.999682
0.996629
1.00244
0.998644
0.996858
1.00128
1.00774
0.994835
1.00277
1.0088
0.992751
1.00083
0.996481
0.992127
0.998268
0.996129
0.99937
1.00293
1.0023
0.99551
1.00252
0.999472
0.996638
0.99696
0.99883
0.997113
1.00261
0.995263
1.00423
0.99518
0.994614
0.996118
0.995175
0.998312
1.00366
1.00429
1.00576
0.99743
1.0014
0.995259
1.00091
1.00376
0.996091
0.997763
1.00566
0.993053
1.00105
0.999679
0.994603
0.999213
0.998593
1.00339
0.998967
1.00077
1.00503
0.993287
0.999673
1.0025
1.00236
1.00027
1.00521
0.9984
0.995155
1.00144
1.00424
0.997971
0.999744
0.999485
0.998848
0.999632
1.0051
1.00175
1.00463
0.997066
0.991581
0.99414
0.997869
1.00652
0.995511
0.997873
0.99988
0.9997
0.998965
0.997839
0.997213
0.996669
1.00026
1.00007
0.994903
1.0002
0.999478
1.00565
1.00426
0.997494
0.994698
0.996152
0.998051
1.00015
0.993356
0.996877
1.00032
0.998263
1.00376
0.99459
0.9955
0.998861
1.0006
0.999822
1.0025
0.994584
1.00339
0.998994
1.0012
0.999787
1.00471
0.998388
1.00101
1.00214
0.9985
0.994997
1.00366
1.00257
0.995365
0.994256
0.994301
1.00464
0.998253
1.001
0.999273
1.00197
1.00373
0.998204
0.997681
1.00132
1.00352
0.997405
0.994577
0.996934
1.0029
0.996349
1.00252
0.999503
1.00048
0.998213
0.996432
0.999044
0.995327
1.00133
1.00562
0.9971
1.00791
1.00073
1.00212
1.0027
1.00025
1.00343
1.00145
0.994488
0.998596
1.00036
1.00604
0.995799
0.994394
1.00573
1.00042
0.994807
1.00163
0.99476
0.996046
1.00078
1.00457
0.999243
1.0019
0.99779
1.00575
1.0019
1.00021
0.996056
0.998519
1.00438
1.00149
1.00294
1.00193
1.00239
1.00278
1.00441
1.00026
0.997726
0.999426
1.01044
0.998117
0.995131
1.00589
0.997057
0.996164
0.998845
1.00602
0.990893
0.999725
0.99366
1.00093
1.0075
0.998286
1.00333
0.997159
0.997338
1.00246
1.00393
0.995593
1.00068
1.00247
0.991017
1.00374
0.999359
1.00337
0.997213
0.993601
0.996967
0.999333
1.00231
0.996399
1.00321
0.99654
1.00282
0.994445
0.991793
0.998529
0.993755
0.996658
1.00372
1.00808
1.00299
0.995488
0.993514
1.0022
1.00564
0.997435
1.00118
1.00069
0.995503
1.00092
0.999608
1.00347
0.999209
1.0002
0.994414
1.00398
0.994518
1.00312
0.999716
1.00405
0.993649
1.00575
0.995866
0.998982
0.999683
1.00261
0.996585
1.00425
0.997993
0.995257
1.00626
1.01235
1.00699
1.00136
0.996078
1.00219
0.996831
1.00289
0.992991
1.00129
1.00497
0.997497
1.00287
0.997047
0.994841
1.00161
1.00818
0.999425
1.00474
1.00147
1.00057
1.00242
1.00669
0.999308
0.99536
1.00153
1.00191
0.995959
1.00015
0.998439
0.998884
1.0058
0.999221
1.0015
1.00321
1.00086
1.00004
0.99862
0.996888
0.999368
1.00101
0.994065
1.00187
0.999265
1.00345
1.00427
1.00156
1.00262
1.00583
1.00387
0.999995
1.00141
1.00103
1.00709
1.00463
1.00178
1.00059
1.00149
0.991802
0.999696
1.00149
0.997734
0.994431
1.0021
0.998195
0.99542
0.995566
0.998757
1.00166
1.00026
0.99815
0.996447
0.994962
0.997196
1.00306
0.998791
1.00556
1.00093
1.00334
1.0015
0.998231
0.997469
1.001
1.0018
0.999824
1.00539
1.00217
1.00197
1.00045
0.998879
0.996033
0.998207
0.993251
0.998419
0.99425
0.999738
1.00135
0.996779
0.996112
0.997028
1.00398
0.995899
0.997065
1.00199
0.996334
0.996846
0.999198
1.00138
1.00199
1.00005
0.998601
0.997046
1.0023
1.00904
1.00362
0.999074
1.00076
1.00017
0.999288
0.997566
1.00311
0.99887
1.00184
0.997484
0.997591
0.998583
1.00134
1.00471
0.994904
1.00163
0.998001
0.99888
0.997966
0.999468
0.998858
1.00412
1.00162
1.00175
1.00569
0.994556
0.997565
0.995326
0.999543
1.00022
0.99869
1.00234
1.00078
1.00395
1.00597
0.990861
1.00206
0.99875
0.999715
1.00011
0.998856
1.00369
1.00211
0.999217
0.998755
0.997524
1.00513
1.00579
0.998101
0.994569
1.00419
0.998728
0.996514
1.00102
0.999404
0.999476
1.00463
1.00058
1.00357
0.998646
1.00337
0.997684
1.00171
0.995161
1.00014
1.00406
1.0015
1.00035
1.00426
1.00358
1.00543
0.99861
1.00274
1.00031
0.999035
1.00604
1.00278
0.999903
1.00602
1.0007
1.00082
0.995571
0.997191
1.00313
0.998417
0.993877
1.00746
1.00325
0.995584
1.00517
1.00321
1.00384
1.00453
0.995275
0.997761
1.00008
0.997586
0.999464
1.00412
1.0045
0.99959
0.998182
0.997448
1.00349
1.00134
1.00427
0.993722
1.00163
1.00202
0.997396
0.992943
1.00248
1.00102
1.00481
0.999518
0.99386
1.0033
1.00132
1.00069
0.996235
1.00811
0.996124
0.994697
1.00145
0.994971
1.00172
1.00073
1.00044
1.00261
1.00309
0.99816
1.00216
0.999767
0.998865
0.995056
0.991352
0.997114
0.995705
1.00065
0.998094
0.997775
1.00527
1.00035
0.996402
0.993858
0.997874
0.999129
0.99425
1.00439
1.0025
0.993684
0.997935
1.00416
1.00211
1.00785
1.00127
1.00225
0.999166
0.998137
0.991976
1.00339
1.00499
0.99594
1.00389
1.00167
1.00374
1.00178
0.995696
1.00093
1.00278
1.00034
1.00165
0.994956
0.996154
1.00226
0.994083
1.00232
0.994211
0.99928
0.996269
1.00676
1.00402
0.999169
0.999749
1.0014
0.997984
1.00228
1.00176
0.995772
0.998536
1.00794
1.00288
0.999531
0.993603
0.999794
1.00225
0.999914
1.00015
0.999654
1.00061
0.9992
1.00295
1.00454
0.998421
1.00142
1.00123
1.0016
0.995511
0.996124
1.00206
1.00566
0.998719
1.00426
0.998189
0.995354
0.996203
1.00397
0.990529
0.999135
1.00229
0.99886
0.998397
0.998348
0.997249
1.00194
1.00148
1.00224
0.998811
1.00339
1.00494
1.00342
0.997333
0.99861
0.996776
1.00041
0.995161
0.996055
1.00055
1.00102
1.00541
0.995065
1.00281
1.00474
1.00177
1.00305
0.991078
1.00091
0.999786
1.00147
0.997332
0.999861
1.00152
0.997987
1.0002
1.00429
0.997713
0.997533
0.997438
1.00395
1.00298
1.00462
0.998087
1.00147
0.999205
1.00076
0.999914
1.00198
0.997401
0.99771
0.992283
1.00032
0.998654
0.99949
1.00205
1.00191
1.00246
1.00107
0.998051
1.00496
0.998948
0.997668
1.00398
1.00101
1.00107
0.99652
1.00332
1.00978
1.00518
1.00114
1.00553
0.997855
1.00453
1.00402
0.995548
1.00213
1.00275
1.00428
1.00006
0.996188
0.99385
0.996114
0.999013
0.999052
1.00289
0.995579
0.993044
0.998215
1.00097
0.998064
0.994701
1.00037
1.00354
1.00062
1.00038
1.00239
1.00478
0.996882
0.991832
1.0056
1.00079
1.004
0.999175
0.999038
1.00203
1.00472
1.00797
1.00584
1.00446
1.00494
0.997765
0.995174
0.999042
1.00033
1.0006
1.00105
1.0008
0.999057
1.00119
1.00066
1.00577
0.996912
0.998221
1.00193
1.00131
1.00185
1.00262
1.00463
0.993459
1.00171
0.997664
1.00242
1.00048
0.994826
0.993758
0.999557
1.00263
0.993175
1.00494
0.993153
1.00033
1.0048
1.00715
0.997357
0.997504
0.995981
0.994947
0.99683
0.997461
1.00288
1.00192
1.00345
0.992477
0.999122
1.00031
1.00522
0.99936
0.995849
0.991112
0.999151
1.00152
0.99988
0.995118
1.00296
1.00636
1.00133
1.00201
0.988791
0.99972
0.99983
1.00691
1.00281
1.00191
0.994718
0.998205
0.996825
0.998577
0.999698
1.00483
0.996522
0.996348
1.00539
1.00192
0.996625
0.99641
0.999901
0.987196
0.996238
1.00225
0.994122
0.994781
0.997449
1.00433
1.0025
1.00231
0.999269
1.00157
1.00084
1.00125
0.998849
1.00522
0.997457
1.00041
0.999123
1.0016
1.00324
0.99673
0.999116
1.00006
0.996643
0.999478
1.00065
1.00203
0.999037
1.00348
0.999987
0.996774
1.00175
1.00398
0.997406
1.00112
0.994328
1.00204
0.995526
0.997446
1.00187
0.999922
0.99808
1.0021
0.998209
1.00244
0.999986
0.998189
1
0.997042
1.00175
1.00198
1.00006
0.996613
1.00189
0.99826
1.00118
1.00518
1.00297
1.00219
1.00004
1.00873
0.997444
0.998884
0.999913
1.00105
1.00065
1.00169
0.998104
1.00112
1.00334
0.997807
0.995179
0.992272
0.998305
1.00025
0.99696
1.00074
0.998683
0.99534
0.99554
0.995835
0.996034
1.00333
0.99822
0.999812
0.998995
1.00237
1.00197
0.998709
0.998021
0.995366
0.999746
0.996804
1.00283
0.999224
0.992973
1.00116
1.00212
1.00174
1.00118
1.00038
0.993323
1.00515
1.0046
0.998453
0.997596
1.00186
0.998721
0.999348
1.00216
1.00071
1.00777
0.998983
0.99735
0.99885
1.00532
0.993354
1.00268
0.998063
0.992378
1.00039
0.996496
0.999885
1.00028
0.997133
0.997579
1.00031
1.00268
0.999805
0.995887
1.00088
0.998457
1.00004
0.998987
0.996875
1.00782
0.997171
0.995409
0.99894
1.00451
1.00624
0.998808
0.999684
1.00212
1.00346
0.997507
1.0039
0.998086
0.998467
1.00031
0.998417
1.00054
1.0036
1.00009
1.01058
0.993082
1.00736
1.00273
0.999621
0.999336
1.00142
0.997138
0.996154
1.01047
1.00028
0.997155
1.00048
0.998379
0.995909
0.998792
0.997083
0.998901
1.00367
0.998157
0.997088
1.00037
0.997932
1.00331
0.997604
1.00083
0.996068
0.99681
1.00056
0.996582
1.00176
0.998682
1.00048
1.00213
1.00132
0.999924
0.999004
0.999829
0.995221
1.00122
0.999016
0.993423
1.00268
0.999594
1.00303
0.999754
1.00311
0.998399
1.00203
1.00037
0.995418
1.00251
0.994909
1.00207
1.00158
1.00562
0.999965
1.00403
0.998369
0.998953
1.00416
0.999922
1.00286
0.994187
0.993152
1.00191
0.998582
1.00127
0.999555
1.00459
1.00126
0.996146
1.00375
0.997159
1.00125
0.99955
1.00151
0.994825
1.0015
0.998846
0.99655
0.999995
1.0023
0.997271
1.00056
1.00403
0.998413
1.00137
0.997518
0.997686
0.994327
0.989036
0.99859
0.999435
0.998725
0.997497
1.0051
0.995457
1.0012
0.997055
0.997916
1.00165
1.00397
1.00194
0.999867
0.99987
1.00814
1.0004
0.997808
0.995557
0.998695
0.996028
0.999429
0.996842
0.99779
1.00025
1.00003
0.99374
1.00196
1.00674
1.00509
1.00615
1.00228
0.99754
1.00275
0.99981
0.995098
0.993573
1.00821
0.996223
1.00158
0.994094
1.00476
0.990065
1.00042
0.994576
1.00654
0.996651
0.997936
1.00341
1.00323
0.999845
1.00099
0.999488
0.997015
1.00436
1.00215
0.999917
1.00871
0.99828
1.00082
0.994057
0.997057
1.00625
0.995073
0.999785
0.997662
1.00158
0.996752
1.00386
0.997002
0.994548
1.00155
1.0002
1.00091
0.995146
1.00606
0.9989
1.00494
0.99976
0.998694
0.998621
1.00049
1.00545
0.998765
0.99708
1.00002
0.999236
0.999003
1.00178
0.998444
0.999702
1.00143
1.00156
0.996097
1.00285
1.00293
1.00115
1.00166
1.00757
0.998877
0.998499
1.00011
1.00122
0.99598
1.00016
1.00013
0.991635
1.00112
1.00465
1.00326
0.998735
1.00148
0.996715
1.00199
0.998727
1.00199
1.00187
1.0021
0.999322
1.00739
0.998493
0.995849
1.00166
0.999188
1.00086
1.00544
1.0039
1.00688
0.995358
1.00155
0.998794
0.999971
0.997918
0.999352
1.00064
1.00192
1.00228
1.0023
1.00295
1.0026
0.996208
0.998224
1.00616
0.998972
1.00246
1.0021
0.997001
1.00062
0.999706
0.997841
1.01006
1.00441
1.00463
1.00388
1.00726
0.997947
1.00168
0.998396
1.00124
1.0001
1.00179
0.993177
1.00312
1.00347
1.00175
1.00163
0.997336
0.992645
0.997038
0.998951
1.00372
1.00275
0.997029
1.00149
1.00401
1.00177
1.0008
1.00401
0.997283
0.996403
0.999492
0.999639
0.997323
1.00372
1.00344
0.999201
0.999974
0.998561
0.997665
0.995755
0.998513
0.997935
0.99555
0.998252
1.00506
0.997518
1.00069
0.998751
0.998993
1.00186
1.00059
1.00105
0.998853
0.999905
0.998276
1.00033
0.999321
0.993867
1.00153
0.994412
0.996653
1.00572
0.996654
1.00109
0.999198
1.00379
0.999488
1.00004
0.998448
0.994839
0.995933
0.998016
0.99269
1.00429
1.00346
0.999107
0.999936
0.99656
1.00089
1.00534
1.00081
1.00665
0.996739
0.996158
1.00116
0.996039
0.995806
0.992773
1.00437
0.99134
0.997455
0.998003
0.995088
1.00263
1.00361
1.00687
0.997573
1.00092
1.00427
0.997988
1.00361
1.00049
0.999053
1.00547
1.00865
1.00423
1.00508
0.997539
1.00258
1.00543
1.00044
1.00259
1.00001
0.994961
0.99415
0.999113
1.00099
0.999726
0.99482
0.995441
0.993207
0.993583
0.99527
0.999777
0.99949
0.997606
0.99676
1.00173
0.998717
1.00067
1.0038
0.999167
1.00247
1.00204
0.994179
0.992649
1.00546
1.00162
0.997252
0.999388
0.996338
0.999228
1.00022
0.996489
1.00076
1.00416
1.00654
0.995345
1.00165
0.998574
1.00525
1.00646
1.00131
0.998317
0.991722
1.00174
1.00023
1.00147
0.99392
0.997232
0.996103
1.0059
1.003
0.999306
1.00497
0.998466
0.997299
1.00233
0.997745
1.00527
1.0018
0.999826
0.999033
0.999323
0.998406
0.993423
0.992082
0.993808
1.00021
0.995015
1.00186
1.00258
1.00083
1.00383
1.00289
1.00065
0.999276
0.997887
1.00383
0.999282
0.999156
0.998949
0.996823
0.996376
0.991888
1.00225
1.00322
0.996607
0.999611
0.999882
0.997428
1.00291
0.994421
1.00008
1.00155
1.0041
0.995452
0.997267
0.998387
0.997497
0.993296
1.00023
0.999799
1.00078
1.00001
0.99074
0.996805
1.00002
1.00337
0.997989
0.99215
1.00014
1.0061
0.993411
0.999785
0.994002
0.999813
0.996343
0.996325
1.00443
0.999767
0.998971
0.993636
0.996719
0.994483
1.00646
1.00306
1.00117
0.998582
1.0062
0.99725
1.00655
1.00011
0.99954
0.999496
1.00525
1.00272
0.998774
0.997856
0.998358
0.999113
1.0024
1.00379
0.996691
1.00242
0.998843
1.00631
1.00193
1.00473
1.00258
0.998429
0.992906
0.997953
0.998689
0.998027
0.999291
1.00016
0.997764
0.999439
0.997021
1.00433
1.00086
0.999226
0.998553
1.00458
0.99842
0.996482
0.993873
1.00084
1.00342
0.994028
1.00293
0.998196
0.996891
1.00613
1.00067
0.997108
0.996911
0.997098
0.998206
0.998592
1.00181
0.997782
0.993929
0.998485
1.00205
1.0021
0.996788
1.00519
0.995934
1.0031
0.999957
1.00888
0.993324
0.998166
1.00429
0.997302
1.00072
1.00519
0.999431
0.998456
0.998983
1.00117
0.99674
1.00037
0.998702
0.998708
1.00307
0.994799
1.00059
0.998581
0.993402
1.00191
1.00137
1.00309
1.00106
1.0006
1.00222
0.998544
1.00318
0.998085
0.999383
1.00401
1.00128
0.993378
0.99998
1.00351
1.00365
1.00711
1.00478
0.999896
0.996767
1.00001
0.999684
1.00737
0.996173
1.00045
0.998635
1.0044
0.997496
1.00111
0.998156
1.00431
0.998719
0.995293
0.999449
0.99469
0.995659
0.999577
0.995054
1.0052
1.00101
1.0033
0.997211
0.994343
0.996405
0.999499
1.00038
1.00082
1.0045
1.00282
0.999206
1.0026
0.995502
0.99782
0.999521
0.998575
1.00278
0.999002
0.994322
0.993377
0.995764
1.00032
1.00675
0.995261
0.993461
0.999847
0.99816
0.990845
1.00528
0.994208
0.996667
0.993951
0.994974
0.99678
1.00627
0.99839
1.0014
1.0046
0.996121
1.00154
1.00065
0.996219
0.999615
1.00174
1.00173
1.00143
0.998271
1.00075
1.0027
0.999064
1.00287
0.992225
0.993881
1.00053
1.00137
1.00128
1.00357
0.998411
0.999836
1.00284
0.996124
0.996576
0.997044
0.997189
0.998666
1.00153
1.00425
0.998072
0.996813
0.995274
1.0016
0.994384
1.00107
1.00648
1.00244
1.00048
1.0003
0.99612
1.00142
0.999208
1.00765
1.00188
1.00641
0.999941
0.999939
0.99994
0.99848
1.00348
1.00097
0.992359
0.997914
0.998261
0.997311
0.998619
0.990408
0.996991
0.998869
0.998546
0.995139
1.0015
0.99977
1.00517
1.00085
1.00623
1.00033
0.9981
0.998685
0.997914
1.00499
1.00373
0.998277
1.00023
1.00486
1.00017
0.999438
0.995939
1.00309
0.998676
0.995504
1.00313
1.00676
0.998113
0.994871
0.998625
1.00053
0.997928
0.997734
0.997512
0.99979
1.00162
0.999939
1.00395
0.994745
0.995849
1.00368
0.995609
1.00332
0.999205
0.997386
0.998174
0.999699
1.00109
0.998428
0.998586
0.996217
1.00857
1.00228
1.00057
1.00109
1.00237
0.989623
1.00278
1.00359
1.00113
0.996492
0.999244
0.999121
1.00081
0.997734
1.00334
0.99806
0.996377
1.00316
1.00415
0.999338
1.00171
1.00334
1.00192
1.00058
1.00225
0.99861
0.998471
1.00151
1.00481
0.998294
1.00139
0.997552
1.00172
1.00094
1.00349
0.999912
1.00327
1.00056
0.992257
1.00047
1.00396
1.00328
1.00387
0.997599
1.00281
0.998959
0.99458
1.00111
1.00478
1.00306
1.00131
0.997723
1.00176
1.00354
0.99947
0.992966
0.989181
0.999843
0.999934
1.00924
1.00089
0.99948
1.00554
1.00253
0.99665
0.999494
0.99762
0.99954
1.00272
1.0014
0.998856
1.00173
1.00373
0.999093
1.00128
1.00393
1.00204
0.995937
0.999719
0.997945
0.999511
1.00524
1.00256
0.993134
0.996788
1.00845
0.998937
0.999746
0.996942
1.00037
1.00074
0.999995
0.999667
0.99527
1.0013
1.00525
1.00085
0.995461
1.00503
0.997594
1.00834
0.999347
0.998131
1.00179
0.999824
0.995899
0.996521
1.00558
1.00076
0.994896
0.999055
0.998243
1.00076
0.999272
0.99904
0.997531
0.996652
0.999621
0.998252
0.993797
0.996729
0.999224
1.00225
0.99881
0.996599
1.00108
0.997176
1.00049
0.997351
1.00311
0.999037
0.996121
1.00248
1.0018
1.00773
0.99872
0.994262
0.996975
0.997465
0.993999
1.00302
0.993717
0.997253
0.997084
1.00878
1.00633
1.00148
1.00154
0.998856
1.00161
1.00446
0.9976
0.998151
1.00285
1.00118
1.00006
0.999986
1.00229
0.993998
0.992786
0.998415
1.00492
0.997669
0.998324
1.00189
0.997828
1.00484
0.998145
0.997388
1.00587
1.00469
0.996475
1.00127
0.998922
0.998542
1.00068
0.999032
0.99956
0.996379
0.999087
1.00465
1.00259
1.00028
0.997345
1.00237
1.00092
0.997825
0.998933
1.00079
1.00172
0.997562
1.00238
1.00639
0.997497
1.00018
1.00377
0.997341
1.00253
0.999298
0.998824
0.999464
1.0019
0.991119
0.999352
0.996243
1.00139
1.00169
0.995754
1.00045
0.997008
1.00414
0.996028
1.00111
0.999708
1.0009
1.00461
1.00358
0.9923
0.997797
0.996695
0.998907
1.00194
1.00131
0.998235
0.998262
1.00303
1.00257
1.00168
1.00254
0.996932
1.00033
1.00125
1.00386
0.993183
0.997241
1.00282
0.998014
0.999108
0.998899
1.00057
0.992543
1.003
1.00542
0.992783
1.00346
1.00046
0.99598
0.999197
0.995245
0.996844
0.994143
1.00572
0.991239
1.00386
0.99808
0.998305
0.995438
0.999084
0.99844
1.00126
1.00407
0.997476
0.998712
1.00046
0.997025
1.00508
1.0011
1.00096
0.999606
0.996145
0.999471
1.0028
1.00985
0.998487
1.00721
1.00391
1.0039
1.00444
1.00827
1.00331
1.00296
1.00714
0.99982
1.00652
1.00366
0.999576
0.997104
0.999378
1.0042
1.00252
0.997782
1.00309
1.00266
0.997638
0.996708
1.00277
0.997629
1.0003
1.0026
1.00227
1.00722
0.993767
1.00233
1.00463
0.994887
0.999877
0.999975
0.999047
1.00055
1.00338
1.00385
0.997091
0.999295
1.00029
0.999986
1.00288
0.99887
1.00157
1.00134
0.99659
0.997559
0.99712
0.995623
1.00067
0.992378
0.990835
1.00365
0.997522
0.998713
0.999412
0.999654
1.00097
1.00504
0.992322
0.992629
0.99067
1.00309
0.999449
1.00314
0.998322
1.0036
0.996331
0.997486
1.0005
1.00352
1.00607
1.00569
1.00235
0.997379
0.994159
0.995919
1.00116
0.993585
1.00066
1.00493
0.992863
0.992761
1.00211
0.999672
0.993476
0.995918
0.998918
1.00276
1.001
1.00078
0.996556
1.00058
0.992658
1.00572
1.00904
0.997881
1.00012
1.00052
1.00251
0.997334
0.993848
1.00083
0.998955
0.998776
1.00022
0.99868
0.999146
1.0013
0.99974
1.00524
1.00201
0.995
1.00251
1.00034
1.00046
0.998821
0.995829
1.00123
0.997864
0.995938
0.997478
1.00116
1.00014
1.00071
1.00496
0.998568
1.00154
1.00252
1.00011
0.998346
1.00111
0.999266
0.996707
0.997895
1.00098
0.997075
1.00169
1.00135
1.00317
0.999688
0.99754
1.00698
1.00307
0.999058
0.998446
1.00389
0.992765
0.99908
1.0012
0.998176
0.998913
1.00357
0.995633
1.00283
1.00158
0.999011
1.00231
1.00556
1.00357
0.998191
1.00176
0.998508
0.997676
0.996169
1.00044
1.0053
1.00563
0.998641
0.999804
1.00299
0.994076
0.996236
0.994041
1.00312
1.0021
1.00613
0.993779
1.00217
1.00408
1.00242
1.0044
1.00539
0.999753
0.996833
0.998621
0.996152
0.996226
1.00188
1.00115
0.999303
1.00642
1.00204
0.993696
1.0006
1.00286
0.996043
0.999189
1.00782
1.00127
0.998593
0.999021
0.998658
0.998025
1.00181
0.992911
1.00234
0.999084
1.00376
1.00038
1.00214
1.00134
0.993945
0.999944
0.99713
0.994702
0.999248
0.998748
0.998083
1.00478
1.00009
1.00674
0.99722
1.00173
1.00688
1.00603
1.00068
0.998249
0.990107
1.00683
1.00326
0.998761
1.00258
0.998147
1.00273
1.00617
0.996979
1.00229
0.997637
1.00089
1.00055
1.00489
0.994729
1.00718
0.997794
0.994135
1.00458
0.997226
0.995584
0.997099
0.998985
1.00359
1.00019
0.999211
0.999755
1.00777
0.999918
1.00292
0.999064
1.00718
0.99688
0.99665
0.998096
1.00006
1.00574
1.00688
1.00715
0.998664
1.00238
1.00219
1.00272
1.00027
0.998811
0.993583
0.999821
1.00838
0.998389
1.00061
1.00328
1.00184
1.00805
0.996836
1.00251
0.99873
0.997831
0.999365
1.0026
1.00548
0.994255
1.00045
1.00125
1.0007
1.00278
1.00366
0.994878
0.999425
1.00384
1.00101
1.00282
1.00426
1.00189
0.999491
0.99374
1.00184
0.995132
1.00069
0.995333
1.0045
1.00001
1.0003
1.00123
1.00144
1.00216
1.00535
0.994687
0.998025
0.99316
1.00184
0.99872
1.00095
0.999871
1.00267
0.998771
1.00258
1.00389
1.0032
1.00112
0.995915
0.998146
1.00314
0.994715
1.00528
1.00321
1.00075
0.99883
1.00197
1.00161
1.00272
0.99949
1.00672
1.00366
0.995132
1.00031
1.00406
0.993499
1.00212
0.994956
1.00003
0.994525
1.00063
0.998026
1.0004
1.00352
0.996938
0.99827
1.00901
1.00332
0.999274
0.997444
0.997314
0.993881
1.00023
0.998862
1.00549
0.997412
0.997005
0.999671
0.998235
0.996863
1.00248
0.997138
0.99644
0.998291
0.995693
1.00837
1.00293
1.00758
0.99787
1.00236
1.00246
1.00127
1.00473
1.0032
0.994391
1.00067
0.993146
1.0063
1.01006
0.999721
0.996572
1.00037
1.00822
0.999725
0.997519
1.00517
0.999675
1.00097
0.999738
1.00315
1.00266
0.997925
1.00253
0.997413
0.994699
1.0072
0.997368
0.996865
1.00118
1.00592
1.00167
0.999308
0.993095
0.997665
1.00161
0.998519
0.992763
0.99794
1.00025
0.99435
0.994793
0.999904
1.00715
1.00369
1.00321
0.999449
0.998199
1.00295
1.00926
0.993138
0.998821
0.995028
0.996614
0.991691
0.996626
1.00278
0.996233
0.999743
1.00019
0.997123
0.999429
0.999834
0.994942
1.00083
1.00167
1.00009
0.996847
1.00202
1.00221
1.00116
1.00359
0.995926
0.997692
1.00091
0.999059
1.00084
0.996762
1.00541
1.00229
1.00602
1.00176
0.997746
1.00138
0.994342
1.00288
0.99927
1.00171
1.00028
1.00398
1.00054
1.00332
0.996206
0.995257
0.998483
1.00027
0.998847
1.00143
0.999169
1.0006
0.997862
0.996673
0.997556
1.0002
0.999151
0.99581
1.0033
0.999226
0.999778
1.00007
1.00164
1.008
0.998303
0.997231
0.999772
0.999567
1.00429
0.991738
0.996938
0.996292
0.99559
0.998907
0.987594
1.00881
0.994133
1.00004
0.999321
1.00602
1.00125
1.00313
1.0015
0.996861
0.998305
1.00532
0.995843
0.998774
1.00093
0.997655
0.998479
0.997133
1.00362
1.0004
0.997693
0.996273
1.00344
0.999244
0.995435
1.00219
1.00512
0.997623
1.00273
1.00193
1.00456
1.00159
0.998839
0.997058
1.00271
0.995111
1.00281
0.99774
1.00711
0.998595
0.998889
1.00168
1.00156
0.9978
1.00045
1.00236
0.999553
1.00229
0.999652
0.996198
1.00424
0.998687
0.999212
1.00189
1.0003
0.998696
0.9962
1.00309
0.995578
0.996765
0.995324
1.00632
1.00473
0.997072
0.999566
0.997534
0.998989
0.995587
0.999377
0.99857
0.999042
1.0017
1.00127
1.00373
1.00013
1.00111
0.997565
1.00209
0.997501
1.00188
0.999621
1.0024
1.00256
1.00507
1.00377
1.00219
0.996535
0.998362
1.00046
0.993195
0.998649
0.997789
0.99804
0.996515
1.00286
1.00098
1.00232
1
0.99633
0.99286
1.00364
1.00458
0.996874
1.005
0.994285
1.00152
0.99835
1.00366
1.00136
0.99845
0.996565
0.997832
1.00522
1.00279
1.00103
1.00025
0.999588
1.00347
1.00108
1.00056
0.995376
0.996737
0.999607
1.00369
0.998084
0.997837
1.0021
0.996574
0.996233
1.00367
1.00087
0.997068
1.00002
0.99543
1.0034
1.00016
0.994473
1.00141
0.992288
1.00333
0.997584
1.00545
1.00311
0.997344
0.996932
1.00009
0.990323
0.996787
0.999694
1.00295
0.997256
0.992869
1.00262
0.998631
0.994893
0.997057
1.00181
1.0011
0.993579
1.00099
0.996066
1.00693
0.998008
1.00104
0.998241
0.998116
1.00384
1.00308
1.00474
0.996711
0.997855
0.99743
0.997886
1.00427
0.998359
0.997669
0.994692
1.00109
0.993872
1.00452
0.996063
0.993874
1.00371
1.0023
0.999917
1.00201
0.9987
1.00014
1.0048
0.996896
1.00311
0.99554
0.997372
0.999748
1.0036
1.00257
0.99703
1.00483
1.00455
0.994643
0.998856
0.997146
0.995274
1.00239
0.999341
0.997624
1.01343
0.99938
0.992469
1.0045
1.00196
0.994174
0.998186
1.00214
1.00739
0.997494
1.00096
1.00107
1.00118
1.00009
0.999584
1.00576
0.997378
1.00307
0.995373
1.00666
1.00237
0.996341
1.00417
0.998535
0.997597
1.00608
0.998317
0.998732
1.00137
0.999248
0.990389
0.998428
0.993348
1.00422
1.00141
1.00754
1.00717
1.00265
1.00297
1.00401
1.00341
1.00197
0.997132
0.995496
0.994987
1.00034
0.994852
1.00411
0.998567
1.00031
1.00207
0.997145
1.00226
0.999291
0.998392
0.995819
0.994664
0.998872
1.00665
0.999683
1.00252
1.00487
0.999997
0.997601
0.999438
0.991519
0.996641
1.004
1.00234
0.995891
0.995815
1.00024
0.998855
0.998929
0.99721
1.0089
0.993466
1.00461
1.00266
1.00375
1.00522
0.996025
0.997491
1.00225
1.00023
0.998231
1.00318
0.993661
0.999291
0.988766
0.997667
0.997507
1.00851
0.997919
0.999477
1.00342
1.00077
1.00138
1.00072
1.00577
0.999606
0.999278
1.00947
1.00572
1.00462
0.997492
1.00516
1.00555
0.998618
1.00855
0.998356
1.00421
1.00257
1.00108
0.99674
1.00212
0.998753
1.00001
0.988911
1.00269
0.99898
1.00167
1.00553
0.995798
0.994217
0.998642
0.99529
1.00809
0.99855
1.00375
1.00119
0.997997
0.999923
0.997992
0.997014
0.999261
1.00612
0.993221
0.99208
0.997879
1.0037
0.999621
0.99748
1.0008
1.00204
0.997961
1.00333
1.00213
0.999393
0.99696
1.0011
0.99737
0.998842
1.0054
0.998222
0.998814
1.00158
0.998106
0.999511
1.00228
0.996788
1.00562
1.01157
1.00413
0.995623
1.00987
0.995076
0.993757
1.00265
1.00406
0.997081
1.00257
1.00231
1.00097
1.00419
1.00351
0.994407
1.00253
0.993481
0.993579
0.999311
1.00028
0.993631
0.999814
1.00663
1.00108
1.00122
1.00113
1.00012
1.00023
1.00161
1.00234
0.996381
0.99923
0.996961
0.995834
1.00381
0.999992
0.998247
1.00337
1.00117
1.00117
1.00629
0.999272
1.00386
0.999163
1.00021
1.00255
1.00331
1.00263
1.00273
1.0025
1.00657
0.994598
1.00447
0.998734
1.0015
1.00156
1.00674
1.00479
0.998732
0.997703
1.00455
0.998845
0.997806
1.00326
0.999388
1.00111
0.997557
0.998325
0.99576
0.997618
1.00158
1.00275
0.999177
0.993838
0.995516
1.00348
0.996378
0.999437
1.00576
1.00559
0.992312
0.99963
0.998888
0.999675
0.997024
1.0069
1.00165
1.00013
1.00895
1.00347
0.999317
1.00081
0.997239
0.99883
0.99435
0.999241
1.00045
0.993137
1
0.997392
1.00334
0.994602
1.00111
0.994151
0.999595
0.998247
1.00058
0.992896
1.00082
0.99692
1.0003
1.00795
0.999875
0.994561
1.00254
0.999032
0.999862
1.00588
1.00482
1.00707
0.996646
0.997381
0.998135
1.00107
0.994165
0.9983
0.995912
0.996319
1.00378
0.990008
0.996839
0.992125
1.00539
1.00378
0.992086
0.99963
0.995253
0.99575
0.99725
1.00342
0.99926
1.00324
1.00075
1.00071
0.997646
0.997204
1.00187
1.00789
0.995001
0.996886
1.00164
0.997644
1.00187
1.00067
0.999073
0.999582
1.00089
0.998548
0.994286
1.0104
0.997207
0.999709
1.00142
1.00119
1.00068
1.0075
1.00301
1.00131
1.01007
0.99794
1.00409
0.999276
0.998843
1.00022
1.00094
0.999789
1.00276
0.996163
1.00607
1.00405
1.00263
0.997266
0.998933
1.00021
0.995804
0.994183
0.99639
0.997501
1.00066
0.994504
0.99617
1.00048
1.00244
0.992797
1.00067
0.997907
1.00298
1.00286
0.993847
1.00674
1.00689
1.00481
1.00298
0.996534
0.997835
0.995391
0.99594
0.994957
1.00409
1.0064
0.998462
1.00084
0.999101
1.00027
0.994695
1.00168
0.998798
1.00094
1.00007
1.00256
1.00083
0.994917
1.00735
1.00166
1.00388
0.99779
0.998567
0.99945
1.00034
1.00124
1.0004
1.00201
0.995809
0.999444
0.999219
1.00122
1.00382
1.00116
1.00055
0.994963
1.00092
1.00188
0.994041
1.00669
1.00349
0.997919
1.00037
1.00111
0.995376
1.00322
0.999209
1.00182
1.00041
1.00188
1.00274
1.00078
0.99817
1.00184
0.996238
0.999886
1.00831
0.999069
1.00378
0.999533
1.00344
1.00014
0.99754
1.00109
0.990415
0.994378
1.00021
1.00802
0.998056
0.999702
0.992981
1.00181
0.997794
1.00487
1.00506
1.00256
0.9997
0.99508
1.00254
0.997997
0.995187
0.999617
0.996801
1.00497
1.00968
0.999099
0.994876
1.0034
0.9998
0.994298
1.00669
1.00352
1.00411
0.999681
0.999607
0.996917
1.0047
1.00254
1.00407
0.996012
1.00219
1.00027
0.999361
0.996803
1.00238
0.996816
0.998769
1.00096
1.00283
0.997241
1.00085
0.995491
0.99935
1.00307
1.00232
0.994442
1.0017
1.00439
1.00057
0.997359
0.999936
0.99918
1.00096
1.00313
0.997242
0.994908
0.999981
1.00142
0.996702
1.00303
0.99803
1.00575
0.996807
0.994604
0.99746
1.00234
1.00361
0.99406
0.996231
0.993945
1.00318
1.0018
0.999979
1.00516
0.999995
0.998646
0.999758
1.00064
0.999387
1.00385
0.997531
0.994335
1.00072
0.998612
0.996217
1.00228
1.00243
0.998369
1.00115
1.00008
0.997972
1.00188
1.00171
0.994726
1.00407
0.995845
1.00128
0.998381
0.998529
1.01059
1.00145
0.999239
1.00211
0.997724
1.00036
1.00323
1.0084
1.00178
1.00137
0.998895
0.998246
1.00918
0.996756
0.99621
0.997767
1.00259
1.00157
0.995601
0.992149
1.00758
0.999889
0.995458
1.00001
0.993387
1.00291
1.00227
0.993872
1.00033
0.996691
0.99972
1.00032
0.999857
0.999333
0.997862
0.998737
1.00539
1.00092
0.996571
1.00066
0.99715
0.998754
1.00432
0.995065
1.00378
0.993538
0.998475
1.00017
1.00481
1.00428
0.998886
1.00051
0.990956
1.00684
1.00376
0.999362
1.00149
1.00027
1.00177
1.00639
1.00416
1.00051
0.99955
0.998574
1.00201
1.00703
1.00303
0.999435
1.00325
0.997788
1.00282
0.997196
0.999726
1.00493
0.993046
1.00583
1.00214
0.99765
0.997087
0.998876
1.0038
0.998352
1.00043
0.999481
0.997095
0.996722
1.00532
0.997088
1.00271
0.999591
0.997683
1.00087
1.00585
0.996006
0.998837
0.998729
1.00199
0.996841
1.00004
1.00459
1.00079
0.989378
1.00492
1.00629
1.00019
1.00373
0.998534
0.997968
0.996591
0.996385
0.99845
0.999943
1.00029
0.993554
1.00022
1.00654
1.00966
0.998434
1.00335
0.994917
0.99702
1.00167
1.00177
0.998693
0.995191
0.999111
0.995334
0.998252
1.00194
0.999685
1.00052
1.00264
0.999041
0.998077
1.00164
0.995833
1.00421
0.997573
1.00967
1.00246
0.996201
1.00086
1.00213
0.998185
1.00304
1.00087
1.00054
1.00524
1.00048
1.00024
0.992403
1.00149
1.00185
1.00429
0.998351
0.996842
1.00412
0.996518
1.00107
1.00469
0.99866
1.00287
0.998913
1.00699
1.00901
0.998712
0.997072
0.999877
0.996119
1.00076
1.00147
0.998026
0.999002
0.998036
0.99991
1.00398
1.00279
0.999473
1.00158
0.998856
1.00604
0.997168
1.0035
1.00743
0.997426
1.00035
1.00048
1.00242
0.998955
0.999525
0.997111
1.00129
1.00546
1.00088
1.00579
1.00245
1.00209
1.00439
0.995742
1.00047
0.993884
1.00405
1.00138
0.999365
1.00102
1.00142
0.997915
1.00171
1.00228
1.00209
0.995766
0.99832
0.993934
0.999049
1.00023
0.998851
1.00225
1.0013
0.998364
1.00187
1.00147
0.996314
1.00441
0.996839
1.00333
0.993825
1.00606
1.00604
1.00598
0.999212
0.998907
0.990953
1.00891
0.998604
0.997502
1.00231
0.998353
1.00101
0.999087
1.00622
1.00018
0.998772
0.994869
1.00104
1.00012
1.0066
0.990723
1.00311
0.998077
1.00325
1.00143
1.00025
1.00141
0.997832
0.999528
0.999918
0.995376
1.00049
0.999989
0.997139
1.00046
1.00307
0.997335
0.996153
0.999538
1.00173
0.997113
0.998987
0.999827
1.00177
1.00607
1.00505
0.992669
1.00648
0.994661
1.00013
1.00444
1.00095
1.00334
1.00122
0.990783
0.993902
1.00223
1.00126
1.00874
0.997321
1.00641
0.995539
0.994653
0.997452
1.00061
1.00237
0.998907
0.998348
0.999233
1.00117
0.994662
0.998231
0.998398
1.00337
0.99909
1.00367
0.999157
1.00053
0.99752
1.00024
0.994997
0.99936
1.0003
1.00297
0.994561
1.00032
1.00267
0.997872
0.998038
0.997752
0.998626
1.00059
1.00153
0.996896
0.995251
0.995494
1.00135
0.999109
0.998851
0.99355
0.996902
0.999429
1.00013
0.998181
1.00139
0.993733
1.00199
1.00385
0.995741
1.00285
1.00743
0.999948
1.00301
0.990421
1.00269
0.997229
1.00069
1.0003
1.00301
0.99599
0.998523
1.00129
0.997272
1.00161
0.997081
0.997733
1.00162
1.00035
0.996862
0.996914
0.994161
0.999801
0.997826
0.999312
1.00006
1.00296
0.998395
0.997871
1.0031
1.00029
1.00132
1.00541
1.00108
0.999079
1.00141
0.993827
0.998833
0.996821
0.997453
1.00122
1.00419
0.994362
0.996832
1.00264
1.00012
0.998126
1.00468
1.00199
1.00403
0.996904
0.999941
0.999078
0.993123
0.996851
1.00614
0.996379
1.00042
0.998998
0.99597
1.00118
1.00014
1.00459
0.997099
1.00162
0.998097
0.997309
1.00789
1.00293
1.00079
1.00597
0.998888
1.00002
1.00422
1.00292
1.00062
0.996946
0.999398
0.999951
1.00001
0.996743
1.00289
0.995054
0.997258
0.996704
0.998379
1.00267
0.999224
1.00062
0.996398
1.00075
1.00152
1.00143
1.00247
1.00409
1.00218
0.998584
0.996883
0.994746
0.992635
0.999168
0.999078
0.997604
0.997
1.00052
0.99931
0.99447
1.00053
1.00129
1.00163
1.00021
1.00088
1.00101
1.00051
0.994228
0.99923
1.00043
0.994545
0.994261
0.995104
0.99786
1.00137
0.994773
0.992695
1.00167
1.00086
1.00079
0.999928
1.00014
1.00807
1.00133
0.997336
0.999172
0.992784
0.998661
0.996124
0.999991
1.00308
0.994379
1.00077
1.0089
0.995584
0.993144
1.00239
1.00488
0.995782
0.998527
0.997644
1.00078
1.00134
1.0001
0.999525
0.995158
1.00135
1.00078
0.997008
0.999363
0.998914
1.00441
0.997267
1.00369
0.997271
0.999628
1.00113
0.997259
0.996546
0.991217
0.995908
1.00437
0.999302
0.996774
0.99836
1.00002
1.00414
1.0011
1.00063
0.999649
1.00113
0.999822
1.00404
0.999894
0.998258
0.995125
1.00132
0.995206
0.994797
1.0037
1.00138
0.99554
1.00526
1.00125
0.99799
0.999207
1.00101
1.00365
1.00471
1.00235
0.999563
0.99513
0.992807
0.996094
0.999686
0.9978
1.00145
0.9971
0.999371
1.00447
1.00199
1.00272
0.996006
0.999986
1.00579
0.999893
0.995661
0.998169
1.00551
0.998346
1.00099
0.99595
1.00025
0.999935
0.997803
0.996746
1.00153
1.00483
0.997157
0.998254
0.998508
0.992097
0.997696
1.00208
0.994985
0.997668
1.00379
0.99968
0.99939
0.994485
0.995099
0.999881
1.00262
0.995622
1.00306
0.997876
1.00252
1.00308
0.999422
1.00203
1.00518
1.00067
1.00008
1.00543
0.997304
1.00121
1.00289
0.993661
0.998782
0.995564
1.00112
0.999942
0.998969
0.998093
1.00001
1.00247
0.996202
1.0024
0.995441
1.0036
0.99792
1.00301
1.00223
0.995457
1.00161
1.00316
0.996217
1.00206
0.998433
1.00431
0.999646
1.00297
0.999861
1.00112
0.999498
0.9986
0.997945
0.998196
0.995712
0.997492
0.997889
0.999353
1.00098
0.994898
1.00486
0.997287
0.9988
1.00032
0.999372
1.00369
1.00066
1.00014
0.999813
1.00832
1.00947
1.00268
1.00034
0.994405
1.00642
1.00404
1.00458
0.996375
1.00612
1.00278
0.997537
1.00338
1.00078
1.0061
1.00341
0.997431
1.00072
1.00262
0.998609
1.00106
1.00253
1.00043
1.004
0.994767
1.00066
1.00102
1.00468
0.998512
1.00091
0.999226
0.998454
0.998762
0.9974
0.999589
1.00191
0.997654
0.996056
0.996328
1.00278
0.994403
1.00264
1.00072
1.0027
1.00127
0.998513
1.00057
1.00104
1.00311
0.999919
1.00068
1.0016
1.00128
0.998744
1.00147
1.00143
0.999484
1.00124
0.995976
1.00339
1.00361
1.00255
0.997977
1.00156
1.00045
1.00132
1.00065
0.993439
0.994696
0.994928
1.00041
1.00257
0.994471
1.00634
1.00375
1.00064
1.00404
0.999305
0.997334
0.994267
1.00283
0.999996
0.995832
0.993967
0.995645
0.99754
1.00169
1.00507
0.996208
0.998633
1.0067
0.998364
0.998604
1.00215
1.00425
0.994514
0.996215
0.994723
1.00164
0.995105
0.99618
1.00346
1.00289
1.00059
1.00375
1.00347
0.996774
1.00458
0.999024
1.00561
0.99589
0.999048
1.0034
1.00385
0.998324
1.00522
0.995461
1.00052
1.00152
1.00155
0.998748
1.00102
0.998519
0.998746
1.00121
1.00252
0.998139
1.00726
0.997391
0.999555
0.993105
0.998798
1.00132
1.0013
0.995515
1.00375
1.00021
0.999807
1.00258
0.995456
1.00061
1.00352
0.998746
1.00492
0.996719
0.996457
1.00109
1.00378
1.00133
1.0013
0.997781
0.994906
1.00599
1.00369
1.00323
1.00035
1.00084
0.997276
1.00794
0.997458
1.00004
1.00634
0.998681
0.998586
0.997102
1.00265
0.995889
1.00105
1.00021
0.999707
1.00413
0.996444
1.00439
0.999835
0.996937
1.00594
1.00029
0.99917
0.991441
0.999586
0.995441
0.999742
0.998214
1.00049
1.00148
0.998845
0.999017
1.00111
0.995475
0.999768
0.996009
0.99266
1.00246
1.00107
1.00325
1.00091
1.00227
0.997461
1.00483
1.00136
1.0008
0.996828
0.998672
1.00144
1.00161
1.00497
1.00036
0.998304
0.999991
1.00062
1.00222
0.995995
1.00066
0.998321
0.995807
0.998569
1.00381
1.00551
0.996512
0.999046
0.998149
1.00631
1.00017
1.00346
0.998816
0.998607
0.998434
1.00086
1.00365
0.998072
0.99979
1.00701
1.00393
1.0018
0.999714
0.999518
1.00559
0.998887
1.00489
0.99757
0.997019
0.996357
1.00329
1.00848
1.00862
1.00369
1.00587
1.00252
1.00147
1.00491
0.996985
1.00109
1.00577
0.994827
1.0024
1.0093
1.00192
0.998329
0.994267
0.993702
0.998417
0.997604
1.00609
0.998121
0.997158
0.997198
1.00228
1.0041
0.9991
0.999142
1.00297
0.997216
1.00085
0.998983
0.998027
0.996983
0.999079
0.995933
0.996364
1.00154
1.00219
0.997884
0.996839
0.999466
0.999097
1.00012
0.996862
1.00423
0.998329
0.997869
0.999791
0.997852
0.998842
0.997851
1.00359
0.999374
1.00206
0.997442
0.998788
0.99504
1.00128
1.00078
0.996818
1.00294
0.9968
1.00194
1.00586
1.00067
0.994406
0.997187
1.00229
0.999428
1.00832
1.00041
0.999651
1.00609
1.0006
1.00305
1.00098
0.996692
0.994964
1.00062
0.998857
0.99679
1.00337
1.00221
1.0042
1.00048
0.997158
0.995126
0.999897
1.00076
0.995637
1.00121
0.997083
0.999568
0.99867
1.00012
0.99714
0.995033
0.997592
1.00345
1.00587
0.996828
1.00169
0.995939
1.00062
1.00069
1.0029
1.00002
0.998805
1.00334
0.999459
0.994145
0.994269
0.996729
1.00365
1.00365
1.00505
1.00253
0.996536
1.00165
0.996818
0.994428
1.00196
0.998538
1.00054
1.00946
0.995134
1.00209
0.99993
0.99829
1.00536
0.997921
1.00043
0.999438
1.00043
1.00051
1.00501
0.994751
0.998491
0.997078
0.999784
0.995491
0.995771
1.00569
1.00899
1.0037
0.998863
0.995951
0.995999
1.0021
0.992718
1.00413
1.00116
0.996964
1.00192
0.997259
0.999323
0.999072
1.00254
0.998627
0.993545
0.996902
1.00225
0.993885
0.997599
0.998063
1.00185
0.994254
0.998151
1.00234
1.00086
1.00057
0.99767
1.00759
1.00037
0.99656
1.00112
1.00429
1.00023
1.00231
1.00082
1.00354
0.999198
1.00053
1.00206
1.00724
1.00373
0.999442
0.998354
1.00036
0.994622
1.00287
0.997904
1.00495
0.997079
0.997406
0.999516
1.0022
1.00357
1.00477
0.998839
1.00562
1.00076
1.00031
0.996867
1.00172
0.998031
1.00418
0.998565
1
0.995599
1.00545
1.00453
1.00347
1.00048
0.997584
0.99542
0.998935
1.00557
1.00339
0.995874
1.00281
1.00516
0.995748
0.994976
1.00509
0.997812
0.998874
1.00074
0.993462
1.00551
0.993114
0.995577
1.00386
1.00065
0.997869
0.999471
1.00055
1.00582
1.00273
1.00262
0.998734
0.993993
1.00153
1.00494
0.997292
1.00359
1.00092
0.998294
0.993837
0.995298
1.00344
0.998932
1.00126
0.995394
0.998671
1.0014
1.00134
1.00049
0.997085
1.00328
1.00265
1.00187
1.00145
1.00269
1.00032
0.99693
1.01036
0.998028
1.00593
1.00363
0.993621
0.998682
0.994943
1.00344
1.00236
0.99432
1.00124
0.998781
0.997198
0.997645
0.996605
1.00364
