1.00474
0.999609
1.00308
0.99977
1.00124
0.996444
1.00544
1.00027
0.999308
1.00163
1.00391
1.00194
1.00066
0.997674
1.00363
0.996902
1.00223
1.00064
0.999932
1.0016
1.00331
0.998893
1.00115
0.999323
0.995795
0.998018
1.00099
0.998362
1.00005
0.999196
0.997565
0.998548
0.998236
1.00066
0.999292
0.996518
1.00527
0.997639
1.0005
1.00197
0.995268
1.00272
0.998236
0.993158
0.999207
0.997916
1.00472
0.997513
0.997891
1.00163
1.003
1.00295
0.998005
1.0017
0.993328
0.998694
0.996781
1.00073
1.00137
1.00238
1.00106
0.997349
0.994345
1.00094
0.997149
0.999938
0.997456
1.00161
1.00156
1.0027
0.997681
0.998677
0.999045
1.00273
1.00287
1.00553
1.00087
0.999193
1.00174
0.996632
0.999164
1.00383
0.994163
0.997549
1.00187
0.997068
1.0009
1.00031
0.998477
1.00057
1.00502
0.998409
1.00246
1.00195
1.00157
1.00323
0.997698
1.00258
1.00211
1.00089
1.0017
1.00181
0.999216
0.998776
0.997863
0.997922
1.00105
1.00046
0.998606
1.00248
1.00034
1.00024
0.99846
0.996919
0.996889
0.998784
1.00249
1.00315
1.00059
1.00395
1.00043
0.996945
0.998831
1.00159
0.999619
0.998361
1.00329
1.00366
1.00341
0.999739
1.0019
1.00014
1.00018
1.00225
0.996936
0.99487
1.00067
1.00607
0.996707
1.00089
1.00403
0.999629
1.00093
1.00044
1.00152
1.00388
0.995293
1.00043
0.999289
1.00474
1.00101
0.996978
1.00214
0.999546
0.997347
0.999658
0.99723
1.00184
0.995762
0.99868
0.99632
1.00116
0.99787
1.00566
0.997272
1.00127
0.999396
1.00329
1.00028
0.999173
1.0027
1.00271
1.00542
1.00016
0.998204
1.00125
1.004
1.00042
0.996954
1.00441
1.00051
0.998187
0.999014
1.00085
0.999824
0.999708
0.996453
1.00178
0.999055
1.00046
1.00014
0.997999
0.999395
0.999181
0.995771
1.00386
0.994889
0.999476
1.00227
0.995999
0.997497
0.996759
0.99558
1.00086
1.00187
1.00416
0.998879
1.0006
1.00149
0.999358
0.996535
0.997377
1.00534
1.00161
0.997963
1.00197
1.0027
0.997225
1.00107
0.997065
1.00274
0.998029
0.998327
1.00339
0.995717
1.00794
0.999375
1.0033
0.996174
0.99866
1.00529
0.998456
1.00301
1.00177
1.0037
1.00076
1.00157
0.994972
1.00263
0.998936
1.00303
1.00203
1.00114
0.997609
0.996019
1.00491
0.999509
0.998004
1.00173
1.00294
1.00096
1.00087
1.0009
0.999358
1.00528
1.00277
0.996127
0.996817
0.998989
0.997074
1.00001
1.00046
0.996694
0.998551
0.99934
0.998739
0.99897
0.999805
0.997505
0.995977
0.998817
1.00014
1.00224
0.998874
0.999568
1.0033
0.997539
1.00138
1.00075
0.999621
1.00062
1.00543
0.99854
0.999204
1.00006
0.996164
0.999191
0.998658
0.996169
0.996676
1.00212
0.996132
1.00072
0.998721
0.996631
0.99845
0.999398
0.999042
0.999238
1.00025
1.00319
0.99705
1.00196
1.0004
0.99843
0.998747
0.999303
1.00113
1.00023
1.00566
0.999689
1.00142
1.00053
1.00444
1.00111
0.995018
1.00353
1.00148
0.994413
0.998526
0.999995
1.00106
1.0015
1.00161
1.0009
0.996744
0.995961
0.996645
0.999246
0.998841
0.995076
1.00263
0.997097
1.00008
0.998564
1.0003
0.993329
0.998141
1.00173
0.999524
1.00039
1.00116
1.00049
0.998918
1.00036
0.997589
1.00031
1.00122
1.00652
1.00227
0.998262
1.0047
0.998848
1.00325
1.00328
1.00371
1.00259
1.00007
1.00175
1.00107
1.00127
0.997519
0.995951
1.00108
1.00111
1.00372
1.00308
1.00212
1.00042
1.00201
1.0013
1.00307
1.00149
0.996236
1.00238
1.00079
1.00114
0.99929
0.999163
1.00398
0.996897
1.0023
0.996991
1.00108
0.998919
1.00393
0.999574
1.00056
1.00168
0.996259
1.00089
0.999126
1.00352
1.00053
0.998982
0.999796
0.99772
1.00073
0.994527
0.999966
0.995819
0.99943
0.998155
1.00059
0.999427
1.00151
1.00147
0.996503
1.00424
0.999702
1.00202
1.00208
0.998471
1.0035
1.00097
0.996244
1.00263
0.996893
1.00474
1.00104
0.997243
0.99724
1.00069
1.00635
1.00031
1.00105
1.00163
1.00153
0.99958
1.00322
1.0023
0.999984
0.997891
1.0007
1.00125
0.997209
1.00245
1.00052
0.998983
1.0011
0.998523
1.00525
0.999592
0.996708
1.00176
1.00094
1.00011
1.00251
1.00006
0.997799
0.999325
0.997345
0.998611
1.00012
0.999972
1.00177
0.999702
0.999193
1.00089
1.00133
0.998542
1.00456
1.0016
0.995499
0.999968
0.998585
0.99708
1.00269
1.00138
0.999667
1.00563
1.00134
0.997695
0.99524
0.996223
0.999459
0.998673
0.999533
0.997803
0.999563
0.998463
0.996947
0.996215
1.00303
0.993609
0.999718
0.999048
1.00118
0.999076
1.00144
0.994776
0.997535
1.00375
0.997189
1.00033
0.999737
1.00494
1.00281
0.997264
0.997146
1.00072
0.997641
0.997588
1.00121
1.00044
0.999306
0.999357
0.998902
1.00219
0.99906
1.00242
1.00149
1.00414
1.00072
0.997944
0.999533
1.00082
0.998257
0.996447
1.00277
0.99861
1.00498
1.00195
0.998725
0.996768
0.997198
1.00508
0.994586
0.99378
1.00084
0.996707
1.00243
0.998543
0.999624
1.00091
0.996213
1.00102
0.998861
0.997362
1.00029
0.999303
1.00374
0.99774
0.998522
0.998926
1.00171
0.997054
1.00541
0.999359
0.999865
1.00544
0.998516
1.00249
1.00036
1.00201
1.00067
1.00253
0.99639
0.998364
0.999733
0.998459
1.00351
0.998838
0.998895
0.993564
1.00093
0.998884
1.00072
1.00102
1.00023
0.998655
0.995187
1.0004
1.00236
0.999274
0.999934
1.00025
0.998442
0.99911
0.997091
0.997208
1.00119
0.994745
0.998972
0.998892
1.0016
1.00001
1.00291
0.998364
0.998797
1.0028
1.00103
1.00079
1.00041
0.998923
0.999308
1.00026
0.998708
0.998556
1.00364
0.996528
1.00741
1.00068
0.999935
1.00335
0.99826
1.00134
0.998162
0.999065
0.999726
1.00158
1.00027
1.00116
0.999507
0.999113
0.997618
1.00086
0.996636
0.997943
0.998563
1.00455
0.999218
0.99866
0.999644
1.00014
0.99861
0.997711
1.00332
0.999894
0.998458
1.00222
0.998571
0.997994
1.00298
1.00191
0.999494
1.00124
0.996888
1.0024
1.00183
0.997284
0.998395
1.00048
1.00004
1.00083
0.999381
0.995608
1.00177
0.996397
1.00138
1.00173
0.998015
1.00116
0.999259
0.999727
1.00036
1.00218
0.998742
0.999138
0.999807
1.00139
1.00012
1.00047
1.00272
0.998491
0.998015
0.998929
0.99922
1.0022
0.996284
1.00407
1.00587
0.997988
1.00195
0.998814
0.997785
1.00022
0.999541
1.00071
1.00374
1.00268
1.00101
1.00226
0.999437
1.00045
1.00235
1.00133
1.00348
1.00034
1.00267
1.00004
1.00134
0.997752
0.998785
0.99699
1.00351
0.999243
1.00165
0.999849
1.00026
0.999814
0.999175
0.995853
0.996422
0.998063
1.00157
1.0013
0.997805
1.00209
0.999412
1.0011
1.00433
1.00302
1.00318
1.00759
0.999168
1.00222
0.998351
0.99773
1.00196
1.00174
1.00124
0.999553
0.999091
1.00062
0.996985
0.996403
1.0009
1.00434
0.999291
0.996876
0.996891
0.99881
1.00031
0.998355
1.00132
0.999206
0.997084
0.999603
1.00653
0.996804
0.9986
1.00128
1.0003
0.996976
1.0001
1.00146
1.0006
0.996553
1.00248
0.997833
1.00226
1.00132
0.99668
0.998591
0.997033
1.00205
1.0009
0.99938
0.999252
1.00125
0.999015
0.994977
1.00046
0.997859
0.998755
0.996595
0.999964
0.9991
0.997331
0.999984
0.999312
1.00058
1.00435
0.997021
1.00204
1.0048
0.999154
1.00184
1.00324
1.00147
1.00492
1.00325
1.00105
1.0021
1.00059
1.00156
0.999636
0.995022
0.99987
0.999777
1.00051
1.00113
0.997233
1.00014
1.00249
1.00011
1.00016
0.995953
0.999534
0.999132
0.995599
0.998531
0.995312
1.00078
0.999679
1.00079
0.997504
0.997529
1.00047
0.999579
1.00024
1.00393
0.995661
0.997285
0.996304
1.00429
1.00373
0.999536
1.00302
1.00041
0.999778
0.999054
0.996801
0.999038
1.00316
1.00002
0.999066
0.99988
1.00356
1.00262
0.995542
0.997402
0.999901
1.00001
0.997905
1.00018
0.999069
1.0014
0.998658
1.00101
1.00092
1.00422
1.00062
0.996088
0.995715
0.998822
0.997923
0.99762
1.00443
0.997665
1.00352
1.00018
0.998301
1.0026
1.0032
1.00216
0.998386
1.00247
1.00133
0.99953
1.00058
0.997009
0.997241
1.00251
0.998586
0.996144
1.0012
0.998831
0.999693
1.00049
1.00259
0.999048
1.00212
1.00248
1.00056
0.997955
1.00176
1.00019
1.00581
0.997679
1.00011
1.00182
1.00094
1.00336
1.00112
1.0003
1.00255
0.996391
1.00659
0.997134
1.00284
1.00507
0.99816
1.00069
0.999619
1.0047
1.00122
0.99941
1.00143
1.00341
1.00011
0.999909
0.997942
1.00325
0.998747
0.998551
1.00224
1.00044
1.00246
1.00204
1.00659
0.99888
0.999673
0.998436
1.00223
0.999118
0.999645
1.0037
1.00228
1.00285
1.00449
1.00154
0.993957
0.997563
0.999113
1.003
0.997916
1.00117
0.997909
0.997716
0.99977
0.998604
0.999153
0.998943
0.999121
1.00046
0.99688
0.997163
0.993516
1.00143
0.997474
0.998885
1.00024
1.00222
1.00135
1.00072
0.996468
0.999466
1.00042
0.994026
1.00273
0.997963
1.00239
1.00014
1.00425
1.00124
0.998769
1.00127
0.999009
0.999617
1.00238
0.994422
0.998984
1.0016
0.997645
1.00305
0.997659
0.997408
0.998742
1.00212
0.996292
0.998556
1.00086
1.00211
1.00151
1.00299
1.00529
1.00354
0.998488
1.00161
0.998327
1.00209
1.00169
0.996476
1.00234
0.997737
0.997873
0.995454
1.0033
0.999894
0.999509
1.00322
1.00223
1.00208
0.994892
0.997402
1.00008
0.999773
0.997205
1.00157
1.0024
0.9986
1.00156
1.00358
1.00012
0.99902
1.00447
1.00303
1.0024
0.998864
1.00219
0.999838
1.00003
0.997695
1.00335
1.0012
0.99882
1.00615
0.997038
0.99874
1.00076
1.00195
1.00077
0.99973
0.999244
1.0031
0.996192
1.00155
0.998306
0.996909
1.00326
0.999196
1.00071
1.00185
1.00314
1.00691
0.997212
0.997882
1.00109
1.00241
0.999681
0.998507
0.997923
1.00205
0.998771
1.00142
1.00573
1.0006
1.00358
1.00154
0.997477
0.996381
0.999484
1.00048
0.996779
0.996591
0.998567
1.00016
1.0013
0.999046
0.999221
1.00223
0.994224
0.998528
0.999362
1.00078
1.00007
1.0024
1.00314
1.00083
1.0005
0.999909
1.00139
1.00141
1.00125
0.999724
1.00257
1.00021
0.997357
1.00145
0.999516
1.00327
1.00238
0.997333
1.00221
1.00125
0.997031
0.998616
0.99947
0.998354
1.00204
1.00303
1.00321
0.997997
1.00319
0.99945
1.00031
1.00609
1.00416
0.995775
0.998812
0.999398
0.999518
1.00115
1.00115
1.00035
0.999808
1.00353
0.996414
1.00121
1.00356
0.997772
0.998957
1.00318
1.0003
0.998813
1.00645
0.999825
1.00087
0.997795
1.00605
1.00006
0.999428
1.00103
1.00018
1.0039
1.00256
1.00092
0.997523
1.00083
0.997394
1.00045
1.0013
0.998028
1.00447
0.998825
0.999154
0.997817
0.999738
0.997923
1.00128
1.00083
1.00241
1.00283
0.999988
0.995597
0.995165
0.998013
0.994686
0.996966
0.999673
1.00076
0.992549
0.998789
0.995781
0.998928
0.998298
1.00107
1.00249
1.00081
0.998294
1.00249
0.994338
1.00144
0.997975
1.00013
0.997136
0.998552
0.997725
1.00475
1.00688
1.00406
0.997759
1.00125
1.00275
0.998902
0.999975
0.997827
1.00248
1.00204
0.998324
1.00351
0.99727
1.00145
0.998897
0.999555
1.00114
0.996735
1.003
1.00126
0.997783
0.997301
0.999082
1.00121
1.00203
1.00367
1.00459
1.00018
1.00208
1.00081
1.0032
0.995676
0.997012
1.0015
1.00008
1.00107
1.00424
1.00362
1.00414
0.99982
0.999729
1.00074
1.00051
0.997816
0.999398
0.99816
1.00148
0.996913
1.00002
1.00168
0.996715
0.998638
1.00166
0.997905
0.99816
0.999403
0.99588
0.999259
0.994313
1.00045
1.00124
0.999893
1.00193
0.998567
1.00093
1.00401
0.999131
0.998179
1.00097
0.999505
1.00052
1.00185
0.996243
1.00113
1.0019
1.00108
0.998137
1.00105
0.999631
1.00498
0.999934
0.996403
0.998351
1.00394
1.00041
0.997293
1.00238
0.997157
1.00268
1.00258
0.994762
1.00043
1.00071
0.996015
0.999103
1.0002
0.99998
0.997017
1.00276
1.00483
0.999263
0.999911
1.00145
1.00358
1.00175
0.999311
1.00638
0.997508
1.00179
0.999545
1.00169
0.996605
0.997086
0.997723
1.00353
0.999532
1.00085
0.996221
1.00052
1.00239
1.00128
1.00056
0.997906
0.999337
0.999843
0.999065
0.999739
0.999634
0.997073
1.00146
0.998236
0.997307
0.999729
0.999809
1.00058
0.998949
0.999965
1.00182
0.998733
0.995255
0.997652
0.996382
1.00152
0.996943
1.00462
0.996868
1.00152
1.00157
0.998985
1.00016
0.999583
1.00115
1.00109
0.999769
1.00086
0.998901
0.999814
0.999435
1.00081
1.00187
0.997722
1.00177
0.998872
0.998045
1.00019
1.00392
1.00173
1.00021
0.99854
0.999034
1.00396
0.998949
0.997486
0.998141
1.00104
1.0011
1.00049
0.999704
0.999062
1.00069
1.0028
0.998868
1.00119
1.00182
0.99861
0.999716
0.996118
0.998078
1.00421
0.999108
1.00232
0.99656
1.00132
0.99888
1.00067
0.998135
1.00045
0.99875
1.00033
1.00133
0.999138
1.00507
0.999412
0.997952
1.00197
1.00187
0.99943
1.00205
1.00485
0.999014
1.00187
0.998122
0.998028
1.00032
1.0013
0.997984
0.999202
1.00251
0.996682
0.997373
0.999603
0.998345
1.00232
0.998517
1.00492
1.00017
1.00204
1.00222
0.998161
1.00018
1.00272
0.999236
0.997879
0.995213
1.00629
0.99981
0.998543
1.0011
1.00039
0.994923
1.00219
1.00244
0.99932
0.997797
0.99966
1.00446
1.00651
0.999209
1.0061
1.00112
1.00134
0.997227
1.00063
0.997684
1.00038
0.995517
0.999974
1.00487
1.00281
0.997491
1.00109
1.00084
1.00887
0.99911
0.999538
1.00032
0.998469
0.999151
0.995575
1.00152
1.00219
1.0026
1.00179
1.00374
1.00273
1.00071
1.00035
1.00376
0.996169
1.00132
0.997824
1.00017
1.00025
1.00255
0.996721
1.00098
1.00131
1.00573
0.997969
1.00036
0.996058
1.00228
0.996499
0.995893
0.997464
1.00131
0.99602
0.998356
1.00139
0.99768
0.994741
1.00296
1.00519
1.00194
0.996419
0.998698
1.00313
1.00175
0.999831
0.99395
1.00103
1.00293
0.995666
0.999921
1.00097
0.999503
0.999307
0.995146
1.00081
0.99627
0.998588
1.00461
1.00092
1.00218
1.00035
0.996474
1.0026
0.999509
0.999251
1.00036
1.0009
1.00015
0.998878
1.0001
1.00092
1.00136
0.995261
0.999971
0.99736
0.995794
0.999771
0.998377
1.00113
0.996371
1.0006
0.994548
0.999433
0.999195
0.999492
1.00421
0.998489
0.998887
0.998757
1.00051
0.999477
0.998525
1.00243
1.00326
0.999124
1.00064
1.00085
0.999585
0.995425
0.991425
1.00175
1.00035
0.997709
0.997798
0.999436
1.0021
0.999228
0.996326
0.99805
1.00093
0.996824
0.996219
1.00179
1.00195
0.996817
0.998497
1.0035
0.998921
0.999962
1.0024
1.00065
0.999709
1.00037
1.00149
0.999495
1.00147
1.00316
0.997854
1.00365
1.00364
1.00225
0.997161
0.996846
0.998511
1.00043
0.998409
1.0012
0.998248
0.998041
1.00154
0.999627
0.998716
0.997526
0.998373
0.99989
1.00056
0.996343
0.995944
1.00027
1.00141
0.997837
1.00131
1.00091
0.999911
0.999306
1.0019
1.00303
1.00176
0.996788
1.00547
1.00253
0.99378
1.00183
0.996278
0.998549
0.998637
0.999404
1.0031
0.999509
1.00137
1.00196
0.997062
0.999614
1.00178
0.994737
0.998532
1.00104
0.998299
0.99614
1.00038
0.994165
0.996962
1.00532
1.0004
1.0023
0.999525
1.00214
1.00114
0.99622
1.00251
1.00112
1.00164
0.999664
1.0025
1.0049
0.99812
0.997831
0.995258
0.99794
1.00049
1.00176
1.00172
0.997281
1.00033
0.995543
0.998778
1.00078
1.00047
0.998494
0.996385
1.0001
0.999088
1.00433
0.997624
1.00227
0.997172
1.00241
0.996604
0.995809
1.00305
0.999521
1.0006
0.998562
0.998762
0.999994
1.00419
0.998161
0.997083
0.99989
0.9976
1.00013
1.00079
1.00062
1.00144
0.998548
0.997307
0.996302
1
0.997856
1.00084
0.99734
1.00104
0.999528
1.00321
1.00011
0.998346
1.00367
1.00378
1.00064
1.00164
1.0042
0.997369
0.993897
1.00249
0.997576
0.997604
0.998098
1.00226
0.998542
0.995553
0.999699
1.00098
0.997129
0.995668
1.00176
0.99853
0.998275
0.994381
0.997074
0.997998
1.003
1.00042
0.9997
1.00335
1.00375
0.999682
1.00292
1.00063
1.00341
0.995474
0.996548
0.997796
0.997995
0.996568
0.998481
0.999993
0.998622
1.00184
1.0024
1.00156
1.00086
0.997995
0.997693
0.998627
0.997612
0.997392
0.999798
0.995579
1.00033
1.00436
1.00011
0.999324
0.994243
0.998563
1.00117
0.999942
0.994635
0.995685
1.00157
0.998597
0.999814
0.996209
1.00245
0.998968
0.999701
0.999173
1.00052
1.00293
1.00161
1.00143
1.00017
0.99876
1.00173
0.998928
0.99829
1.00036
0.998872
0.998671
1.00047
1.00062
1.00534
1.00586
1.0009
0.997984
1.00205
0.998357
0.997027
0.999569
1.00057
0.999973
1.00228
1.00117
0.996643
1.00039
1.0025
0.99795
0.995711
1.00379
0.997431
0.993958
1.00107
1.00189
1.0028
0.999897
0.998545
1.00129
1.00468
1.00027
0.997311
0.997759
0.999098
0.99893
0.9988
0.996585
0.994864
0.999287
1.00144
0.999694
1.00021
1.00328
0.999341
1.00408
0.999034
0.999794
1.0028
0.997879
0.997452
1.00123
1.00361
1.00172
0.997984
1.00188
0.998604
1.00369
0.997506
0.999778
0.998357
1.00635
0.99811
0.99991
0.999894
0.999873
1.00166
1.00286
1.00322
0.995809
1.00016
0.998651
1.00233
0.997839
1.0012
0.999207
0.995959
0.999111
1.00336
0.996393
0.995137
1.00013
0.997325
1.00109
0.994004
1.0046
1.00139
0.997024
1.00073
0.995807
0.998416
0.999413
1.00074
1.0003
1.00217
1.00392
1.00007
1.0019
0.999475
1.00122
0.997407
0.995804
1.00151
0.998948
0.996401
0.99431
1.00356
0.993394
1.00119
1.00597
0.999792
0.999291
1.00021
0.998788
1.00007
0.99761
0.999953
1.00002
0.9978
0.995515
0.997407
0.99705
0.997877
0.999978
0.998096
1.00099
0.999953
1.00285
0.998945
1.00274
0.996192
0.996212
1.00001
0.994541
1.0009
1.00228
0.999341
1.00393
1.00284
1.00134
0.999499
0.999705
1.00584
0.993248
0.996552
1.00121
1.00532
0.99677
0.999495
1.00158
1.00633
1.00244
0.998841
1.00182
0.99664
1.00126
0.999943
1.0027
1.00037
0.997734
1.00109
1.00371
0.998673
1.00214
0.998165
1.00136
0.998872
0.998996
0.999179
0.999902
1.00249
0.999669
0.998371
1.00037
1.0042
0.998784
0.999175
0.999834
1.00026
0.994362
1.00079
0.996149
1.00057
0.999403
0.999758
0.996942
1.00147
0.999108
1.00039
0.995113
0.998342
0.997853
1.00239
1.00173
1.0039
1.00534
1.00065
0.999672
0.999363
0.998918
0.997866
1.00159
1.00262
0.999958
1.0012
0.998521
1.0032
1.00105
1.00326
1.0004
1.00201
0.999734
0.999203
1.00044
1.00143
0.998235
1.00029
0.999887
0.998645
1.00078
1.00042
1.0011
1.0027
0.999963
1.00288
1.00041
1.00102
1.00424
1.00462
1.0038
0.996233
0.999336
1.00443
0.996611
1.0022
0.999715
0.998707
1.00166
0.997277
1.00299
0.999232
1.00046
1.0022
1.00028
1.00099
1.00232
1.00525
0.999663
0.998796
0.998514
1.00195
0.998813
0.996832
1.00279
0.994812
0.996712
1.00078
0.998187
1.00459
1.00146
0.999513
1.00217
0.998683
1.00192
0.999954
1.00146
1.00251
1.00337
0.999423
0.999037
0.999047
0.998178
1.00006
1.00347
0.99755
0.997125
1.00158
0.998055
1.00119
0.998119
0.999319
0.997596
1.00251
1.00261
0.997855
1.00299
0.999549
0.99969
1.00222
1.00148
1.00367
1.00029
1.00173
0.998616
1.00403
0.999255
1.00158
1.00152
1.0008
0.999899
0.997218
0.995883
0.999697
0.99846
1.00135
1.00071
0.996841
0.997562
1.00208
1.0009
1.00076
1.00058
1.00029
0.994234
1.00049
0.999078
1.0009
1.00014
0.998243
1.00464
0.999134
0.998216
1.00432
1.00078
0.996787
1.00531
0.999387
1.00078
1.0008
1.00123
0.9994
1.00409
0.997867
0.999004
1.00314
1.00382
0.997624
1.00012
0.995983
1.00339
0.998251
1.00006
1.00231
0.998934
1.00159
0.998848
1.0005
1.00421
1.00169
0.999777
0.99888
1.00183
1.00223
0.999629
1.00267
1.0002
1.00195
0.99875
1.0027
1.00023
0.999483
0.998248
1.00068
0.9985
0.999571
1.00013
1.00096
0.998753
0.999968
0.999477
1.00632
0.998779
0.996572
0.99974
0.997125
1.00281
0.995029
1.00037
0.997909
1.00035
1.00286
0.998985
1.00301
0.999593
0.998459
0.996294
0.999908
0.996143
0.999328
1.00035
0.997976
0.99734
0.998898
0.997116
0.999868
1.00067
0.996676
1.00437
0.996557
0.999363
1.00173
0.99779
1.00217
0.995892
0.997352
1.00116
0.996394
0.996932
0.997251
0.998794
1.00036
1.00321
0.999812
1.00085
0.998853
1.00316
1.00034
1.0018
0.997464
1.00089
0.99943
1.00269
0.997827
1.00139
1.00095
0.996833
1.00336
0.998735
1.00448
1.00414
1.00242
0.996778
1.00221
0.999577
1.00348
0.99876
0.997714
0.997269
0.99809
1.00248
1.00228
0.998155
1.00179
1.00252
1.00231
0.999247
0.998195
0.998956
1.00279
0.99813
1.00191
0.99338
1.00281
1.00205
1.00038
0.998671
0.994951
0.999089
0.996573
1.00097
0.999238
1.00055
0.997014
1.00134
1.00048
0.996803
1.00155
1.00453
1.00406
1.00485
0.998088
1.00031
1.00055
0.999926
1.00124
1.00224
0.998093
0.999556
0.998581
0.995583
0.998322
0.99924
1.00142
1.00284
0.998431
0.999135
1.00233
1.00219
1.00187
1.00031
0.999146
0.999316
1.00177
1.00018
0.998873
1.00148
0.999774
1.00186
1.00485
1.00252
1.00379
0.998052
0.998013
0.999296
0.997361
0.997723
0.999788
1.00258
1.00092
0.997337
0.998863
1.00532
1.00064
0.999543
1.00074
1.00102
0.999991
1.00257
1.00179
1.00423
1.00132
1.00009
0.996925
1.00184
0.997485
0.998425
1.00039
0.996744
1.00072
0.999308
1.00171
1.00094
0.999603
0.999995
0.999906
0.99947
0.997061
1.00353
1.00075
1.00272
1.0005
1.00063
0.999736
1.00015
1.00167
1.00004
1.0029
1.00151
1.0023
1.00785
1.00204
0.996994
1.00147
1.00218
1.00075
0.999296
1.00166
0.999744
0.998401
0.997455
1.00126
0.996559
0.999291
1.00018
0.999983
0.999271
1.00044
0.997636
1.00572
1.00119
0.999134
1.00017
1.00102
1.00222
1.00117
1.00159
0.99989
1.00192
1.00144
1.00167
0.996921
1.00229
1.00492
0.995313
0.997577
1.00009
0.995014
0.99213
1.00334
0.995536
0.994565
0.996531
1.00191
1.00361
1.00056
1.0024
1.0015
1.00055
1.00368
1.00188
0.997787
0.997453
0.997165
1.00056
0.999866
0.997631
1.00214
1.00128
0.997474
1.00008
0.998035
0.998356
0.997599
0.997663
0.999017
0.99681
0.997195
1.00008
1.00171
0.999842
0.999309
1.00062
1.00191
1.00328
0.99915
0.998296
1.00215
0.999769
1.0004
0.999003
0.997266
1.00099
1.00877
1.0049
1.00516
0.996719
0.996556
1.00355
0.999374
0.999918
1.00009
0.999952
1.00022
0.999888
1.00359
1.00398
1.00178
0.994366
0.999817
1.00045
0.99828
1.00292
0.998398
1.00077
0.999359
0.999056
1.00179
1.00323
0.998089
0.997779
0.999497
0.993681
0.999937
1.00014
1.00031
1.00207
0.999269
1.00184
0.997617
0.997839
1.00278
0.998536
0.999778
0.999446
1.00155
0.997943
0.999409
1.00189
0.999104
1.00098
0.999809
1.00259
1.00063
0.999001
0.998113
0.999455
1.00648
0.997688
0.998742
0.999317
0.999457
0.999561
0.994943
0.999812
0.996563
0.997983
1.00086
1.00204
0.997661
0.99929
1.00023
0.995254
0.999863
0.999083
0.99911
0.997153
0.999235
1.00001
0.999162
1.00135
1.00134
0.999813
1.00567
1.00032
1.00127
1.00249
1.0015
0.994248
1.00056
1.00032
0.995468
1.00176
0.999448
0.99834
0.998349
0.994932
1.00214
0.99704
1.00005
0.995934
0.995638
0.996598
1.00525
0.996726
0.996879
1.00017
0.999586
1.0022
1.00073
0.999886
1.0008
1.0005
1.00304
1.00096
1.00064
1.00273
1.00304
1.00123
0.995923
0.998909
1.00287
0.997046
1.00382
1.00463
0.995904
0.997739
1.00087
1.00073
0.99978
0.999835
1.00065
0.997001
1.00237
1.00164
1.00173
1.0003
0.997293
1.00036
0.998762
0.996604
0.997478
0.999086
0.998485
1.00133
0.997576
0.998792
0.999527
0.999426
0.999878
0.998363
0.997724
1.00007
0.994648
1.00004
0.998814
0.99933
1.0043
1.00299
1.00283
0.998951
1.00134
1.00128
1.00125
1.00041
1.00528
1.00227
0.998554
0.995305
0.999561
0.999302
1.00137
1.00224
1.00514
0.999194
0.997905
1.00294
0.998715
0.998404
0.998134
1.00343
0.999543
0.998458
1.00186
0.999523
0.993322
0.999412
0.996289
1.00026
0.999053
1.00442
1.00071
1.00152
0.99926
0.998769
1.00222
0.999627
1.00393
0.996443
1.0036
0.998485
1.00298
0.999039
1.00073
1.00045
0.99925
1.00092
0.996715
0.998211
1.00379
1.00035
0.994804
1.0065
1.00125
1.00139
0.998439
1.00101
0.996127
0.996253
0.997841
1.00791
0.999143
0.998329
1.00227
0.998513
0.996097
1.00259
1.00224
1.00006
0.996487
1.0022
0.999443
1.00093
1.00143
1.00168
0.998797
0.99825
1.00142
1.00025
1.00277
0.995302
1.00373
1.00349
0.998575
1.00006
1.00137
1.00331
1.00059
1.00126
1.0041
0.996047
0.994605
0.998927
0.999827
0.998214
1.00214
0.998249
1.00049
0.999255
1.00129
0.99978
1.00033
1.00165
1.0017
0.998818
0.997005
0.996019
1.00123
1.00385
0.998011
1.00015
0.997747
0.999632
1.00399
0.99945
1.00096
0.995347
0.999992
0.997516
0.998591
0.997034
0.998506
1.00586
1.00081
1.00434
1.00156
1.00241
1.00084
1.00099
1.00072
1.0034
0.995903
1.00082
1.00136
1.00308
1.00033
0.999675
1.00083
0.997901
0.997832
0.999503
1.00319
1.00367
1.00017
1.00226
1.00212
1.00035
0.998558
1.00153
1.00303
1.00099
0.99845
0.999867
1.00335
0.998231
0.995303
1.00372
1.00082
0.997141
0.998899
0.997998
1.00046
1.00235
1.00082
1.0003
1.00185
1.00091
1.00162
1.00043
0.998578
0.999716
0.999857
0.999586
0.996852
1.00037
0.997739
1.00222
1.00046
1.00306
1.00011
0.999117
1.00146
0.999344
0.999168
0.998871
1.00262
1.00073
0.999871
1.00228
1.00218
0.997751
1.00377
0.999038
0.996717
1.00291
0.995751
1.00012
1.00177
1.00566
1.00003
1.00155
0.998326
0.998928
0.999531
1.00201
1.00357
0.998295
1.00019
0.999956
0.99882
1.00005
0.997315
1.00343
1.00267
1.00131
0.997867
1.00209
0.998373
1.00223
0.998359
1.00269
1.00079
1.0005
1.00091
0.999536
0.999141
0.996236
0.996536
0.997261
1.00318
1.00198
1.0061
1.00493
0.996654
1.00156
1.0039
0.998039
1.00274
1.00128
1.00149
0.99798
1.00046
1.00177
1.001
0.998827
0.995808
0.994784
1.00044
1.00045
0.995782
1.00612
0.996866
1.0009
0.999348
1.00391
0.996769
0.999851
1.00086
1.00264
0.998917
0.997734
0.99986
1.00123
1.00252
1.00179
1.00297
1.002
0.997256
0.995438
0.999673
1.00105
1.00181
0.999634
0.998804
1.00168
0.998867
1.00011
1.00164
0.999368
1.00329
0.99596
0.99832
0.999937
1.00038
1.00049
0.998929
0.996296
0.997639
0.998355
0.996618
0.998133
1.00183
1.00293
0.995882
0.999786
1.00243
0.996409
0.999495
1.00246
1.00157
0.995967
1.00006
1.00021
0.997342
0.999143
1.0024
1.00088
1.00101
0.997959
1.00133
1.0043
0.999693
0.999519
1.00097
0.998909
1.00054
0.996826
0.99738
0.997254
1.0018
1.00236
1.00136
1.00618
1.0016
0.996719
1.00465
1.00008
0.995306
0.99862
1.00334
0.998327
0.999759
1.00079
0.99785
1.00307
0.998905
0.996601
0.997957
1.00355
0.997048
0.997054
0.999152
0.997819
0.997457
0.999211
1.00021
0.999879
0.999842
0.99995
0.996862
1.00147
0.999653
1.00161
1.00469
0.998936
1.0011
1.00044
1.00268
0.998661
1.00237
1.00065
0.999929
0.995714
0.998674
1.00604
1.00173
0.997052
0.99828
1.00402
1.00021
1.00242
0.999537
1.00091
0.998471
0.99877
0.999864
0.998182
0.994226
0.995035
1.00499
0.998879
0.999559
0.996697
0.99875
0.997492
0.996468
0.997944
0.997285
1.00443
1.00238
1.00225
1.00109
0.998689
0.998369
1.00322
1.00258
0.999413
1.00334
1.00164
0.9994
0.998327
0.998631
0.998456
1.00037
1.00088
0.998294
0.999516
0.999672
0.999904
0.993824
1.00246
1.00266
1.00114
1.0029
1.00036
0.996072
0.999715
0.999635
1.00263
1.00142
1.00167
0.998084
1.0003
1.00268
0.999045
1.00292
1.00328
1.00049
1.00464
0.994587
0.996611
1.0041
0.997259
1.0027
0.997409
1.00201
0.998706
0.995191
0.999639
0.999989
0.999422
1.00325
1.00142
1.00303
0.998669
0.997583
1.00024
0.999588
0.996641
1.00253
0.999023
1.00215
1.00481
1.00065
1.00334
0.996752
0.997844
0.998599
0.994836
1.00027
0.999043
0.997323
0.99767
0.999483
0.999664
1.00102
1.00002
0.997822
0.997485
0.99882
0.998999
0.996377
1.00021
1.00049
0.999538
0.99686
1.00107
0.999709
0.999367
0.997043
0.999864
1.00262
1.0009
1.0015
0.995047
0.993956
1.00224
1.00117
1.00395
0.998442
0.998883
1.00167
0.999099
0.997474
0.999744
1.00253
0.999071
0.999519
1.00322
0.998237
1.00036
0.998654
1.00124
1.00001
0.994266
1.00027
1.00176
1.00377
1.00233
1.00311
1.00378
0.996853
0.997676
0.997774
1.00385
1.00383
1.00016
0.999476
0.998227
0.998602
0.999972
1.00304
1.00447
1.00321
0.997854
0.999486
0.999456
1.00153
1.00172
0.996671
0.996971
0.998825
0.999151
0.998734
0.996103
0.995874
1.00222
1.00089
1.00131
1.00312
0.992307
1.00252
0.995639
0.995868
1.00437
0.999052
0.997105
1.00295
0.999533
1.00216
1.00103
0.994084
0.99786
1.00102
0.998451
0.996593
1.00239
0.998671
0.997329
0.99784
0.998731
0.997217
0.999046
1.00174
0.999539
0.999198
0.997708
0.998333
1.00244
0.995579
0.999634
0.998211
0.999034
1.00226
0.997847
0.999819
0.999887
0.998548
1.00157
1.00051
1.00015
0.99643
1.00435
1.00319
1.00038
1.00364
1.0028
1.00183
0.998711
0.998895
1.00009
1.00099
0.997187
1.00357
0.999295
0.998131
1.00313
0.998706
1.00052
0.999049
1.00248
0.998371
0.999378
1.00023
0.996823
1.00075
0.999003
0.998886
1.00128
1.00135
0.999423
0.999604
1.00078
1.00439
1.00066
1.00148
1.00254
0.997973
1.00035
0.997185
0.998921
0.995752
1.0023
0.997986
1.00275
1.00165
0.99669
1.00149
1.00125
1.00106
0.996165
0.997093
0.9999
1.00365
0.99946
0.999079
1.00086
1.00515
0.99944
0.997968
0.998484
1.00278
0.999576
1.00137
1.00042
1.00124
1.0047
1.00217
1.0003
1.00219
0.997216
1.00488
0.998766
0.997586
0.994381
0.999881
0.999944
0.99991
1.00065
1.00222
1.00534
0.996873
1.00037
0.999868
1.00031
0.997592
1.00021
0.999034
1.00038
1.00107
1.0032
1.00062
0.996604
1.00451
0.999745
1.00008
1.00102
0.997632
0.996797
0.996972
0.997987
1.00184
1.00277
0.997155
1.00058
1.0014
0.999981
1.00164
1.00041
1.00463
0.998422
0.997445
0.99843
1.00373
0.997383
1.00094
0.999168
0.996649
1.00007
0.997525
0.999962
0.998175
0.999491
0.999282
0.998864
1.0015
1.00063
0.996538
0.996241
1.00358
1.00315
0.998046
0.999456
1.00145
1.00169
1.00342
0.997653
1.00086
0.999722
0.999271
0.996946
0.999501
1.00002
0.998658
0.997642
0.994402
0.999165
1.00211
1.00095
0.997882
1.00317
0.999613
1.0064
1.00142
0.99954
1.00335
1.00073
1.00245
1.00575
1.00164
1.00106
1.00157
0.998663
1.00201
1.00153
0.99689
1.0029
1.00355
1.00085
0.996078
1.00406
1.00184
1.00177
1.0031
0.997167
0.997896
0.999055
1.00239
1.00126
0.99875
0.994696
1.00408
1.00096
1.00146
0.99826
1.00148
0.999807
0.993023
1.00227
0.999016
1.00586
1.00315
0.99857
1.0041
1.00354
1.00062
0.999918
1.00165
0.996948
0.998302
0.995331
1.00172
0.996934
1.00148
1.0024
0.998473
0.999948
0.998152
0.997933
0.998814
1.00203
0.999184
1.00211
1.00176
0.998271
0.997188
1.00176
1.00017
1.00364
1.00035
0.999081
0.999175
1.00274
0.997812
1.00114
0.999489
1.00046
1.00234
1.00034
0.994916
0.998706
1.0028
0.997846
1.00012
1.00224
0.997717
0.998284
1.00139
0.998855
1.002
0.998199
0.996922
1.00234
1.00081
1.00171
0.998216
0.997795
1.00017
0.998481
0.996801
0.997063
1.0028
0.996935
0.998702
1.00063
1.00056
0.995414
1.00345
1.00018
0.999274
0.999287
1.00207
0.99881
1.00068
0.999475
0.999883
1.00494
1.00181
0.998926
1.00016
1.00235
1.00105
0.999418
0.996388
1.00445
0.999339
0.999646
0.998996
1.00174
0.998766
1.00296
0.997853
1.00127
0.998102
0.997209
1.00249
0.998859
0.998945
0.999679
1.00223
0.999255
1.0054
0.998986
1.00045
1.00038
0.99956
1.00096
1.00016
1.00036
1.00178
0.999793
1.00177
0.994875
0.997886
0.998513
1.00131
1.0008
1.00019
1.00119
0.998281
1.00446
1.00303
0.999154
1.00107
0.997855
0.999059
1.00001
0.999684
0.998162
1.00062
0.997771
1.00219
1.0007
0.993868
1.00391
1.00177
1.00099
1.0015
0.999837
1.0044
0.994796
0.999033
1.00078
1.00359
0.999598
0.994777
1.00103
0.997975
0.995691
0.997179
1.00107
0.994651
0.994638
1.00353
1.00098
0.996282
0.996209
1.00212
0.997263
1.00096
1.00054
1.0003
1.00442
0.999643
0.99865
0.997787
1.00109
1.0034
1.0004
0.999419
1.00007
1.00153
0.997769
1.00025
1.00129
1.00094
1.00307
0.995998
1.00143
0.995209
1.0002
1.00114
1.00139
1.00118
0.999813
0.996085
0.996739
0.999871
0.996366
1.00147
1.00069
1.00208
1.00328
1.00337
0.99982
0.999393
1.00082
0.997922
1.00136
1.00321
1.0039
0.995296
1.0016
1.00268
0.998945
1.00165
1.00348
1.00036
1.00346
1.00032
1.00026
1.0023
1.00025
0.997985
1.00074
0.998529
1.00002
0.998407
1.00011
0.998172
1.0013
0.999408
1.00262
0.997098
1.00213
0.996932
1.00217
0.997765
0.996019
1.00342
0.999274
1.00212
1.00035
0.999392
1.00194
0.995397
0.99724
1.00262
0.99776
0.999857
1.00029
1.00141
1.0002
0.995574
1.00066
0.997694
1.00337
0.995499
1.00077
1.00374
1.00842
0.999619
1.00004
1.00348
1.00039
1.00269
0.997677
0.997675
1.00095
1.00327
0.998953
1.00159
1.00306
0.999995
1.00138
0.999512
0.997824
1.00075
1.00179
1.00353
1.002
0.998752
1.00303
0.999016
0.998968
0.995909
0.998255
1.00127
0.999249
0.999515
1.00253
1.00274
0.999884
1.00307
1.0014
0.995832
0.997994
1.00106
1.00359
1.00341
1.00049
0.998422
0.999925
0.998403
1.00417
1.00207
0.997609
1.00417
1.00359
1.00149
0.999277
1.00008
1.00296
0.996137
1.00191
0.998967
1.0028
1.00348
0.995578
1.00194
0.999986
0.997568
0.995877
0.99772
0.998817
1.00025
1.00024
1.00023
1.0017
0.999096
1.00177
1.00185
0.997839
1.00067
0.996716
1.00341
1.00416
1.00649
0.998315
1.00414
0.999103
1.00234
1.00339
1.0074
0.999878
1.00101
1.00328
1.00011
1.00049
1.00086
1.001
1.00033
1.00256
1.00143
0.999885
1.00117
1.00259
1.00317
1.00018
1.00002
1.00026
1.00103
1.00177
1.00146
1.00145
0.99867
0.999968
1.00058
1.00111
1.00117
0.995164
0.999491
0.99991
0.994415
0.996467
0.99628
1.0011
1.00146
1.00523
1.00283
0.997554
1.00159
1.00167
1.00072
1.00146
1.00588
1.00375
0.997709
0.997396
0.998074
0.997599
1.00185
0.999434
1.00569
1.00012
0.996447
1.0021
1.00065
1.00437
0.998544
0.998196
0.999777
1.00063
1.00474
0.99883
1.00185
1.00022
1.00168
0.992596
0.999416
1.00447
1.00225
0.999274
0.999827
1.00192
1.00126
0.999441
0.997607
0.999732
1.00465
1.00204
1.00422
1.00309
0.997887
1.00385
0.999017
0.9979
1.00147
0.997574
1.00105
0.999035
0.997839
1.00056
0.996992
1.00079
1.0003
1.00387
0.998936
0.999083
0.997842
1.00168
0.997605
1.0039
1.00082
1.00031
1.00256
0.999338
0.997154
1.00723
0.999405
0.996465
1.00022
0.998525
0.997774
1.00038
1.00072
0.998139
1.00137
1.00105
1.00303
1.00163
1.00078
1.00193
0.996723
0.996627
0.999059
0.998165
1.00619
1.00025
0.996906
1.00134
0.999192
1.00087
0.99615
0.998907
1.00608
1.00086
1.00336
1.00114
0.998521
0.998096
1.00294
1.00139
0.99781
1.00199
0.999511
0.998765
1.00143
0.998132
0.998677
1.00317
1.00199
0.999763
1.00464
0.99964
1.00125
0.998504
1.00254
1.00035
0.99884
1.0004
1.00231
0.99906
0.999264
1.00156
1.00162
0.998967
0.99579
1.00391
0.99767
0.999016
1.00346
1.00034
1.00822
0.998037
1.00174
0.997999
0.999124
0.997953
0.999384
1.00192
1.00014
0.994386
0.999629
0.993497
1.00285
0.995494
0.997257
1.00288
0.999337
0.998716
0.999985
0.998024
1.00398
0.999925
0.995223
0.999406
0.998929
1.00284
1.00192
0.997703
1.00227
0.997507
1.00412
1.0035
0.999435
1.0057
1.00064
0.999109
1.00193
1.00181
1.00153
0.996477
0.997892
1.00443
0.999562
0.998496
0.999321
1.00039
0.995988
0.998518
0.995771
1.00209
1.00011
0.998476
1.00021
0.998286
1.00097
0.997012
1.00116
0.997183
1.00064
0.999286
0.994322
1.00099
0.997657
0.998848
1.00526
1.00218
1.00132
1.00457
0.995493
0.998687
1.00088
1.00021
0.999161
1.0007
0.998039
1.00357
1.00108
1.00186
0.997501
1.00217
1.00356
0.998015
0.998012
1.001
0.996457
0.994881
1.00277
1.00071
0.998904
0.996588
0.998605
1.00026
0.997417
1.00492
1.00028
0.999757
1.00189
0.998535
0.99951
0.999993
0.997127
0.996043
0.999909
1.00356
0.99812
0.999887
0.997326
0.999185
1.00263
0.996505
0.998801
0.995899
0.998071
0.994724
1.00258
0.996916
0.998848
0.996442
0.999152
1.00116
0.997786
1.00191
0.997874
0.997138
0.999015
0.996458
0.99852
0.994751
0.998578
0.998605
1.00243
0.999821
1.00237
1.00387
0.998496
1.0032
1.00184
0.995226
1.00115
0.996801
1.00157
1.00096
0.997908
1.0004
1.00717
1.00388
1.00426
0.997799
1.00153
1.0016
0.997943
0.997288
0.998541
0.997761
1.00106
1.00393
1.00129
0.999013
1.00017
1.00074
0.999104
0.997694
1.00146
0.999082
0.998622
1.00221
1.00006
1.0012
0.996436
0.997626
0.997943
0.999539
1.00004
1.00093
0.999368
0.997359
0.995201
1.00121
1.00278
1.00211
1.00078
1.00256
0.998433
1.00426
0.999408
0.997764
0.998646
0.997854
0.999398
0.998373
1.00033
1.00076
1.00458
0.998882
0.999122
1.00611
0.996843
0.994677
0.996485
1.00118
0.99613
1.00328
1.00621
1.00075
1.00249
1.00009
0.999683
0.996226
1.0023
1.0007
0.996879
1.00261
1.00087
0.99835
1.00198
1.00006
0.999
1.00017
0.998346
0.998582
0.999847
1.00541
0.998823
1.00115
0.999655
0.999555
0.994427
1.00291
0.998725
1.00511
1.00064
1.00023
1.0016
0.999237
0.996272
1.00226
0.999276
0.999759
0.997649
0.997578
0.999706
1.00295
1.00002
1.00129
1.0014
1.0006
0.999435
0.995044
1.00112
1.00027
0.997907
0.995648
1.0013
1.00134
1.00005
1.00059
1.00189
1.00042
1.00405
0.998439
1.00054
1.0022
1.00157
0.996646
0.994142
1.00099
0.996411
0.998116
0.997357
0.995921
0.997546
0.999468
0.99769
0.996864
0.998725
0.997846
1.0023
0.996258
1.00251
1.00587
0.997075
0.997129
0.998331
0.999329
0.998159
1.00029
0.999556
1.00387
0.998299
1.00296
1.0003
1.00015
0.999248
0.995621
0.999781
1.00009
1.00385
0.999664
1.00229
1.00095
0.997637
1.00687
0.999671
1.00142
0.994056
1.00059
0.995475
1.00493
1.00117
0.997514
0.996779
1.00089
0.998854
0.995283
0.998373
0.99753
1.00025
0.999478
0.997593
0.999459
1.00097
0.999866
1.00308
0.999358
1.00209
1.0022
0.998085
0.998817
1.00246
0.995247
1.0011
0.99835
0.999895
1.00203
0.999461
0.999545
1.00226
1.00143
0.995594
0.998328
1.00147
0.998633
1.00384
1.00485
0.99893
0.995836
1.00182
0.998611
0.999676
1.00237
0.998191
0.996547
0.998767
1.00016
0.99937
1.00141
0.998019
0.99681
1.00022
1.00222
1.00797
1.0006
1.00089
0.998816
1.00174
1.00308
0.998194
1.00339
0.998437
1.00269
1.0001
1.00116
1.0003
0.999986
0.999472
1.00121
0.996167
1.00206
0.999218
1.00303
0.996383
0.998674
1.00159
1.00383
1.00373
0.998276
1.00103
1.00107
0.993286
1.00151
0.999694
0.998596
1.00004
0.993242
0.998298
0.999175
0.999885
1.00012
0.996772
0.999452
0.994069
1.00301
1.00139
0.998739
1.00586
0.999261
0.996517
1.0023
0.998167
1.0014
0.999194
0.997634
0.999826
0.99842
0.9997
0.998689
0.997209
1.00283
0.998605
1.00346
1.0052
1.0004
0.997571
1.00053
0.994898
1.00074
0.998618
1.00218
0.997705
1.00168
1.00488
1.00034
0.994323
1.00179
1.00114
1.00232
0.997377
1.00065
1.00055
0.997775
0.994078
0.999611
1.00061
1.00085
1.00417
1.00088
1.00066
1.00328
0.998894
0.997415
0.997744
0.996251
0.999958
0.999332
0.99659
1.00101
0.995887
1.00217
0.994611
0.998186
1.0018
0.999698
0.998324
1.00229
0.999935
1.0011
1.00269
0.999053
1.00129
1.00039
1.00341
1.00121
0.998616
0.999939
1.00016
0.99986
0.999986
0.997989
0.994623
1.00333
1.00279
0.998715
1.00463
1.00156
0.994849
0.994855
0.998578
0.99933
0.996884
1.00293
1.00047
0.999076
0.998713
0.996866
1.00123
0.999538
0.999163
0.998817
0.99838
1.00174
0.997212
1.00396
1.00213
0.998271
1.00105
0.997385
1.00078
0.998408
1.00196
1.00352
0.995724
0.996286
0.996476
1.00102
0.995825
0.998371
0.997677
0.996527
0.998388
1.00226
0.994298
1.00245
1.00163
1.00271
0.998919
1.00332
0.995581
1.00034
1.00302
0.999567
0.997763
0.999293
1.00168
1.00311
1.00015
1.00023
1.00057
1.00267
0.999842
1.00241
1.00488
0.997176
0.999142
0.998089
0.999349
1.00089
1.00167
0.995819
0.997606
0.997167
0.999922
0.99666
0.996465
1.00097
0.998552
1.00023
0.995906
1.00293
0.99927
1.00684
1.00226
0.999096
1.00102
1.00056
1.00171
0.997368
1.00098
1.00371
0.996571
1.00371
0.99723
1.00053
1.00053
1.00014
0.997213
0.999197
0.999177
0.997821
1.00041
0.995472
0.997222
1.00049
1.00203
0.997686
0.998219
0.998621
1.00582
0.996302
1.00353
1.00137
0.999743
0.995696
1.00248
0.996723
0.997717
0.997599
0.996571
0.998954
1.00352
1.00165
0.999653
1.00566
1.00177
0.998487
0.99948
1.00194
0.998633
0.994947
0.999862
0.997968
0.998502
1.00269
0.999782
1.00085
1.0054
1.00278
1.00071
1.00157
1.00208
0.999887
1.00245
0.997344
1.00234
1.00092
1.00106
1.0023
0.999328
0.997591
1.00092
0.997985
0.999903
1.00109
1.00324
1.00402
1.00819
1.00211
1.00066
1.00331
1.00109
1.00157
1.00544
1.0015
0.996917
0.999572
1.00015
1.00062
1.00195
0.996999
0.99857
0.999115
0.997114
0.997642
1.0058
0.999366
1.00489
1.00269
1.00335
1.00064
1.00191
0.999103
0.999146
0.995708
1.0027
0.998687
0.997923
0.997019
0.999426
0.997694
1.00042
0.995359
0.994468
0.995693
0.998782
0.999227
0.998198
1.00226
1.00034
0.995949
0.999426
1.00035
1.00317
1.0034
1.00035
1.00059
0.997562
1.00179
0.998499
0.998598
0.99656
1.00017
0.998894
1.0028
0.999976
1.00082
1.0007
1.00002
0.997027
0.995738
0.99942
0.99783
1.00158
1.00199
0.99176
0.998878
0.998285
0.996187
1.00102
1.0042
1.00174
0.999203
0.99644
1.00004
0.995375
0.9997
0.999866
1.00455
1.00273
0.999649
1.00042
0.997975
1.00102
1.00203
0.996512
1.00259
1.00123
0.997614
0.996096
0.998251
1.00048
0.998891
0.999502
1.00008
0.998375
0.999783
0.995992
1.00399
0.999336
0.998306
0.998983
0.996746
1.00094
0.997723
0.996588
0.998538
1.00152
1.00209
0.999493
1.00186
1.0017
0.998373
0.996825
0.998322
1.00155
1.00163
0.996038
1.00145
0.998114
1.00093
1.0041
0.997125
0.99825
0.995352
1.00224
1.00106
0.997742
0.999667
0.998558
1.00221
0.997587
1.00091
1.00095
0.999898
0.994837
0.99996
0.998691
1.00266
1.00354
1.0009
0.997956
0.991907
0.999811
1.00185
1.00115
0.996021
0.997788
0.998664
1.00343
0.997981
0.999776
0.997876
1.00023
0.99992
0.999376
1.00048
0.997551
0.99815
1.00175
0.995864
1.00345
1.00154
0.998053
1.0049
1.00027
0.9964
1.00178
0.995172
0.999219
1.00155
0.998174
1.00098
0.999912
0.998366
0.996773
0.999442
0.999534
1.00076
0.99804
0.994615
1.00084
1.00214
1.0064
0.996128
1.00011
1.00274
0.996751
0.999664
0.996589
1.00012
0.99804
1.00013
0.998254
1.00025
0.997812
1.00001
1.00025
0.999117
0.995882
0.998453
0.992855
0.998993
0.996617
0.997962
0.999405
0.997316
1.00747
1.00147
0.997143
0.994736
1.004
0.999376
0.996941
0.998089
1.00363
0.998639
1.00144
1.00139
0.994426
1.00408
1.00174
0.999402
1.00523
0.998453
1.00067
0.996441
1.00471
1.00372
1.00227
0.995368
0.997091
1.00053
0.999491
1.00059
0.99838
0.999915
0.997831
0.996359
1.00019
0.996639
1.0012
0.998895
1.00137
1.00219
1.00257
1.00044
1.00036
0.997597
1.00134
0.998478
0.998412
0.999131
0.999432
0.999385
1.00304
0.997968
0.997105
0.996948
1.00124
1.00077
0.994809
1.00246
1.00027
1.00021
0.996352
1.0034
0.994205
0.999889
0.997678
1.00183
1.00141
1.00129
0.996109
1.00188
0.99892
0.997536
0.999532
1.00091
0.997112
0.995373
1.00554
1.00314
1.00396
1.00048
0.997222
0.998652
1.00164
0.999735
1.00037
0.997475
0.997981
0.997201
0.999005
1.00428
0.998408
0.996659
0.998866
1.00107
1.0023
0.997347
1.00262
0.999521
1.00151
1.0004
1.00143
0.998528
1.00059
1.00279
0.996542
0.999476
1.0019
1.00299
0.997745
0.999276
1.0015
0.997807
0.996999
1.00508
0.997953
1.00106
1.00042
0.998879
1.00294
0.998795
0.999881
1.00119
1.0026
0.998546
0.997757
0.999829
1.00428
1.00086
1.00147
1.00183
1.00189
0.998525
0.998676
1.00054
1.00038
0.998692
1.00028
0.999224
0.999296
1.00098
0.995381
1.00045
1.00016
0.998046
0.99971
0.999127
1.00395
0.996641
0.998711
0.99844
0.999418
1.00515
0.999858
1.00272
1.00343
1.00189
1.00215
0.99851
0.996938
1.00152
0.998126
1.00194
0.997558
1.00027
0.999424
0.999191
0.999662
0.998107
0.997965
1.00062
1.00583
0.998168
1.00193
1.00134
0.995793
0.999562
1.00181
1.00091
1.00171
1.00163
1.00348
1.00277
0.996242
0.997651
1.00255
1.0008
0.998986
0.996411
1.00354
0.998704
1.00314
1.00003
0.995175
1.00102
0.999776
0.999999
1.00224
1.00394
1.00277
0.997555
1.00031
0.997109
0.998928
1.00197
0.997727
1.00129
0.998874
1.00199
0.998815
0.995454
1.00245
0.998359
0.998548
0.999221
0.999844
1.00121
0.995327
0.999331
1.00182
1.00071
1.00284
0.998406
0.99725
1.00257
0.999745
1.00031
1.00067
1.00461
1.00369
1.0009
1.00213
0.998977
0.999124
1.00031
1.00055
1.0011
0.999951
0.998793
1.00057
0.99881
0.998906
1.00264
0.999184
0.998705
1.00205
1.00155
1.00055
1.00305
1.00102
0.999046
1.00144
1.00142
0.999638
0.998426
0.999559
1.00007
0.99976
1.00037
1.00127
1.0023
1.00072
0.996925
1.00145
0.998027
1.00012
0.999857
0.998926
1.0015
1.00297
1.00078
0.994284
1.00058
0.997268
1.00317
1.00111
1.00048
0.999229
0.998348
0.997846
0.99715
1.00482
1.00456
1.00342
0.999032
1.00035
1.00131
0.995543
1.00165
0.999059
1.00104
0.997733
0.998007
0.9978
0.999396
0.997189
1.00553
1.00197
1.0006
0.99947
0.999992
1.00089
0.998643
1.00157
1.00002
1.00004
0.999557
0.99957
1.00075
1.00545
1.00173
0.997038
0.998949
0.998937
1.00075
0.998445
1.00127
1.00044
1.00506
1.00123
1.00118
1.00296
0.998458
1.00033
0.997032
1.00053
1.0026
1.00344
1.00201
1.00334
0.996073
1.00099
0.99995
1.00532
0.999437
0.999796
0.999003
1.00258
1.00383
0.995365
0.999378
0.998778
1.00387
1.00024
1.0002
1.00171
0.998607
1.00614
0.995699
0.993889
0.999458
0.99556
0.999472
0.997725
0.99809
1.00194
0.999944
1.00214
1.00169
1.00309
1.0005
1.00121
0.996517
1.00115
1.00053
0.998992
0.999421
0.999719
0.998442
0.99956
0.998488
1.00138
0.998241
0.998445
1.00251
0.99951
1.00027
0.99544
1.00151
0.999873
1.00125
1.00394
1.00075
1.00185
0.997992
1.00116
1.00288
0.999782
0.998164
1.00443
1.00072
1.00055
1.00347
0.99739
1.0038
0.998581
0.999752
1.0012
1.0006
0.998835
1.00035
0.999316
0.999626
0.998339
0.99901
1.00261
0.99928
0.996787
1.00453
1.00025
1.00058
0.99848
0.998865
0.99944
1.00125
1.00708
1.00448
1.00217
1.00062
0.99994
0.999613
0.999573
0.996542
0.995275
0.998535
1.00587
1.00093
1.00574
0.998326
1.00259
1.00438
0.999468
1.00171
0.998578
1.00088
1.00065
1.00114
1.00255
1.00349
0.998828
0.999229
1.00246
1.0008
0.996044
0.996135
1.00314
0.997216
0.994866
1.00034
1.0019
1.00045
1.00345
0.993901
1.0013
0.998418
0.996052
1.00262
0.999685
0.998406
0.999654
1.00025
0.994698
0.999501
1.00071
0.996851
0.995226
1.00066
0.996285
1.00238
0.998316
0.996275
0.999105
0.999198
0.998231
1.00037
1.00105
1.00462
1.00131
1.00197
0.998351
1.00331
0.999926
0.998043
0.999829
1.00051
1.00169
1.00024
0.995193
0.998727
1.00117
0.998636
1.00163
0.994587
0.996687
1.00275
1.00223
1.00211
0.995498
1.0014
1.0031
0.998293
0.99772
1.00222
1.00043
0.998932
1.00112
1.00018
1.00159
0.99836
1.00468
0.998258
1.00216
1.00235
0.998601
1.00014
1.00002
0.99808
1.00058
0.999731
0.999231
1.00157
1.00147
0.997939
0.999057
0.998656
1.00386
0.999307
0.998158
0.995678
0.999484
0.995976
1.00433
1.00029
0.998037
0.999412
0.995293
0.998409
1.00189
0.999946
0.99762
1.00337
1.00143
1.00103
0.999436
1.00183
0.998302
1.001
1.00273
0.997982
0.999363
1.00199
0.99892
0.996702
1.00194
1.00127
1.00358
0.999744
0.998227
1.00135
0.997034
0.999026
1.00036
0.997516
0.997264
0.995968
1.00314
1.00383
1.00386
1.00434
0.997615
1.00165
0.995868
0.996644
1.00169
0.999498
1.00349
1.00186
0.99788
0.997353
1.00103
0.999391
1.00033
1.0025
0.996782
0.998366
1.00226
1.00411
0.99811
1.00065
1.0044
0.998178
0.999747
1.00041
0.998289
0.999797
0.999089
0.994767
1.00171
1.00253
0.997365
0.99837
1.00072
1.00334
1.0013
1.00017
0.999343
1.00224
1.00034
0.998962
1.00152
0.997451
0.998461
0.999425
1.00229
0.999108
0.999202
0.997802
0.998296
1.00021
1.00235
1.00072
1.0012
0.999244
0.998624
1.0009
1.00104
1.00187
0.998835
1.00051
1.00143
1.00122
0.999407
0.998631
0.997608
1.00389
0.997081
0.998941
0.998649
1.00114
1.00113
0.99967
1.00474
1.00044
0.998884
0.998249
1.00053
0.997788
1.00179
1.00206
1.00262
0.998571
0.994366
0.999766
0.998295
0.995178
1.00104
0.999014
0.998168
1.00074
1.00384
0.99933
0.992552
1.00162
1.00096
0.998233
1.00271
1.00246
1.00396
0.995595
0.999976
1.00173
0.999178
0.9985
1.00069
1.00146
1.00215
1.00217
0.998893
1.00345
1.00078
1.00173
0.998884
0.999899
1.00181
0.998331
1.00061
1.00482
0.99726
1.0013
1.00025
0.998568
0.997707
1.00347
1.00388
1.00248
0.996319
1.00057
1.00155
0.99865
1.00118
1.00085
0.999832
0.993994
1.00113
1.00307
0.998437
1.00031
0.997614
1.00065
0.998879
0.99868
1.00022
0.998266
0.999233
1.00173
1.00007
1.00006
1.00075
1.00272
0.996649
1.00288
1.00037
1.00136
0.999605
0.993902
0.997124
0.999913
1.00462
1.0007
0.998705
1.00104
1.00002
1.00381
1.00187
1.00062
0.998474
1.0013
0.996479
1.00111
0.99909
1.00168
0.993729
0.997459
1.00008
0.997836
1.00151
0.995803
1.00154
1.00076
0.997933
1.0002
1.00195
0.996704
1.00427
1.0033
0.999541
1.0006
1.00105
0.997404
0.999321
1.00091
0.997493
1.00236
0.99374
0.998337
1.00291
1.00061
1.00388
0.997288
1.00249
0.997681
1.00032
1.00022
0.999579
1.00185
1.00222
1.00353
1.00228
0.999849
1.00173
0.996607
0.998662
0.998303
1.00172
0.999739
1.00176
0.998561
0.994538
0.996449
1.00157
1.00302
0.99855
0.998512
1.00173
1.00067
1.00222
1.0018
1.00258
1.00232
0.996539
0.998378
0.99954
1.00097
0.997996
0.999048
1.00079
0.99782
0.998536
0.999159
1.0008
1.0022
1.00191
0.999109
1.00492
0.998706
0.998279
0.998986
1.00057
0.996091
0.999032
1.00256
1.00119
1.00312
1.00167
1.00073
1.00284
0.999881
1.00473
0.997741
1.00452
1.00249
0.996214
0.998582
1.00431
0.996486
1.00018
0.999988
1.00074
0.998632
1.00014
0.997623
1.00289
1.00132
0.999005
1.0017
0.9986
1.00355
1.00069
1.0008
1.0027
1.00133
1.00176
1.00148
0.997259
1.00225
1.00348
0.997108
0.999317
1.00103
1.0016
1.0006
0.998327
1.00005
0.999558
1.00046
1.00184
1.00003
0.999849
1.00098
0.998661
0.997136
1.00067
1.00226
0.999309
1.00187
1.00178
1.00088
0.998316
0.998599
1.00441
1.00106
0.998557
1.0005
0.998624
0.997239
1.00162
1.00128
1.00264
1.00131
0.996227
1.00046
0.999386
1.0009
0.999809
0.995735
0.997383
0.999789
1.00034
0.997583
0.999788
1.0005
1.00046
0.995317
0.998003
1.002
1.00051
1.001
0.998786
0.998925
1.00126
0.998185
1.00352
0.998685
0.996901
0.99968
1.00077
0.998479
0.999004
0.997817
1.00219
0.99921
0.997486
0.996416
1.00281
0.994035
0.999516
0.996614
0.996433
0.999173
1.00001
1.00517
0.998649
1.00072
0.99881
0.998978
0.998043
0.997538
0.998832
0.998519
0.994363
0.996315
0.996635
0.998981
0.999328
0.997894
0.999509
0.998946
1.00452
0.996415
0.99876
0.996848
0.999886
0.998954
0.999758
1.0034
1.00079
1.00058
0.995114
1.00125
0.997836
1.00042
0.998565
1.00125
0.997092
0.998342
1.00014
0.99474
1.00142
0.994616
0.996587
0.997919
0.999206
0.999593
1.00342
1.0011
0.999783
0.996928
0.99838
0.995959
1.00217
1.00401
1.0003
1.00076
1.00734
0.997137
1.00186
1.00057
1.00321
0.999972
0.999193
0.999186
1.00135
1.00213
0.996494
1.00116
0.997147
1.00035
1.00198
0.998285
0.999189
1.00063
0.997966
1.00118
0.997503
0.998949
1.00166
1.00108
0.999543
0.997879
0.999812
0.99747
1.00136
0.995687
0.998516
0.997669
1.00238
0.999184
1.00032
0.99348
0.998119
1.00356
1.00335
0.999224
1.0057
1.00295
1.00337
0.998746
0.999394
0.998309
1.00318
1.00692
0.997754
1.00027
0.997508
1.00269
1.00059
0.999734
1.001
0.995841
1.0006
1.00253
1.00164
1.0073
1.00516
0.99996
1.00375
1.00064
1.00434
1.00553
0.997658
1.00127
1.00304
0.998366
0.995255
0.999158
0.996717
1.00077
0.999616
0.996061
0.998248
0.999016
0.995001
1.00042
1.0029
0.998905
1.00349
1.00654
1.00532
0.997607
1.00477
0.998103
1.00173
0.998216
1.0015
0.996719
0.999905
1.00243
0.9972
0.995648
1.00031
1.00037
0.997671
0.998251
1.00198
0.999555
0.993229
0.998939
1.00242
1.00054
0.998424
0.999166
1.00143
1.00327
1.00305
1.00146
1.00252
1.00256
1.00052
0.995703
1.00263
0.998235
1.00247
0.995755
0.997378
1.00316
1.00334
0.99549
1.00078
0.997086
0.998924
0.996795
0.99435
1.00406
1.0027
1.00464
0.997422
0.999191
0.998694
1.00154
0.999207
0.996405
0.999983
0.996684
0.999097
0.996853
1.00293
0.995019
1.00066
1.00012
1.00065
0.998497
0.997528
1.00058
0.996065
1.00118
1.00121
1.00053
1.00002
1.00155
0.998596
0.998998
1.00279
1.00211
0.998414
0.998562
0.999618
1.00098
0.996247
1.00233
0.997545
0.999629
0.996731
1.0033
0.999325
1.00187
1.00201
0.998503
1.00096
0.996611
0.99988
1.00115
1.00143
1.00194
0.999168
1.00229
0.998986
1.00637
1.00362
1.00002
1.00071
0.998095
1.0007
1.00651
0.998612
1.00055
1.00217
1.00226
0.997987
0.996842
0.996662
1.00113
0.999918
1.00222
0.99716
1.00324
0.999321
0.996972
1.00388
0.996762
1.00706
1.00093
1.00053
1.00224
0.996796
1.00111
1.00561
0.999885
1.00045
1.00331
0.999019
0.998654
0.998089
1.00148
0.999498
0.998401
0.998122
1.00372
1.0003
0.995668
0.999517
0.999895
1.00471
0.996987
0.997258
0.999508
0.99772
1.0028
1.00171
0.998442
1.00124
1.00073
1.00391
1.00154
0.999673
0.999639
0.997679
0.997447
0.996024
0.999234
0.99635
1.00007
1.00111
0.99746
0.998506
1.0011
1.00446
0.999431
0.996073
1.00095
1.00018
1.00232
1.00029
1.00136
1.00166
1.00257
1.00221
0.9985
1.00082
0.995889
0.999997
1.00354
1.00746
0.996214
0.998462
0.998534
0.995191
0.999642
0.999527
1.00547
0.995171
1.00082
0.999231
1.0047
0.998438
0.998218
0.999699
0.999016
0.996514
0.997843
1.00111
1.00385
1.00337
0.998664
0.995287
0.997831
1.0011
0.99717
0.999872
0.996265
0.995656
1.00112
0.997839
0.998479
1.00313
1.00146
1.00028
1.00018
0.999727
0.999776
0.999683
0.997466
0.997683
1.00155
0.999763
1.00031
0.998733
0.99577
0.999743
0.998693
0.999279
0.999639
0.997468
1.00491
0.999542
1.0013
1.0022
1.00097
0.997577
0.996708
0.99624
0.999983
1.0012
0.999585
1.00227
0.997487
0.999058
1.00062
1.00083
1.002
1.00171
0.998368
0.996362
1.00248
1.00226
1.00212
1.00446
1.00486
1.0005
0.998259
1.00363
1.00368
0.998392
0.999485
1.00167
0.999756
1.00206
1.00116
1.00344
0.99608
1.00127
1.00294
1.00174
1.00108
1.00207
0.999101
0.999831
1.00151
1.00011
0.996496
0.997043
0.995348
1.00008
1.0012
0.997025
1.00026
1.002
0.997103
1.00335
0.999627
0.99992
1.00075
0.996193
1.00248
0.999388
0.998635
0.996751
1.00163
1.00227
1.00029
0.99797
0.99998
1.00125
0.996224
1.00068
0.998166
0.997211
0.999166
1.00084
1.00382
1.00399
0.999737
1.00116
1.00155
1.00142
0.996647
0.994967
0.997626
0.997604
1.00093
1.00052
1.00071
1.00311
0.995549
0.997982
0.998828
0.999299
1.00082
1.0022
0.994749
1.00141
1.00158
1.00284
1.00116
1.00012
0.996024
1.00156
1.00189
1.0009
1.00254
1.0005
1.00074
0.99868
0.994406
0.994243
1.00052
0.997442
1.00011
0.998999
0.99735
0.995094
1.0014
0.996509
0.997696
1.00064
0.998755
1.00103
0.998581
0.997694
1.00161
0.995145
1.00165
1.00275
0.997082
1.00132
1.00363
1.00098
0.99939
0.996731
0.996549
0.998454
1.00152
0.996484
0.995879
0.997635
0.999445
1.00453
0.999034
0.998332
1.00002
1.00027
0.999265
0.994826
1.0018
1.00289
0.998315
1.00313
1.00125
1.00348
1.0033
0.999846
1.00053
0.997405
0.998182
1.00046
1.00042
1.00161
0.996846
0.999935
0.999869
0.998404
0.998053
0.998444
0.99636
1.00276
0.995335
0.998406
1.00022
0.997029
0.999875
0.997701
1.00209
1.00582
0.994569
0.999857
1.00133
0.998165
1.00056
0.999424
1.00189
0.997384
0.995977
1.00142
0.995553
0.998183
0.998564
0.998845
0.999157
1.00028
1.00095
1.00155
1.0017
0.996715
1.00058
0.997502
1.00182
0.999596
0.999628
1.0012
1.00278
0.999032
0.999841
1.0001
1.00166
1.00002
1.00338
0.998784
0.999991
1.00255
0.997421
1.00462
1.00137
0.999828
0.9914
1.00175
1.00187
0.993689
1.00068
1.00159
1.00335
0.998598
1.00335
1.00014
1.00043
0.997873
1.0011
1.00019
0.99927
0.997005
1.00203
0.996283
1.00025
1.00336
0.999767
0.995143
0.99659
0.998467
1.00318
0.997305
0.996084
1.00072
0.998732
1.00062
0.998187
0.995278
1.00421
1.0009
1.00203
1.00067
0.998725
0.997156
1.00112
0.998966
0.99847
1.00283
0.99821
0.998159
0.997335
1.00332
0.99884
1.0004
0.999625
0.998625
0.998717
1.00177
0.998833
1.00083
0.999431
0.99992
1.00008
0.999227
1.00019
0.998519
0.996427
0.997352
0.99731
1.00397
0.999293
1.00247
0.999345
1.00147
1.00116
1.00051
1.00331
1.0007
1.00302
1.00227
0.999009
1.00106
1.00283
0.996177
1.00448
0.996315
0.998864
1.00095
0.99744
0.999981
1.00067
0.999756
1.00392
0.996714
1.00358
0.995564
1.00364
0.998729
0.998629
1.00265
1.00473
1.00209
0.99854
0.998883
1.00375
0.997265
0.998802
1.00072
1.00088
0.998061
1.00165
1.00084
0.998862
1.00082
0.998818
0.998776
1.0032
0.997489
1.00281
1.00117
0.996936
0.997391
0.998068
1.00024
0.996852
0.999075
0.99999
0.998081
1.00106
0.994916
0.997849
0.997542
0.999852
0.999363
0.998306
1.00076
0.996822
0.999034
0.998506
0.996712
0.992305
0.999509
0.998934
0.995819
1.00151
1.00116
0.997677
1.00295
1.00195
1.00054
1.00104
1.00004
0.999818
1.00033
1.00478
0.997045
1.00188
1.00273
0.99755
0.995639
1.00378
1.00201
1.00017
1.00068
1.00192
1.00184
0.998602
1.00267
1.00495
1.00307
0.998928
1.00142
0.997522
0.999246
0.999084
1.00027
1.00249
1.00152
1.00008
0.998612
0.99707
0.996767
1.00404
0.999467
0.999815
1.0029
0.99949
1.00265
0.996331
1.00254
1.00213
1.00022
0.999183
0.995607
0.998795
1.00259
0.996614
1.00304
0.999896
0.996331
1.00051
1.00238
0.998527
1.00044
1.00171
1.00342
0.999452
1.00212
1.00271
1.00135
1.00229
0.997875
0.997124
0.994677
1.00171
1.00288
1.00005
0.998585
1.0028
0.997515
0.998708
0.999571
1.00426
0.996674
1.00165
0.998929
1.00016
1.00248
0.998125
0.997696
1.00227
0.99827
1.00114
0.997996
0.996082
0.999594
1.0016
1.00453
1.00105
1.00071
0.995248
0.999063
0.994957
0.998682
0.998755
1.00093
1.00079
1.00059
0.994903
1.00272
1.00178
0.998825
1.00227
0.999279
0.996645
1.00036
0.999825
0.999288
0.998355
1.00395
1.00098
1.00116
1.00149
1.00018
0.997575
0.997498
0.997443
1.0004
0.997623
1.00002
0.999813
0.998807
1.00282
1.0055
1.00029
0.999615
0.998725
1.0002
0.999942
0.996343
0.994637
0.997007
1.00106
0.997791
1.00479
0.995209
0.999138
1.00266
1.00131
1.00099
1.00378
0.995146
0.997517
1.00109
1.00189
1.00399
1.00468
1.00468
1.00133
1.00003
0.998148
0.996962
1.00614
0.996337
1.00076
0.998723
0.996833
0.994514
1.00432
1.00132
1.00015
1.00084
0.996827
1.00282
0.997173
0.99678
0.994808
0.999337
1.00317
1.00543
1.00135
1.00527
1.00117
1.00122
1.00295
0.99468
0.998925
1.00037
1.00044
1.00068
0.998152
0.999556
0.998309
0.996834
1.00204
1.00313
1.00451
0.998721
0.99881
0.996868
0.999924
1.00382
1.00334
0.99196
1.00002
0.998921
1.00051
1.00016
1.00276
1.00159
1.00212
0.999785
0.998612
0.995999
0.99829
0.998521
0.995878
1.00217
0.999683
1.00196
0.999675
0.99727
1.00106
0.998913
0.995626
0.996983
1.00168
0.997502
0.998992
0.999255
0.998805
1.00014
0.999726
1.00297
0.994568
1.00085
1.00346
0.992417
1.00021
0.995564
1.00328
1.00388
1.00172
1.00311
0.999001
0.998465
0.998331
1.00517
0.994168
0.999361
0.999557
0.999626
1.00054
0.999721
0.996073
1.00339
1.00272
1.00106
1.00085
0.995532
1.0041
0.997927
0.997605
1.00206
0.996268
0.999439
1.00011
0.999221
1.00263
1.00038
1.0053
1.00309
0.997955
1.00176
0.997602
1.00103
0.996733
1.00117
1.00004
0.998235
1.00018
0.998677
0.998711
0.998451
1.00345
1.00098
0.996224
1.00106
1.00307
1.00202
0.998403
0.997515
0.996456
0.999288
1.00166
1.00281
1.00279
0.997961
0.996699
0.998137
0.998743
1.00168
1.00449
0.995531
1.00226
1.00071
1
1.0009
0.999434
1.00226
1.00176
1.00004
0.998458
0.995562
0.997713
0.998284
0.997958
0.997805
0.997695
1.00116
1.00366
1.00382
0.993171
1.00143
1.00151
0.997133
1.00141
1.00139
0.999167
0.997295
1.00043
0.99784
1.00215
0.998295
0.997027
1.00021
0.998556
1.00135
1.00051
0.999391
1.00005
0.99899
1.00161
0.997579
0.997039
1.00191
0.999275
0.999889
1.00362
0.998613
1.00053
0.997419
1.00176
0.998855
0.999359
0.997028
1.00025
0.999797
0.999748
0.996813
1.00019
1.00116
0.997743
0.997283
1.00043
1.00146
0.994554
1.00078
1.00056
1.00565
1.00514
1.00371
0.998201
1.00027
1.00053
1.00292
0.996495
0.999482
1.00418
0.998686
0.99832
1.00119
1.00322
1.00126
0.998955
0.993548
0.995396
1.00211
1.00213
0.997191
1.00322
1.00181
1.00124
0.999473
1.00201
0.994718
1.00057
0.999892
1.00395
1.00149
1.00052
1.00178
0.998962
0.997033
0.99954
1.00404
0.998001
1.00018
1.00045
0.999591
0.999354
0.999312
1.00252
0.999092
1.00335
1.00024
0.995342
0.995897
1.00383
1.00103
1.00333
0.99178
1.00104
0.998491
1.00095
1.00038
0.997964
0.999766
0.999274
0.997547
0.999931
1.0003
1.00112
0.997194
1.00055
0.999697
0.999613
0.994856
1.00207
1.00152
0.995766
1.00155
1.00023
1.00331
1.00201
0.997103
1.00214
0.996577
1.00183
1.0002
0.997088
0.997577
1.00245
0.995836
1.00067
0.996543
0.996282
1.00096
0.999444
0.999394
1.00154
0.99865
1.00022
1.00176
1.00207
0.99639
1.00165
1.00419
1.00073
1.00045
0.999186
0.996622
1.00001
1.00175
0.996195
1.00232
0.998557
1.00195
1.00137
1.00354
1.0017
1.00286
0.9979
1.00032
0.998398
0.996516
0.996812
1.00094
0.996304
0.998848
1.00057
0.996513
1.00317
0.999793
1.00367
1.00059
1.00283
1.00082
0.998802
1.00113
1.00265
1.00014
1.00355
0.99899
1.00148
1.0012
0.995781
1.00085
0.996939
1.00458
1.00241
1.00181
0.998381
0.99826
1.00052
0.997735
0.994834
0.994129
1.00302
0.998136
1.0006
0.998498
1.00048
1.00112
1.00172
1.00273
1.00137
1.00116
0.999041
0.994839
1.00301
0.99865
1.00263
1.00371
0.995678
0.999519
1.0017
1.00512
1.00155
1.00301
1.00052
0.998012
0.999133
0.999761
1.00031
1.00486
0.99251
0.995351
1.00172
1.00195
0.994194
1.00301
1.00169
0.997963
1.00332
0.997433
1.00177
0.998018
0.999706
1.00079
0.9958
1.00196
1.00144
0.997717
1.00548
1.00272
1.00104
0.999776
1.00339
1.00185
0.99898
1.0001
0.998452
0.997808
1.00348
0.999011
1.00099
0.998919
1.0022
1.00127
1.00245
0.999847
0.997772
1.00013
1.00373
0.996359
0.997928
1.00062
0.999053
0.998918
1.00125
0.997461
0.999434
1.00143
0.99606
0.995218
1.00093
1.00485
1.00025
0.999342
0.998287
1.00351
1.00121
1.00065
0.996781
1.00254
1.00066
0.99926
1.0008
0.999956
1.00543
1.00039
0.995552
1.00221
1.00321
0.997066
1.0004
0.999358
0.99784
1.00172
0.999854
0.996556
1.00184
0.99952
0.997267
1.00213
1.00622
0.99904
0.996756
1.00345
1.00268
0.998009
0.996856
0.996414
1.00042
1.00012
1.00289
1.00035
1.00445
1.00257
1.00042
1.00313
1.0004
0.999971
1.00113
0.998121
0.999684
0.999476
1.00068
1.00157
1.00431
0.999107
0.99678
0.99927
0.999559
0.998355
0.999655
1.00195
0.999347
0.997244
1.00064
0.998386
1.00072
0.996919
1.00146
1.00461
0.999936
1.00195
1.00189
0.996655
0.999503
0.998319
0.999242
0.998484
0.998252
1.00037
1.00595
1.00475
0.998627
0.999561
1.00118
1.00451
0.996247
1.00001
0.999249
0.998115
0.997541
0.996703
0.997824
0.998189
1.00465
0.999176
0.998042
0.996627
0.998395
0.998693
1.00141
0.998525
0.99668
0.995665
1.00685
1.00173
0.999469
0.993965
0.999199
0.998613
0.996209
1.00076
1.00172
0.997681
0.998308
1.00108
1.00141
0.997811
1.00062
0.997598
0.998864
1.00167
0.998007
0.998012
1.00248
1.00077
0.995219
1.00055
0.999824
0.994218
1.00182
0.997278
0.997349
1.00116
1.00424
0.999615
0.999946
0.998075
1.00109
0.999458
0.999899
0.995811
0.998914
0.999942
0.998256
1.00104
1.0031
1.00327
1.00254
1.00177
1.0023
1.00013
0.997497
0.996128
1.00169
0.99876
1.00393
0.997459
1.00288
1.00142
0.997056
1.00039
1.00274
1.001
1.00196
1.00246
1.00514
1.0003
0.994994
0.999255
0.997331
0.997643
0.998177
0.998888
0.998397
0.999489
1.00572
0.995298
0.998637
1.00107
1.00127
1.00314
0.994849
1.00245
0.999128
1.00263
1.0013
1.00161
0.998955
1.00218
1.00425
0.995569
0.999063
1.00344
0.99727
1.00048
1.00138
0.99584
0.999337
0.996573
1.00065
1.00155
0.999887
0.997811
1.00158
0.99968
1.00062
1.00121
1.00278
0.9993
1.00027
0.997006
0.999211
1.00214
0.998713
1.0013
0.997966
1.00268
0.997431
1.00306
1.00235
0.997231
0.998059
0.999497
0.995913
1.00134
1.00372
0.997499
0.998979
1.00238
1.00303
1.00416
0.999861
1.00245
0.994713
1.00022
0.996992
1.0062
1.00053
0.999516
1.00125
1.00245
0.999743
0.998763
1.00221
0.999372
1.00114
0.995181
0.999955
0.99783
0.999305
1.00318
0.996987
0.998829
1.00155
0.99839
1.00008
0.99703
1.00104
1.00049
1.00116
0.999462
1.00129
0.998168
1.00011
0.998824
1.0044
0.99795
1.00045
0.999068
1.00037
0.998434
1.00317
1.00223
0.99943
1.00235
0.997283
1.00063
1.00001
1.00137
0.996958
0.999425
1.0038
1.00174
0.997571
1.00215
0.997578
1.00435
0.99804
0.998093
1.00053
0.998978
1.00172
0.996331
0.997594
0.997706
0.998902
1.00329
1.0006
0.998248
0.999705
0.999401
0.996677
1.00231
1.00016
0.998757
1.00277
0.998022
1.00217
1.00505
1.00116
0.999717
0.999178
0.998447
0.998878
0.997902
0.997958
0.999819
0.99584
1.00308
0.998331
1.00027
0.999686
1.00077
0.999201
1.00173
1.00027
1.00108
1.00084
1.00462
0.999693
0.998759
0.998462
0.997918
1.00197
0.996053
1.00206
0.998348
1.00157
1.00091
1.00079
0.997943
0.996755
0.997843
0.996648
0.996789
1.00179
1.00373
1.00054
1.00328
0.998227
0.999318
0.998425
0.998237
0.998489
1.00293
1.00233
1.00253
0.998383
1.00703
1.00021
0.999788
1.00176
0.994611
0.999093
1.00338
1.00199
1.00002
1.00039
1.004
0.99832
1.00034
1.00109
0.999727
0.999169
1.00322
1.0026
0.997697
1.00354
0.997952
1.00089
0.999659
0.99659
1.00005
1.00355
1.00126
1.00123
1.00321
0.997427
1.00458
0.996967
0.996645
1.00086
1.00041
0.997862
0.997385
1.0029
0.999209
1.00082
0.999654
1.00129
0.996885
1.00112
1.00048
1.00103
0.999849
1.00376
0.99926
0.99983
1.00248
0.997921
1.00025
1.00064
1.00052
1.00217
1.00149
1.00317
0.999276
0.999702
1.00408
1.00264
0.99918
0.996176
1.00206
1.00008
1.0002
1.00074
0.998994
1.00096
0.999349
1.00015
0.997558
0.997207
1.002
0.996937
0.998161
0.999866
1.00235
0.999278
1.0025
0.998293
0.997673
0.999108
1.00262
0.999527
0.998888
1.00055
0.995773
1.00419
0.999896
0.998291
0.998665
0.997877
0.999756
0.999383
0.997648
0.996863
0.999694
0.996831
1.00179
1.0042
1.00061
1.00311
1.00139
0.998916
0.999525
1.00499
1.00088
1.00155
0.999936
1.00105
1.00511
0.999211
1.00079
1.00477
0.998138
1.00049
1.0002
0.996236
0.997573
1.00231
1.00427
0.999605
1.00058
1.00041
1.00017
0.997669
0.994577
1.00181
1.0004
1.00488
0.99831
0.998271
1.00127
0.996734
0.995176
0.996957
0.997007
0.999137
1.00073
0.999072
0.997916
1.00181
1.00055
0.998886
0.998236
0.997991
1.00469
1.00169
0.994304
0.996333
0.999743
0.998265
1.00264
1.00117
0.999054
1.00076
0.998187
1.00264
1.00118
0.999499
1.00298
1.00288
0.997363
1.00006
0.999167
0.995803
1.00184
1.00162
1.00141
1.00438
1.00066
1.00282
1.00065
0.994323
1.00001
0.994218
1.00194
0.992364
0.999087
1.00429
0.999299
0.994683
0.998416
0.999623
0.998854
0.998697
0.999845
1.00317
1.00032
0.997449
1.00056
1.0004
0.998529
1.00316
0.99867
1.00042
1.00406
0.999903
0.996802
1.00309
0.998764
0.997596
1.00442
1.00517
1.00205
1.00301
0.999817
1.00056
0.99647
1.00066
0.998392
1.00131
1.00079
1.00485
1.00555
0.999036
0.999823
1.00261
1.00212
1.00076
0.99791
1.0009
0.997228
1.00449
1.00557
1.00198
1.00142
0.998949
1.00272
0.999406
0.999689
1.00079
0.995421
0.999024
0.998843
0.999512
1.00239
1.00315
1.00269
1.00266
1.0016
0.999978
1.00366
0.998959
0.999209
1.00493
1.00332
0.998862
1.00665
1.00494
1.00064
0.999888
0.998418
0.995886
0.997718
1.0001
0.998076
1.00205
0.99975
1.00294
0.998565
0.997416
1.00253
0.998329
0.994377
1.00028
0.998237
1.00237
0.997508
1.00295
1.00165
0.999883
0.996473
0.999433
1.00037
0.997258
1.00452
0.99916
1.00081
0.999614
1.00159
0.996227
1.0031
0.999143
1.00463
0.999983
1.00101
0.99943
1.00177
1.00104
1.00098
1.00023
0.999041
1.0014
1.00158
0.998094
0.999469
0.990982
0.998615
1.00027
0.997487
0.996136
1.0002
1.00008
1.0012
1.00169
0.999616
0.997177
1.00139
1.00206
0.999563
1.00048
0.998037
1.00146
0.999408
0.997737
0.999907
0.993513
0.998011
0.999919
0.996855
0.99998
1.00132
1.00431
0.995001
0.998186
1.00319
1.00126
1.00015
0.999305
1.0011
0.999832
1.00493
0.997806
0.995739
0.998866
1.00065
0.999116
1.00254
1.00173
0.995938
1.00092
0.998562
0.998237
1.00057
0.996213
0.996786
1.00125
1.0017
1.00196
0.995107
1.00269
1.00378
0.999435
1.00347
1.00183
1.00206
1.00545
1.00073
1.00039
1.0078
1.00261
1.00048
1.00003
0.999036
1.00054
0.99911
0.998976
0.997458
1.00147
0.998232
0.994742
1.00228
1.00219
1.00068
1.00102
0.999922
0.998159
1.00376
1.00152
0.998419
1.00177
0.998744
1.00271
1.00141
0.997053
0.9962
0.997494
0.993423
0.999488
0.99717
1.00015
1.00304
1.00409
1.00058
0.995776
1.00071
0.999099
0.995214
1.00422
0.998565
1.00121
1.00127
1.00216
0.998335
0.999235
0.996895
1.00215
0.999284
0.999145
1.00294
0.998199
0.999265
0.999361
0.997727
0.999958
1.00105
1.00414
1.00054
1.00186
0.998899
0.997012
1.00365
0.995232
1.00422
0.997622
1.00235
1.00109
0.998597
0.997126
1.0017
1.00301
0.999653
0.999516
1.00286
0.996579
0.99708
0.998866
0.998668
0.998155
1.00466
0.995809
0.998873
1.00467
0.998378
0.998361
0.998387
0.997887
0.999582
1.00119
0.997594
0.996598
0.999054
1.00076
1.0007
1.00001
1.00188
1.00162
0.998462
1.00123
0.997616
0.99802
0.999612
0.997647
0.995524
0.996015
1.0008
1.00057
0.999133
1.00351
1.00042
1.00214
0.999355
1.00164
0.998287
0.997439
1.00149
1.00036
1.00141
1.0013
1.00065
1.002
0.99973
1.00309
1.00532
0.996824
1.00202
0.998535
0.99972
1.00017
1.00375
0.99699
1.00239
0.997207
1.00268
1.00169
1.00047
1.00121
1.00258
0.998854
1.00019
0.999057
1.00009
1.00016
1.00284
1.00468
0.995461
1.002
0.999758
0.999305
0.999641
1.00104
0.996461
1.00233
0.999783
0.999043
1.00016
0.998551
1.00101
1.0003
1.00083
1.00161
1.00359
1.0013
1.0038
1.00143
1.00017
1.00281
0.997975
1.00091
0.996908
0.998442
1.00112
1.00091
0.99879
0.995666
1.00333
0.996954
0.997758
1.00248
1.0037
1.00187
1.00155
1.0023
1.00001
1.00057
1.00045
0.999327
0.997531
0.996036
1.00308
1.00257
0.998461
1.00343
1.00438
1.00263
0.998676
1.00385
1.00152
1.00511
1.00041
1.00627
1.00194
0.997138
0.998873
1.00521
1.0024
1.00119
0.997911
1.00263
0.997216
0.996048
1.00529
0.998632
1.00102
1.00123
0.995845
1.00143
0.99983
0.99864
0.994802
1.00085
1.00005
0.99984
0.996904
1.00135
1.00018
1.00117
0.996562
1.00305
1.00368
1.00171
1.00306
1.00105
0.998501
0.997722
0.997769
1.00369
0.99357
0.9966
1.00365
0.999854
0.997621
0.999062
0.99924
0.994683
1.00629
0.997086
1.00002
0.998597
1.00069
0.997796
1.00354
1.00084
0.999384
1.00196
0.998642
0.994918
1.00088
0.997775
1.00103
1.00321
1.00082
0.999588
1.0003
1.00043
0.999953
1.00126
1.00237
0.997521
1.00105
1.0034
0.996523
1.00196
1.0036
1.00005
1.00054
0.998419
0.999878
0.999497
0.996766
0.99831
1.00227
0.999325
0.997941
1.00422
0.998745
1.00008
0.998513
0.998349
1.00257
1.00088
1.00351
1.00429
1.00068
0.999958
0.999953
1.00035
0.995819
0.998654
1.00328
1.00557
0.997971
1.00125
1.0022
0.99873
1.00159
1.0056
1.0014
1.00421
1.00062
1.00419
0.99529
1.00025
1.00498
1.00104
1.0029
1.00345
1.00046
1.00027
1.00383
1.0044
0.999603
0.997398
0.993954
1.00234
0.994918
1.00239
1.00121
1.00016
1.00276
1.00105
1.00154
1.00252
0.996101
1.00093
1.00342
0.999412
1.00079
0.998415
1.00412
1.00268
0.995061
0.99982
1.00173
0.998967
1.00176
0.996897
0.997661
0.998184
1.00044
0.997572
0.998897
1.00026
1.00022
1.00022
1.00149
1.00418
0.996813
0.998363
1.00019
0.998013
0.999064
1.0019
1.00063
0.998923
1.00469
1.0004
0.999187
0.998741
1.00044
1.00087
0.997027
1.00275
0.998937
1.0021
0.995035
1.00196
1.0022
1.00167
0.998715
1.0034
1.00384
1.00011
1.00298
1.00275
1.00596
0.996145
1.00158
0.999711
1.00008
1.00109
0.999421
1.00019
1.00157
1.00276
1.00114
0.997715
0.998145
1.00193
1.00263
0.998534
0.996461
1.00191
0.997144
1.00003
1.0063
1.00174
0.997695
1.00531
1.00248
1.00059
0.998084
1.00058
0.998578
0.999526
1.00057
0.998515
0.996649
1.00089
1.00007
0.997889
1.00245
1.00136
0.99622
1.00091
1.00004
1.00165
1.00194
0.995986
0.999305
1.00074
0.999918
0.997987
1.00006
1.00103
0.996837
0.998208
0.997773
0.999998
1.001
0.999759
0.998646
1.00151
0.999457
0.999838
1.00145
0.996839
0.996132
0.993575
1.00172
1.0007
1.00042
1.00396
0.999467
1.0008
1.00371
1.00174
0.995359
1.00042
1.00264
1.00171
1.00078
1.00264
0.997068
0.999291
1.00055
0.999832
0.997233
1.00085
1.00321
1.00078
1.00015
1.00508
0.99675
0.998525
1.00112
0.999171
1.00318
0.997696
0.998664
0.997583
1.00369
0.99991
0.99715
1.00353
0.99958
1.00213
0.994224
0.997552
1.00199
0.999185
1.00199
0.996838
1.00202
0.998501
0.994581
0.996551
1.00189
1.00097
1.00329
0.994914
1.00509
0.995955
1.00411
0.999128
0.998397
1.00262
1.00066
0.996941
1.00062
0.995865
1.00041
0.99882
1.00012
0.997231
0.996358
0.996699
1.00098
1.00013
1.00435
0.999562
0.997283
0.999876
0.995352
0.997047
1.00125
0.995239
0.998927
0.999293
0.998534
0.996755
1.00446
0.999784
0.998491
1.00323
1.00013
1.00019
1.00033
1.00447
0.996294
0.999529
1.00202
1.00004
0.997521
0.999459
0.999865
1.00058
1.00322
0.999684
1.00344
1.0003
1.00054
1.00226
1.0013
0.999443
0.994835
1.00284
0.999394
0.999346
0.998567
1.00033
1.00095
0.996388
0.99865
0.995303
0.998145
1.00435
0.995332
0.999233
1.00025
0.999672
1.00142
1.0015
0.995282
0.999985
0.998363
0.996114
0.995164
1.00179
1.00236
1.00468
0.998111
1.0023
1.00189
1.00172
0.995817
1.00049
1.00167
1.00057
0.998016
0.997145
1.0003
0.998291
1.00345
1.00652
0.999505
0.998354
1.00346
0.999258
0.999475
0.999099
0.999947
0.994812
0.994745
0.998873
0.999242
1.00057
1.00158
0.997211
1
1.00367
0.997526
1.00157
0.999614
0.997854
1.00114
1.00476
1.0003
0.9984
0.997676
0.99845
0.999941
0.998288
1.00495
0.998581
1.0013
1.00039
0.996715
1.00076
1.0036
1.00148
1.00072
1.00055
1.00422
1.0036
0.999395
0.996847
1.00008
1.00108
1.00494
0.998876
1.00387
0.997801
1.00195
1.0015
0.998479
0.999237
1.00025
1.00073
0.995992
0.997313
1.00261
0.997876
0.999828
1.00156
0.998578
0.997079
1.00616
1.00033
0.999276
1.00062
0.997656
0.996422
1.00168
0.997722
1.00247
0.999466
0.999087
0.998923
0.999802
1.0036
1.00067
1.00215
0.99728
0.999607
0.996076
1.00128
1.00488
1.00204
1.00084
0.996174
0.998378
0.999321
1.00224
1.00029
0.998784
1.00062
0.99879
1.00104
0.998488
0.99399
0.998048
0.997382
0.997545
1.00104
0.998299
1.00269
0.998878
0.993407
0.999983
0.998007
0.998744
1.00066
1.00456
1.00295
1.00036
0.997538
1.00378
1.00034
1.00014
1.00151
1.00458
1.00002
1.00372
1.00056
0.99992
1.00069
1.0025
0.997519
0.999802
0.998232
1.00439
0.999957
0.998409
1.00174
1.00435
0.999834
0.995164
1.00115
0.9983
0.995598
1.00619
0.997695
1.00078
1.00055
1.00091
0.998639
1.00039
1.00147
0.997641
0.998353
0.999978
1.00191
0.998093
1.00141
1.00099
0.995639
1.00239
0.999311
1.00045
0.995722
1.00271
1.00107
1.00137
0.993273
0.999886
0.998651
1.00016
0.997935
1.00205
0.996858
0.998767
0.999997
1.00026
1.00745
0.997957
1.00112
0.998139
0.999581
0.998465
0.999544
0.996463
0.998681
1.00137
1.00046
0.999572
1.00118
0.999828
0.999266
1.00173
1.00004
0.997005
1.00075
1.00204
0.999507
0.99765
1.005
1.00249
1.00088
0.999438
1.0008
1.00277
1.00039
1.00144
0.99868
0.998347
1.00542
0.997972
1.00011
0.999303
0.99706
0.99911
0.998766
0.997931
1.00165
0.995428
1.00066
1.00535
0.999328
1.00036
0.998565
0.99524
0.997508
1.00072
0.998145
0.996889
1.00143
0.999917
1.00111
1.00545
1.00226
0.999435
1.00281
1.00229
0.99777
1.00013
1.0011
1.00024
0.998025
0.998216
1.0002
0.995112
1.00025
1.0002
0.996746
1.00139
1.00524
0.999516
1.00151
0.996686
0.998765
0.999155
0.999998
0.99788
1.0056
1.00292
0.996112
1.00225
0.997618
0.996632
0.999655
1.00016
0.997685
0.999335
0.999349
1.0017
1.00388
1.00344
1.0019
0.998094
1.00063
1.00144
0.997924
1.00049
0.999835
0.998857
1.00393
0.999414
1.00139
0.99509
1.00083
0.998151
1.00011
1.00079
1.00148
1.00027
0.996076
0.998572
0.998564
1.00039
0.998525
0.992721
0.999308
1.00266
1.00299
1.0005
1.00046
1.00283
0.996641
1.00053
1.00082
0.995885
1.00227
0.999479
0.997286
0.995848
0.999635
1.00089
0.998817
0.999042
0.998615
0.996187
1.00363
0.992373
0.998032
0.998881
1.00001
1.00022
0.998934
1.00154
0.999769
0.998406
0.998107
1.00128
1.00107
1.00308
0.998819
1.00379
0.996792
1.00161
1.00297
1.00073
1.00007
1.0037
1.00174
1.00022
1.00056
1.00115
0.997696
1.00144
0.999649
1.00262
0.999985
0.997853
0.999629
0.995677
1.00597
0.998402
1.00214
1.00338
0.999723
1.00243
0.99995
0.999776
1.00054
0.997475
1.00253
0.997581
1.00031
0.998573
1.00044
0.998928
1.00359
1.00002
1.00639
1.00162
0.991998
0.994431
1.00161
1.00584
0.993531
0.998599
0.998274
0.997592
1.00188
1.00037
0.996928
1.0025
1.00049
1.00411
1.00095
1.0042
1.00196
1.00227
0.998845
1.00515
1.00023
0.998262
0.997912
0.999121
1.00256
0.998708
0.997584
0.999362
0.996911
0.999541
1.00254
1.00034
1.00241
0.999325
1.00246
1.00151
0.999133
0.999134
1.00428
1.00098
0.996949
0.999478
1.00119
1.00261
1.00091
0.997997
1.00187
0.997627
1.00035
0.999839
1.00021
1.00043
1.00188
1.00159
1.0004
0.998209
0.998451
0.998999
1.00275
0.999337
0.996218
1.00077
1.00087
1.00171
0.999843
1.00075
1.00058
1.00304
1.00004
0.997438
1.00118
0.999203
1.00384
1.00136
1.00449
1.00052
1.0031
0.998818
1.00497
1.00063
1.00176
0.995923
0.997739
0.998778
0.997718
1.00194
1.00051
1.00003
0.995701
1.00477
0.997848
0.99815
1.001
0.999884
0.998982
0.997266
0.994714
1.00014
0.999508
1.00159
0.998661
0.997689
0.996208
0.999853
0.995249
0.998622
1.0022
0.996675
0.998658
0.998947
0.999723
0.996015
0.999002
1.00329
1.0005
0.999293
1.00367
0.996332
1.00034
0.998025
1.00207
1.00173
1.00123
0.995697
1.00068
1.00532
1.00047
1.00451
1.00211
0.995397
0.997894
1.0014
0.999583
1.00209
1.00339
1.00451
1.00494
0.995541
0.99797
0.999565
0.995501
0.996711
1.00323
0.996724
0.999001
1.00336
1.0011
0.995706
0.999738
0.998577
0.997698
0.997394
0.998449
0.99973
1.00372
1.00312
1.00097
1.00225
0.999167
1.00104
0.997742
1.0007
0.999657
0.997402
0.993296
1.00508
1.00864
0.999368
0.997154
1.00088
0.994613
0.998596
1.00265
0.998066
0.996555
1.00275
0.999692
0.999183
0.99882
1.00037
1.00007
1.00334
1.00222
0.9987
1.00072
0.998251
1.00174
0.998571
1.00175
1.00209
0.999229
1.00279
0.995375
1.00289
1.00145
0.999114
1.00015
0.998846
0.998565
0.998095
1.00067
1.00171
0.995852
0.997913
0.996417
0.997337
0.997187
0.997929
1.00321
0.996061
1.00387
0.998771
1.00135
0.998643
0.996708
1.00105
0.999066
0.993955
0.99648
1.00176
1.00007
1.00202
1.00201
1.00117
0.997177
0.997307
0.997345
1.00019
1.00164
1.00011
1.00366
1.00419
1.0029
1.00089
0.999057
1.00291
1.0031
0.99929
0.991969
1.00381
1.00187
0.997031
1.00079
1.00214
0.998086
0.998461
1.00186
1.00106
0.994147
0.997774
0.999814
0.997911
0.99852
0.998523
1.0003
1.00042
1.00538
0.999064
0.99735
1.00328
1.00185
1.00285
0.996369
1.00549
0.994748
1.00213
1.00124
1.00196
1.00197
1.0015
0.996035
1.00192
0.997955
1.00513
0.996493
0.999136
1.00097
0.999563
1.00155
0.997178
1.00158
1.00133
1.00179
1.00552
1.00371
1.0005
0.998912
1.00171
0.998093
0.998104
1.0013
0.997398
0.998144
0.998358
1.00362
1.00182
0.997858
0.996214
1.00023
0.996408
0.999555
1.00305
1.00012
1.00194
0.998751
0.997185
0.99574
0.99828
0.997355
1.00165
1.00446
0.999555
1.00061
0.99752
0.998169
0.998399
0.997453
0.999822
1.0026
0.998799
1.00033
1.00136
0.998181
1.00105
0.997489
1.0016
0.999998
0.998618
1.0016
0.997816
1.00327
1.00061
1.00261
0.998506
0.998357
1.005
1.00109
0.99874
1.00104
0.999506
0.997995
0.998722
1.00076
0.997368
0.99835
0.999462
1.00229
0.996387
1.00217
0.99928
0.999503
0.997822
1.00018
0.997194
1.00048
1.00062
1.0031
0.999578
1.00097
1.00259
1.00104
1.00447
0.999156
0.996248
1.00095
1.00177
1.00489
0.993006
1.00052
0.996079
0.993387
0.998356
0.999459
1.0024
0.999425
1.00432
1.00339
0.997645
0.998381
1.00366
1.00088
1.00737
0.99733
0.996118
0.997863
1.00056
0.999217
1.00115
0.99675
1.00022
1.00383
0.998382
0.999347
0.996818
0.999374
0.998475
1.00135
0.999796
1.00364
1.00008
1.00127
1.00487
0.997902
1.0021
1.00454
1.00222
1.00075
0.999005
0.998601
1.00117
0.99815
1.00072
0.999081
0.999799
0.997223
0.999582
0.998007
1.00305
0.997489
0.998464
1.00095
0.999725
1.00152
0.999033
1.00399
1.00205
1.00135
1.0045
0.998628
0.999412
1.0001
1.00525
1.00036
1.0008
1.00112
0.995844
0.999616
0.997072
0.999647
1.00254
0.999479
1.0013
0.995899
1.00163
0.998264
1.0019
1.00033
1.00332
1.00207
1.00036
1.00755
1.0018
0.996473
0.99824
1.00103
0.997583
0.998076
0.999476
1.00184
1.00159
0.996334
1.00043
0.998437
0.997747
1.00504
0.996262
0.999328
1.00089
1.00037
1.00205
1.00466
0.999167
1.00063
0.999453
0.998234
1.00084
0.996127
0.998633
0.998899
1.00107
1.00422
0.999188
1.00512
0.997357
1.00126
0.998539
0.997172
1.00036
1.00015
1.00403
1.00133
1.00005
0.998111
0.999561
0.999538
0.995164
0.998384
1.0019
0.99835
0.994074
0.998381
0.999692
0.99587
1.0008
0.995235
0.99763
1.00534
0.996959
0.998638
1.00552
0.999775
0.995649
0.99756
1.00051
0.998221
0.99783
1.00097
1.00133
0.997813
0.999046
1.00304
1.00299
0.998669
0.996457
1.00328
1.00279
1.00062
1.00088
1.00087
0.996969
0.998938
0.997019
0.999705
0.997013
0.999399
0.997429
0.99794
1.00362
0.997746
1.00276
0.997796
0.99853
0.999595
1.00013
1.00243
1.00117
1.00075
0.999268
1.00064
1.00039
1.00305
1.00242
1.00236
1.00027
0.997481
0.997957
1.00297
0.99904
0.997307
0.998677
1.00167
0.996445
0.997076
1.00234
1.00132
1.00042
1.00048
0.999258
0.997145
0.999246
0.997153
0.99752
1.00258
0.996324
1.00392
0.99871
1.00013
1.00093
1.00026
1.00212
0.994093
1.00144
0.99954
1.00098
0.997334
1.00141
1.00107
1.00257
0.999551
1.00044
1.00055
0.999359
0.996567
0.999482
1.0034
1.00241
1.00033
1.00139
1.00002
0.998965
1.00202
0.997517
0.999188
0.999194
1.00189
0.994775
1.00339
0.995177
0.998943
0.9999
1.00037
0.999402
0.998038
1.00164
1.00136
0.99737
1.0012
0.998149
1.00079
0.997427
0.998599
1.00606
1.00219
0.998883
1.00119
0.998311
1.0001
0.998216
1.00238
0.99475
1.00275
1.00097
1.00159
0.997823
0.998527
0.999739
0.999645
1.00506
0.997793
0.999325
0.995984
1.00522
0.998347
1.00281
0.998471
0.999045
1.00357
0.999342
1.0045
1.00455
0.996841
1.00294
0.998533
0.99987
0.998948
1.00208
1.00212
0.996888
1.00083
1.00147
1.00412
1.00221
1.00265
1.00279
1.00298
1.00173
1.00462
0.997437
0.998697
1.00238
0.998708
1.00261
1.00169
0.998085
0.999612
1.00093
1.00365
1.001
0.999339
1.00184
0.999197
1.00048
0.997428
1.00134
0.998289
1.00621
0.99827
1.00225
0.997065
0.999034
0.998649
0.993803
0.99505
0.996735
0.99563
1.00231
1.00645
0.998307
1.0041
1.00004
0.999029
0.99977
0.996782
0.995844
1.00044
0.997445
0.99883
1.00049
0.997207
1.00419
1.00201
0.996468
1.00192
1.00149
1.00155
0.997776
0.997573
0.995667
1.00018
0.995865
0.999196
1.00005
1.00048
0.997365
0.999684
1.00016
1.00217
1.0009
1.00121
0.997317
0.999919
1.0012
1.00108
0.997102
0.999864
1.0011
0.998849
1.00113
1.00376
1.00194
0.997815
1.00067
0.99875
1.00233
0.997831
1.00364
1.00082
0.998719
0.999787
1.00258
0.999893
1.00145
0.995769
1.00187
0.998374
0.997246
1.00189
0.999579
1.00215
1.00104
1.00059
0.997524
0.996376
1.00001
0.997421
1.0038
1.00485
1.0062
1.00272
1.00193
0.998849
1.00016
0.99999
0.997876
1.0027
0.998675
1.00273
0.997437
0.99808
1.00207
0.997387
0.999898
1.00039
1.00095
0.99894
0.997535
1.00157
0.999457
0.997155
0.998784
1.00172
1.00349
1.0001
0.999158
0.998601
0.995983
1.00098
1.00092
0.998828
1.00126
1.00188
0.999538
1.00172
1.00154
1.00084
1.00017
0.996594
0.998927
0.997838
1.00602
0.999396
1.00032
0.996521
0.998553
0.997648
0.997021
0.995078
0.998799
0.998326
0.999816
0.99932
1.00233
0.996974
0.998668
1.0007
0.995031
0.997268
0.997659
0.997295
0.999188
0.999776
1.00484
1.00102
1.00014
1.00094
1.0002
1.00512
1.00309
0.998724
1.00136
0.994164
0.998255
1.00308
1.00258
0.995844
0.997517
1.00084
1.00215
1.00143
1.00067
1.00502
0.999192
0.999455
0.998785
1.00056
0.996145
1.00404
0.999803
1.00083
0.997927
0.998198
0.997247
1.00168
1.00261
0.999274
1.00083
0.997523
1.00454
0.999546
0.999282
1.00144
1.00273
0.997416
0.996938
1.00208
1.00283
1.00039
0.996535
1.00161
1.00065
0.996703
1.00182
0.999838
0.999317
1.00141
0.998909
0.998252
0.996865
1.0033
1.00603
0.995812
1.00452
0.999041
0.99893
1.00158
0.999958
0.998622
0.999887
0.999738
1.0021
1.00274
1.00137
0.996527
0.998861
0.998785
0.998868
0.996324
0.998436
0.999671
1.00434
0.999521
0.99856
1.00488
1.00138
1.00094
1.00383
1.00063
1.00636
0.999831
0.999192
1.002
0.998104
1.00126
0.998638
1.0006
1.00282
1.00175
1.00351
1.00283
0.999779
1.00504
1.00389
0.996905
0.998848
0.999308
0.998692
1.00118
0.999703
0.997439
0.99893
1.00047
1.00055
0.999561
1.0021
1.002
1.00222
0.998346
1.00406
1.00072
0.996615
0.994222
1.00223
0.998309
0.999761
1.0054
0.999147
1.00391
0.995585
0.999265
0.996111
0.997852
0.997149
1.00309
0.999539
0.998475
1.00364
1.00185
0.999598
0.998983
0.996109
1.00163
0.998491
1.00029
1.00198
0.998722
1.00346
0.992509
1.00164
0.997074
0.999062
0.99929
1.00003
0.997348
0.995847
1.00301
0.999659
1.00455
1.00249
0.999902
1.00458
1.00118
1.00287
1.00366
1.00185
1.00053
0.999458
1.00143
0.999993
1.00352
1.00374
1.00082
0.999683
1.00277
1.00018
0.999202
0.996166
0.998714
1.00161
0.999758
0.996263
0.999883
0.999826
0.996235
1.00028
1.00192
1.00434
0.997695
0.997371
0.996751
0.998721
0.998627
0.998516
0.99623
1.00113
1.00109
0.997616
0.999072
1.00273
0.999195
1.00379
0.99834
0.999409
1.00042
0.996315
0.998481
1.00164
1.00075
1.00019
1.00144
1.00075
0.999835
1.00107
1.00047
1.00358
1.00173
0.99947
0.99958
1.00098
1.00058
0.99602
0.999461
1.00229
1.00029
0.99584
1.00011
1.00198
0.998873
0.999484
1.00202
0.999396
1.00158
1.00228
1.00107
1.00204
1.00227
0.998991
0.999453
0.99568
1.00275
1.00124
1.00198
1.00266
0.997351
0.995685
0.997698
0.997241
1.00403
1.00008
0.997774
0.99834
0.996535
1.00228
1.00036
0.997281
1.00075
1.00245
1.0022
1.00362
1.00206
1.00033
1.00192
1.00052
0.998101
0.998563
0.999451
0.999408
1.00039
1.00046
0.997864
0.997517
1.00317
1.0032
1.0009
0.997892
0.999956
1.00632
1.00046
0.999138
0.997423
1.00136
1.00314
0.998814
1.00392
0.999711
0.992967
1.00117
0.997586
0.999086
0.997736
0.999706
0.998513
0.998565
0.998779
0.998155
1.0008
0.999194
1.00206
0.99687
0.997781
0.999198
0.995995
1.00447
0.999295
0.998463
1.00213
1.00225
0.996397
1.00333
0.997532
1.00215
0.996273
1.00369
1.00181
0.996109
1.00186
0.996711
1.00104
0.996396
1.00512
0.99846
0.995689
1.00347
1.00142
0.997582
1.00034
1.00028
1.00138
0.997437
1.00335
0.999652
1.00298
1.00042
1.00349
1.00104
1.00208
1.00009
1.0008
1.00201
1.00042
1.00214
0.995867
0.998135
1.00155
1.00023
0.996425
0.998212
1.00234
1.00621
0.996283
1.00252
1.00228
0.997528
1.00609
0.996628
0.996155
0.999019
0.998762
0.999974
0.999411
0.998505
1.00066
1.00321
0.997503
0.999259
0.99655
0.99811
0.994197
1.00372
1.00228
0.997529
0.998733
0.997039
1.00088
1.00349
1.00226
0.998669
0.999964
1.00009
1.00067
1.00326
1.00253
0.995326
0.99821
0.997001
0.999103
1.00217
1.0006
0.998417
1.00098
0.998394
1.00102
0.998075
0.999859
0.999223
0.999921
1.0033
0.997519
1.00198
1.00291
1.00066
0.998438
0.994348
0.998046
0.996848
0.997185
1.00015
1.00197
1.00029
0.99775
1.00338
0.999552
0.999192
0.999458
0.999073
0.999549
0.998583
1.00082
0.992136
0.997089
1.00233
1.00309
0.995539
1.00513
1.00067
0.998307
0.997484
1.0029
1.00089
0.997479
1.00377
0.999327
1.00316
0.996207
1.00419
0.998946
0.998514
0.997591
0.998205
0.999085
0.999248
1.00038
0.998819
0.995133
0.999541
1.00382
1.00141
0.999643
1.00072
1.00096
0.998569
1.00141
1.00131
0.996405
1.00037
1.00283
0.996606
0.999537
1.00382
0.997412
1.00173
1.00214
0.99594
0.999712
1.00305
1.00176
0.996898
0.998732
0.997655
0.999856
0.997796
1.00358
1.00156
0.999916
0.998972
1.00075
1.0015
1.00364
1.00215
1.00282
1.00235
1.00259
1.00067
0.999161
0.998074
0.997429
1.00175
0.995632
0.998401
1.00061
0.999046
0.999415
0.999818
0.998958
1.00019
0.99978
0.999355
0.998373
1.00011
1.00091
1.00406
0.999683
0.999528
1.00278
1.0015
1.00247
0.995819
1.00322
0.998525
1.00067
0.994538
1.00179
0.998726
0.998433
1.00194
0.99937
1.00083
0.997145
0.997932
0.998545
0.998383
0.999375
0.999452
1.00056
1.00375
1.0021
1.00222
1.00156
0.99777
1.00161
0.998048
1.00237
1.00377
0.999413
0.999748
0.995142
1.00323
1.00314
0.995292
1.0032
1.00114
0.99859
0.99834
0.998788
0.998638
0.997485
1.00004
1.00491
0.998922
0.994045
0.997781
0.999607
1.00031
0.998897
1.00239
0.999857
1.00179
1.00152
1.00259
0.99694
0.997649
1.00184
1.00187
0.999179
1.00543
1.00556
1.00416
1.00188
1.0017
0.999874
0.997244
0.999685
0.999693
0.997584
0.999996
1.00115
0.996402
