0.993869
0.992586
0.995596
1.00463
0.998607
0.999594
0.993968
0.997965
1.00359
0.997817
1.00122
1.00803
0.996879
0.998903
1.00063
1.00014
1.00961
0.994511
0.991402
1.00384
1.00769
1.00226
0.999544
1.00936
0.988392
0.994511
1.00492
1.00014
0.997175
1.00542
1.00818
0.993376
0.998607
0.996534
0.997965
0.990464
1.00325
0.999248
1.00112
0.994215
0.996633
1.00626
0.992241
0.989329
0.989971
0.995004
0.997768
1.00433
1.0029
0.99456
1.00068
1.00043
1.00295
0.998409
1.00428
1.00468
1.00152
0.998853
1.00492
1.00038
1.01084
1.00107
0.994215
1.00172
0.994264
1.0032
1.00053
1.00083
0.989082
0.994757
0.994461
1.00714
0.997324
0.998212
0.99377
1.00581
1.01785
1.00645
0.995794
1.00028
1.00043
0.997472
1.00537
0.992635
1.01336
1.00349
1.00843
1.01316
0.996731
1.00102
1.00078
0.993968
1.00512
1.00063
0.997274
0.994511
0.993376
0.993376
0.998853
1.00201
0.996781
1.00033
1.00818
0.9953
0.995892
1.00102
0.997916
1.00591
0.990267
1.00635
1.00068
0.989773
1.01203
0.995152
1.00734
1.00428
1.00512
0.987503
0.996337
0.999445
0.989675
1.00877
0.99836
1.00601
0.99609
0.99683
0.996435
0.999544
1.00004
1.00014
0.996386
0.997274
0.994116
0.993524
1.00246
0.996139
0.987503
1.00167
0.993919
0.992487
0.992833
0.997916
0.999791
1.00448
1.00275
0.995744
1.00384
0.991155
0.998705
1.00438
0.997225
1.00428
0.99609
1.00769
0.995991
0.99989
1.00482
1.00478
1.0069
1.00152
1.00783
0.99229
1.00946
0.996978
1.01089
1.01035
1.01568
0.992882
1.00112
0.995646
0.995547
1.00028
1.00038
0.995152
0.995646
0.998557
1.0066
1.00078
1.00611
1.00507
0.994609
0.987306
1.00522
0.996978
1.00053
1.00581
1.00719
0.994017
0.987602
0.997472
0.996139
0.99757
0.999248
0.988243
0.994313
0.996978
0.996435
0.992685
1.00448
1.00206
1.00216
1.00004
1.00576
0.995596
1.00482
1.00019
1.01568
1.00078
1.00857
1.00073
1.0026
0.994757
0.99831
0.999988
1.00014
0.995004
0.997225
0.989132
0.992093
0.99989
1.00492
1.00132
0.999643
0.99076
0.999347
0.991155
1.00083
1.00586
0.999791
1.01218
1.00907
1.00867
1.00542
1.00315
0.989082
0.997866
0.996682
0.995794
0.998261
1.0066
0.999742
1.00369
1.00038
1.00073
0.996337
1.00093
1.00221
1.00265
0.999939
0.993326
1.00349
1.00413
1.00206
0.997916
0.991402
0.992586
0.998014
1.00502
1.00606
0.993425
1.00088
1.00083
0.999199
0.99683
1.00862
0.995695
0.997817
1.00063
0.994708
1.0065
1.00507
1.00438
1.00354
1.00556
1.00542
0.999742
1.00552
0.9991
0.999939
0.995892
1.00295
1.00601
1.00433
0.996287
1.0068
1.00339
1.00206
1.00251
1.00201
0.993919
1.00255
0.999742
0.997472
0.995794
1.00063
0.997373
1.00053
0.996238
0.997077
0.994807
1.00009
0.998755
0.986072
0.994165
0.998064
1.0027
1.00665
1.00172
0.992339
1.00147
0.998656
1.00399
0.992043
1.0063
1.00152
1.00473
0.994116
0.999445
1.00112
0.991451
0.989329
0.991106
0.992339
0.997324
0.998656
0.992586
1.00226
0.99609
1.00976
0.996386
1.01109
1.00665
0.997373
0.996189
1.00478
0.997768
1.00349
0.989724
1.00645
0.998162
0.998607
1.00147
0.992635
1.00162
1.00191
0.99683
1.00236
0.995152
0.995843
0.997126
1.00019
0.999396
1.00329
1.00127
0.999594
0.998162
1.00241
0.994511
0.996929
0.998607
0.999396
1.00004
0.996534
0.997126
1.00275
1.00976
0.99757
1.00379
0.995991
1.00265
0.992438
0.999643
0.997472
1.00236
0.998212
0.996485
1.00063
0.999988
1.00285
0.996238
0.995054
1.00981
0.993129
1.00552
0.993326
0.997077
1.00418
0.996929
0.998903
1.00369
1.00068
1.00453
0.993672
0.999594
0.996435
0.999297
1.00339
0.998459
1.00004
1.00068
0.999692
0.99155
1.00048
1.00724
0.999199
0.99984
1.00137
1.00172
1.00102
0.998162
0.998853
1.00527
0.993672
1.00399
1.00147
1.00206
1.00374
1.00517
0.994757
1.0063
0.994165
0.99308
1.0027
0.995547
0.997373
0.9953
0.997027
0.998014
0.997916
0.995991
0.997373
1.00626
0.999445
1.00162
0.986418
1.00098
0.997422
0.994165
0.999692
0.995794
0.998705
0.995794
0.996633
0.996978
1.00216
1.00552
0.996287
1.00117
0.993968
1.00339
0.99308
1.00117
1.00848
1.00112
1.00068
1.00251
1.00408
0.993622
0.991747
0.996879
0.994412
0.989477
1.00028
1.00083
1.00769
1.00028
1.00408
0.994955
1.003
1.00221
0.999594
1.00408
1.00191
0.995399
0.997027
1.00719
1.00705
0.995103
1.00428
0.999939
0.99303
1.00685
1.00043
1.00714
0.997324
1.00542
0.99229
0.991649
0.99604
1.0068
1.00478
0.997077
1.00033
1.00043
0.998804
1.00596
1.00813
1.00334
0.991303
1.0027
0.99377
1.00966
0.990119
1.00083
0.996583
0.997077
0.999297
0.993326
0.997472
0.999495
1.00468
0.997768
0.991303
0.999544
0.997965
1.00512
1.00329
1.00098
0.994757
1.0029
1.01114
1.00912
1.01785
1.00132
1.00127
0.999939
1.00473
1.00325
0.99989
0.991352
0.992833
0.987257
0.995004
0.994313
1.00186
1.00482
0.999347
1.00645
1.01015
0.999347
1.00226
1.00068
1.00009
1.00433
1.00413
1.00561
0.995892
0.991106
0.998113
1.0069
1.00325
1.00152
0.998903
1.00063
0.995596
1.003
0.99683
0.999544
0.997521
0.991846
0.989971
0.99308
0.997768
1.00532
1.00408
1.00389
1.00285
0.997077
0.99762
1.00162
1.00709
1.00487
1.00502
1.00325
1.00626
0.997422
0.999939
0.997916
1.00009
0.997768
1.00226
1.00246
0.999149
1.00566
0.99609
0.999742
1.00448
0.991007
0.999692
0.996238
0.998508
0.990563
0.998607
0.998162
1.00073
0.994708
0.987306
0.997175
0.999297
1.00117
1.00305
0.993524
1.00482
1.00053
1.00167
1.00334
1.00098
0.993573
1.00181
1.00996
0.999051
1.00389
1.00014
0.997274
0.996781
0.993326
0.997422
0.990464
1.00132
1.0064
1.00354
0.995103
0.995942
1.00492
0.998755
0.997521
0.991007
0.996781
1.01006
1.00606
1.003
1.00389
0.998014
0.993178
0.997472
1.00137
1.00803
0.995202
1.00305
0.998903
0.999445
1.00043
0.999495
1.00147
1.0031
1.00329
0.9991
0.99762
1.00048
0.998804
1.00285
1.00532
1.00349
0.998459
1.00566
1.00917
0.997373
0.998903
1.01129
0.99836
1.00063
0.998162
1.01193
1.00665
1.00561
0.993474
1.01351
1.00147
0.989872
1.00872
1.0031
1.00132
0.994708
1.00246
1.00117
1.00379
0.985529
1.0063
1.00665
1.007
1.00063
1.00014
1.003
1.00522
1.01262
1.00196
1.00019
1.00329
0.991747
1.00038
1.0026
1.00295
1.00547
0.995794
1.00004
0.995054
1.00275
1.00379
1.00255
0.99076
0.997817
0.99989
1.00779
0.993622
1.00522
1.00418
0.999396
1.0063
0.995843
0.993721
1.00033
0.997521
0.997175
0.996731
0.988293
0.999051
0.991106
1.00191
1.00251
0.999297
1.00394
1.00147
1.00053
0.995498
1.00448
0.99155
0.999051
0.998064
1.00063
0.998162
0.994807
0.995646
0.99382
1.00532
1.00374
1.00645
0.995695
0.999199
1.00354
0.99831
0.998755
0.992635
1.0063
1.00073
1.00774
1.00083
0.99836
1.00226
0.996485
1.00537
1.00379
1.01089
1.00448
1.00685
0.99762
1.00009
1.00102
0.999199
1.00482
0.998705
1.00788
0.996485
1.00112
1.00591
1.00428
0.995448
1.00408
1.00019
1.01129
1.00315
0.994659
0.995892
0.998162
0.995448
0.997077
0.994511
1.0065
0.996633
0.996633
1.00783
1.00561
0.997718
0.992191
1.00048
1.00803
1.00157
1.01188
1.00221
1.00241
0.995843
1.00265
0.994511
0.994363
0.997274
1.00073
1.0028
1.00986
0.996287
1.00009
0.992191
1.0108
1.00142
1.00374
0.98849
0.999495
0.998409
1.00093
1.00127
0.996435
0.995744
0.994017
1.00734
1.00142
1.00783
0.990563
1.00719
1.00359
0.99836
0.998459
1.01267
0.99377
0.998557
0.994609
0.999594
0.99604
1.00285
1.01277
0.991994
1.00004
1.0026
1.00098
0.992191
1.00438
0.998557
1.0105
1.00295
1.0029
1.00709
0.996633
0.993919
1.00137
0.998064
0.999347
1.00473
1.003
1.0064
1.00542
1.00423
0.993228
1.01045
0.986319
1.00744
1.00083
0.998952
0.993326
1.00418
0.999445
0.994609
0.991599
0.99836
1.00645
0.989675
0.993425
0.9953
1.00142
0.997027
0.996189
0.99757
1.00093
1.00364
1.00581
1.00389
0.996238
1.00295
1.01287
0.998261
0.998162
0.999692
0.997817
0.998459
1.00971
1.00024
0.993919
0.997866
1.00685
1.00443
1.00596
0.996485
1.00862
1.00137
0.997718
0.993524
1.00191
1.00112
0.996485
1.0068
0.986862
1.00576
0.98775
1.00058
1.00275
1.00606
1.00389
0.99076
0.994856
1.00848
0.998409
1.00038
1.00991
0.996139
1.01282
1.0105
0.999297
0.997274
0.999643
0.989132
0.99989
1.00537
0.995892
0.998261
1.00922
1.00201
0.99303
0.995399
0.991402
0.995202
0.999347
0.996287
1.00315
1.00621
1.0028
1.00226
1.00749
0.992043
0.996633
1.00433
0.996485
1.00102
1.00014
1.00043
0.992932
0.999791
0.998212
1.00019
1.00162
0.999544
1.00122
0.999001
1.00971
1.00369
0.996978
1.00255
0.99831
1.00088
0.998804
1.00749
0.995892
0.994757
0.994264
1.00186
0.99762
1.01173
0.997866
1.00729
0.997768
1.00729
0.997422
1.00596
0.999791
0.992981
0.994165
1.00305
0.995892
1.00482
0.999544
1.003
0.988342
0.99377
1.00028
0.995596
0.994609
0.994067
1.00211
0.99382
1.00556
0.994856
1.00098
1.0031
1.00162
0.99229
0.996534
1.01055
0.987947
0.997521
0.99836
0.994757
1.00009
0.998261
0.994412
0.99762
0.993524
0.99308
0.995054
1.00009
1.01006
0.999594
0.997175
0.997373
0.993968
1.00566
1.00048
0.997324
1.00216
0.992586
0.994955
0.997916
1.0026
1.00374
0.999643
0.996781
0.988095
0.997373
0.996978
1.00828
0.998162
0.996485
1.00438
0.995448
0.997126
1.01025
1.00325
0.992685
0.997866
0.999347
0.998607
0.98923
1.0104
0.99456
0.991698
1.0029
1.00418
0.996633
1.00043
0.987257
1.00443
0.998212
0.996485
0.993968
0.99836
0.999297
1.00176
1.00157
0.990563
0.994461
1.00329
0.992586
0.980052
0.991155
0.992882
0.992043
0.995152
0.995152
1.00043
1.00492
0.990069
0.999445
0.997077
1.00606
0.997768
1.00117
1.01129
1.00246
1.00497
0.999692
0.99989
0.996435
0.996485
0.994955
1.00009
1.00369
1.0065
0.998014
0.989773
0.996633
1.00068
1.00019
0.994609
1.00922
0.993622
1.00512
0.99155
1.00019
1.01159
1.00048
1.00028
0.988243
1.00172
0.993228
0.998409
1.00152
1.00137
1.00512
0.989773
1.00305
1.00329
0.995794
0.992635
1.00226
0.994461
0.992932
1.00132
1.00473
1.00344
0.997718
1.00527
0.997718
0.997669
1.00048
1.00172
1.0068
1.00019
1.00369
1.00443
0.998755
1.00487
0.991155
0.99989
0.997965
1.00379
0.999643
0.99377
1.00216
0.99831
1.00305
1.00122
0.994313
1.00537
1.00838
0.997324
0.994461
0.995892
1.00329
0.996238
0.99831
1.00315
0.99081
0.994659
0.983753
0.999544
1.00137
1.00828
0.999445
0.997472
0.99535
1.00463
1.00349
0.995942
1.00556
1.00236
0.9991
0.988934
0.994659
1.00014
1.00843
0.999248
1.00157
1.00191
1.00359
0.996682
1.00043
0.998755
1.00665
0.998853
1.00428
1.00172
0.994757
1.00448
0.994412
1.00384
0.999445
1.00315
0.9991
1.00078
0.989921
0.995892
0.999939
0.993277
1.01272
0.998804
1.00251
1.0027
0.996978
1.00808
0.988392
1.00147
0.998409
0.996682
1.0066
0.996435
0.992389
0.998212
0.987503
1.00932
1.00561
1.00231
1.00581
0.991895
1.00112
1.00009
0.989773
1.00823
0.997718
0.997817
1.00344
0.993474
0.997768
0.997422
1.00053
0.997916
0.999988
0.996583
0.991352
1.00502
1.00399
1.01084
0.996189
0.998508
1.00823
0.99382
0.998853
1.00167
1.01622
0.9953
0.993129
1.00142
1.00068
1.00527
1.00517
1.00019
0.990958
0.999001
0.990958
0.98923
0.998261
0.997175
0.993474
0.993376
0.994215
0.997274
0.998261
1.00014
0.998853
1.00162
1.01425
1.00492
0.994215
1.00172
0.992438
1.00058
1.00364
0.997866
1.00566
0.990908
1.00068
0.999495
1.007
0.997175
0.991352
0.999396
1.00818
0.991352
1.00048
1.00191
1.0066
1.00403
0.999051
1.00019
1.00172
1.00265
0.993228
0.995695
1.00102
1.0064
1.00172
1.00216
0.99609
1.0069
0.997817
1.00408
0.997126
1.01208
1.00211
1.0029
1.00147
1.00547
1.00468
1.00033
1.00107
1.01321
0.993277
0.999149
0.994955
0.998113
0.99303
0.992635
0.998261
0.991007
1.0063
1.0026
0.991945
0.993869
1.00428
1.00542
1.00339
1.00053
1.00759
1.00359
0.995448
0.995942
1.00019
1.00241
0.984789
0.998014
1.00808
1.00142
0.99382
1.00122
0.996929
1.00512
0.99989
0.995646
0.990563
1.0104
1.00561
0.997126
1.00127
1.0103
0.99984
1.00315
0.994165
1.00621
0.997866
0.994511
1.00635
1.00211
0.995498
1.0029
0.985283
1.00043
0.99984
0.994017
0.998705
1.00019
1.00255
0.997965
0.995843
0.994313
0.98854
0.989527
1.00596
0.997077
0.999594
1.00201
0.996139
1.0027
0.99831
0.996238
1.00221
0.999149
0.99609
1.00537
0.995202
1.00606
0.995646
1.00196
1.00127
1.00196
1.00917
0.996189
1.00162
1.00665
0.99456
0.997718
0.990513
1.00231
1.00374
1.01366
1.00033
1.00803
0.995991
1.00157
1.00394
1.01178
0.994905
1.0069
1.00152
1.00186
0.997472
1.00073
0.997373
0.997521
0.998804
1.00073
0.997274
1.00142
0.998804
1.01188
0.992734
1.00399
0.994708
0.998804
1.00877
1.00028
1.00492
1.00132
0.997373
0.995942
0.997768
0.99762
1.00305
1.00438
0.998508
1.00014
0.999396
1.00246
1.00428
1.00359
0.994659
0.991599
1.00004
1.00137
0.996731
1.00497
1.00527
0.999939
0.99757
0.999594
0.994017
1.00507
0.998952
1.00053
0.9991
0.999988
1.00053
0.993919
1.00635
1.00981
0.994708
1.00315
0.999347
0.993968
0.998113
1.00403
0.999248
1.00236
0.992537
1.00033
0.996731
0.998261
0.99836
0.99609
1.00374
0.999939
1.00566
0.997373
0.996287
1.00132
1.00374
0.995744
0.9915
1.00167
0.996879
0.995843
1.00616
1.00231
1.00458
1.00364
0.991945
1.00492
0.984098
1.00788
1.00132
1.00675
1.00857
0.993178
1.00098
1.00019
0.992438
0.99757
0.999594
0.999643
1.00364
0.99831
1.00463
1.0026
0.995942
1.00902
0.992784
1.0026
0.998656
0.993919
0.99377
0.999544
0.998162
1.00556
1.00635
1.00098
1.00167
1.00295
0.999248
0.99757
1.00685
0.996978
1.00433
0.995695
0.999939
1.00443
0.995251
1.00028
0.995596
0.999149
0.992241
1.00142
1.00088
1.00033
0.998508
0.998261
0.994215
1.00349
0.998804
1.00754
1.00206
1.0069
0.99831
1.00137
0.995202
0.995646
1.00009
1.00172
0.995152
0.990908
1.00857
1.00122
0.996287
0.995547
1.00413
1.00996
0.996534
1.0026
0.994461
1.00068
0.994511
0.998212
0.997373
1.00399
0.999939
1.00487
1.00675
1.00482
1.01154
1.0026
0.99604
1.00359
1.00009
0.99836
1.00117
0.998409
0.998705
0.99155
1.00063
1.00147
0.997817
0.998853
1.00418
1.00349
1.00211
0.998409
1.00754
1.01302
0.996781
1.00542
0.996139
0.995004
0.995103
0.995892
1.00374
1.00389
0.996879
0.998705
0.997768
1.00655
0.997817
1.00093
0.998261
0.999692
0.996386
0.998459
1.00872
1.00468
0.995399
1.00112
1.00779
0.998755
0.997324
0.986862
1.00251
0.989181
0.99757
0.998804
1.0104
0.99229
1.00246
0.996485
0.995695
1.00201
1.00325
1.00339
0.998508
1.00709
0.997866
0.995942
0.99609
0.996929
1.00749
0.998705
0.994461
0.986862
1.00532
1.00033
1.00403
1.00749
1.00537
1.00566
1.00764
1.00167
0.995054
0.997965
1.00566
1.00112
0.997718
0.99683
1.00408
0.999248
0.997768
1.003
0.999199
0.996731
1.00251
1.0066
0.995942
1.0028
0.993129
1.00048
0.996633
0.99989
0.997422
0.998064
0.997175
0.990069
1.00734
1.01622
1.00167
0.991106
1.01084
0.995794
1.00379
0.99377
0.999248
1.00058
0.992734
0.996287
0.994659
1.00828
0.997126
0.995843
0.99984
0.998014
0.995399
1.00986
1.00325
1.01154
0.991747
1.00606
0.997916
1.00014
1.00053
0.98548
1.00487
1.00137
0.991945
0.997472
1.00976
0.992635
1.00611
1.00098
0.994807
0.99382
1.00635
0.987602
1.00004
1.00191
1.00339
1.00172
1.00359
1.00211
1.00399
1.00211
1.00226
1.00315
0.992487
1.00009
1.00305
1.00685
0.99762
0.988836
0.996682
0.998853
1.0027
0.99081
0.995646
0.996929
1.00033
0.999149
0.999248
1.0032
0.996583
0.996682
1.00107
0.997916
1.0067
1.00255
1.00112
1.00132
1.00088
1.00068
0.998508
1.00443
0.999939
1.00527
0.996139
0.994215
1.00068
1.00892
0.993376
1.00152
0.995202
0.996682
0.994807
1.01311
1.00364
1.00394
1.00448
0.992833
1.00552
1.00774
0.99683
0.998903
1.00774
1.0101
0.994659
0.999297
0.999643
1.00107
1.00769
0.996386
1.00043
0.992093
1.00912
1.00058
1.00181
0.986171
1.00236
1.00359
1.00078
1.00478
0.994067
0.996781
0.99308
0.997768
1.00102
1.00492
1.00463
0.990908
1.00537
1.0027
0.997521
1.0067
0.997027
1.00783
1.00779
0.988786
0.996238
0.998261
0.998409
1.00211
1.00413
1.00053
0.998557
1.00221
0.993129
0.999199
1.00853
0.999692
0.993326
0.994905
1.00093
1.00043
0.994856
1.00048
0.998557
0.993326
0.99308
0.989921
0.992685
1.00315
1.01035
0.995695
0.998656
0.998064
1.00112
1.00793
1.00009
1.00833
0.991155
1.00246
1.01178
1.00478
0.998903
1.00098
1.00571
0.99535
1.00621
0.996485
0.995498
1.0068
1.0065
1.00004
0.993425
1.00423
1.00838
1.00241
0.996139
0.997077
0.993919
0.989132
1.00478
1.00384
1.00285
1.00616
1.00941
0.997175
1.00823
0.999988
0.995004
0.992142
0.998162
0.999594
0.994807
1.00374
0.998212
1.00857
1.00408
1.00196
0.986023
1.01233
0.98701
1.00004
0.987997
1.00492
1.00443
0.998557
0.989576
1.00196
1.00487
0.999988
1.00359
0.997027
1.0064
1.00339
0.985875
0.989872
0.9953
1.00561
1.00487
1.00167
0.986122
0.998162
1.00601
1.00384
0.998804
1.00176
0.997817
0.998409
1.00009
0.987405
0.999051
1.00009
1.00285
1.00996
0.998853
1.00374
0.995004
0.994807
0.996337
1.00305
0.990513
0.998261
0.99002
0.995103
0.999396
0.994511
0.984838
1.00236
0.994363
0.991303
0.99757
0.992191
1.00379
1.00122
0.998409
0.996287
1.00191
0.99604
0.990859
0.999643
0.997324
1.00606
1.01006
1.00275
1.00014
1.003
0.999594
1.00399
0.99831
1.00438
1.0029
0.995202
0.999791
1.01691
1.00473
0.998014
0.998113
0.99382
1.00507
1.00063
0.997965
0.991994
0.98923
0.996879
1.00028
1.00172
1.00176
0.993425
0.991698
0.997817
0.993178
1.00019
1.00068
1.00058
1.00408
1.00028
1.00527
0.99683
0.998459
0.990217
0.998064
0.999445
1.00157
1.00162
0.994955
0.998607
1.00719
1.00428
1.00561
1.00295
1.00862
1.00527
0.996978
0.998952
0.996731
0.997916
1.00897
1.00408
0.992487
1.00275
1.00403
1.00709
0.994412
1.00053
0.996682
1.00576
0.999988
0.999791
1.00112
0.997817
1.00127
1.00354
0.999988
0.997965
1.00645
1.00364
0.997274
0.992438
1.00068
1.00231
0.994807
0.996633
0.999001
1.00152
1.00354
1.00295
1.00107
0.998162
0.997324
1.0027
1.00098
1.00527
0.999988
1.00695
1.00043
0.999149
1.0028
0.994017
1.01218
1.0064
1.00112
0.992438
0.998459
1.01178
0.993919
1.00181
0.992981
1.00527
1.00492
0.996287
1.00418
0.996238
1.00389
1.00448
0.999347
1.00295
0.995547
0.992043
1.00655
0.997126
1.00848
0.985875
1.00167
0.996386
1.01257
0.998705
0.998607
1.00547
0.996287
0.996929
0.996435
1.00709
0.993474
0.997965
0.984937
1.00122
1.0032
0.998607
1.00167
1.00181
1.00665
0.998705
1.00088
1.00556
0.994165
1.003
1.00241
1.00107
1.00853
1.00448
1.00226
0.999692
0.994659
0.995942
0.995004
0.998261
1.00384
0.997175
0.999297
0.996633
0.99155
0.997274
0.992734
1.00063
1.00946
1.01109
0.998113
1.0028
1.00887
1.01203
1.00359
1.00211
0.99984
0.993524
0.998113
0.995251
1.00172
0.998409
1.0064
1.00028
0.998113
1.00073
1.00112
0.999791
0.992882
0.999297
0.997373
0.989527
1.00981
1.00917
1.00774
1.00566
1.00251
1.00285
0.995054
1.0029
0.997373
0.999347
0.996978
0.994856
1.00729
0.992093
0.992093
1.00374
1.0028
1.00127
1.00231
1.00438
0.999939
0.99535
0.998755
1.01563
1.00862
1.00645
0.999347
0.998853
1.00384
1.0028
1.00463
0.996139
1.00369
1.00024
1.00226
1.00172
1.00053
1.0105
0.995892
1.00601
0.99831
1.00739
0.998212
0.999643
1.00507
1.00848
1.00611
0.992191
0.992142
0.994412
1.00675
0.99989
1.00058
0.997817
1.00492
0.99831
0.998162
0.993474
1.00206
1.00561
1.00236
0.992882
1.01267
0.996386
1.00527
0.996139
0.999988
0.996633
0.998113
0.988342
0.999495
1.00561
0.991155
0.992537
1.00251
0.992784
0.996337
0.986171
0.998014
1.00379
0.99155
0.997274
0.991254
1.00724
0.994511
1.00043
1.00354
1.00102
0.995892
1.00705
0.997175
0.999149
0.99762
0.996879
0.998903
0.999051
1.00246
0.995202
1.01198
0.99308
0.995596
1.00517
0.991945
0.994313
1.00053
0.999248
1.0102
1.0064
1.00073
0.999791
0.999248
1.01691
1.00255
0.994807
0.995794
0.996485
1.0066
0.994609
0.991451
0.99836
0.994165
0.993178
1.00556
1.00621
0.989724
1.0066
0.999988
0.999051
1.00226
1.00566
0.994856
0.98854
0.995251
0.995547
0.990464
1.00246
1.0069
0.994856
1.00453
0.997077
0.992093
0.998804
1.00724
0.99604
0.998113
1.00058
0.999988
1.00596
1.00581
0.98849
0.998903
1.003
1.00606
1.00221
1.00216
1.00078
1.00951
1.00453
0.999791
0.994264
1.00038
1.00369
0.994313
1.00448
1.00808
1.00132
0.998064
1.00053
0.992093
0.99609
0.99984
1.00418
0.9953
0.99683
0.99076
1.00186
1.00418
0.993425
0.993721
0.996583
1.00872
0.990859
1.0064
1.00028
0.999791
0.998607
0.997965
0.992438
1.00719
1.00147
0.999051
0.99831
0.992438
0.99683
0.994067
0.998113
1.00033
0.998409
0.998014
1.00275
1.00127
1.00093
1.00384
1.00167
1.0027
0.9953
1.00823
0.989675
0.997521
1.00705
1.00384
1.00547
0.997373
1.00532
0.999347
0.994905
0.999149
0.997718
0.993425
0.995942
0.996731
1.00522
1.0029
0.992981
1.00872
0.995646
0.999742
0.997225
1.00482
0.992635
0.997521
1.00828
0.997669
0.990069
0.997175
1.00014
1.00769
1.00068
0.997225
0.99683
0.9991
1.00354
1.00561
0.997225
0.994708
0.99831
1.00453
0.994215
1.00611
0.99303
1.00482
0.996287
0.996485
0.985332
1.00399
0.994708
0.994807
0.991106
0.989527
0.989675
0.99984
1.00176
0.998113
1.00468
0.997373
1.007
0.986615
1.00626
1.00384
1.00971
1.00645
0.999199
0.998064
0.991747
0.994313
1.00497
1.00068
1.00255
1.00512
0.998853
0.999149
1.0027
0.999199
0.999149
0.995942
0.99683
1.00305
1.00936
1.00043
0.997472
1.00739
1.00685
0.993573
1.0029
1.00176
1.00458
0.996238
1.0065
1.00616
1.00024
1.00186
0.995892
0.996287
1.00088
0.992685
0.999445
0.996731
0.995991
1.00186
0.997669
1.0029
1.00586
0.993524
0.995695
1.0107
1.00552
0.989823
1.00048
0.999988
0.99836
1.00329
0.99831
0.999297
0.997472
1.00399
1.0101
1.00675
1.00083
1.00542
1.00329
0.995744
1.00241
1.00176
1.00241
1.01257
1.01035
1.00172
1.00014
1.01183
0.990958
0.994609
0.99229
0.998853
1.00122
1.0063
1.00453
0.999297
0.997718
0.998557
0.993376
0.998656
0.994067
1.00058
0.994363
0.9953
0.999297
0.99762
1.00601
1.00053
0.9991
1.00902
0.996189
0.997521
1.00354
1.00453
0.994708
1.00167
0.991451
0.999149
1.00088
0.99683
1.00399
0.999001
0.998952
0.991945
0.995794
1.00201
1.00167
0.993228
0.996583
0.998755
1.00389
0.995744
0.997324
0.996139
0.995892
0.99308
0.996978
1.00275
1.00359
1.00991
0.987207
0.9991
0.997866
0.994757
0.994757
0.999544
1.00941
1.00359
1.00453
0.995448
0.99609
0.997669
0.995892
1.0027
0.992734
1.00176
0.988293
1.00251
1.00448
1.00221
1.00206
0.996682
0.998409
1.00073
0.998064
1.00142
1.00325
0.988441
1.00586
0.992981
1.00157
0.99604
0.998903
1.01006
0.999939
1.01361
1.0144
1.00675
1.00744
1.01124
0.993129
1.00369
1.01084
0.999544
0.997472
0.998804
1.00098
0.999199
1.00428
1.00112
0.992685
0.997126
1.00433
1.00265
0.999445
0.995942
0.995646
1.00428
0.994807
1.00453
1.00719
0.990859
0.99081
0.989823
1.00349
1.00201
1.00729
1.01055
0.995695
0.998853
0.994807
1.00068
1.00478
1.0029
0.991402
0.985973
0.99989
0.998557
1.0032
0.98701
1.00226
1.01055
1.00295
0.99831
1.00147
0.992981
0.99535
0.999396
1.00112
0.998261
1.00325
0.990662
1.00403
0.998162
1.00295
1.00413
0.992389
1.00502
1.00038
0.993474
0.997373
0.99535
0.997225
1.00162
0.998557
0.997472
1.00142
0.997324
1.00305
1.00547
1.00843
0.995596
0.996731
1.0066
0.987306
1.00019
0.992981
1.00354
1.00315
0.992438
1.00384
0.992389
0.994215
1.00665
0.996731
1.00344
0.987947
1.00063
0.99609
1.00053
0.996386
1.00408
0.997077
1.00482
1.0067
1.00043
0.991254
0.995547
0.999791
0.998409
1.00107
0.994215
1.00384
0.99308
0.987651
0.99683
0.998557
0.997422
1.0026
1.00384
1.003
0.988688
0.997669
0.997324
1.00403
1.00512
1.00186
0.996781
0.998903
1.00576
1.00547
0.995448
0.992981
0.997521
1.00231
1.00655
0.998755
0.996189
0.99831
1.00221
1.0029
0.99831
0.994807
0.990908
0.99762
0.997422
0.989378
1.00951
0.996435
0.994659
1.00576
1.00408
1.00542
0.998952
0.994659
0.993573
0.999396
0.999396
1.00285
0.99989
0.991007
0.998656
0.991599
1.00394
0.992191
1.00512
0.999988
1.00009
1.00675
1.00384
1.00364
1.00552
0.996485
0.995794
1.0027
1.00813
0.996583
0.992537
1.00374
1.00369
1.0032
1.00369
1.00339
0.995646
0.997274
1.00487
0.995695
1.00408
0.9991
1.00626
0.999544
1.00734
0.995004
0.999199
0.99303
1.00478
0.996287
0.998557
0.989378
0.994955
0.991402
0.995251
0.998409
0.98849
1.00517
1.00853
0.993524
1.00132
0.994116
1.00043
0.989872
0.999988
0.997866
1.01015
0.99683
0.999396
0.991797
1.00176
1.00009
0.997866
1.00517
0.993376
1.00423
0.999544
1.00305
0.99989
1.00004
1.00221
1.00019
1.00389
1.00936
1.00453
0.994412
0.998952
0.998952
0.995596
1.00986
0.997175
1.00917
0.993178
0.991402
1.00078
0.99535
1.00176
0.99984
1.01302
0.991402
1.00107
1.00729
0.99984
0.999988
0.998261
0.997225
0.996929
1.00645
1.00724
1.00537
0.993573
1.01055
1.00167
1.00255
0.998064
1.0028
0.99984
0.98849
1.00305
1.00305
0.999791
0.995991
1.00675
0.99377
1.00147
1.00655
0.995251
0.999396
1.00172
1.00102
1.00132
0.996731
1.0066
0.991846
0.998508
1.00936
1.00685
0.993326
0.992734
0.98854
0.999742
0.993672
1.00744
0.999544
1.007
1.00127
1.00172
0.997324
0.998557
1.00033
0.998014
1.00176
1.00507
1.00043
1.00181
0.998162
0.991254
1.003
0.99757
1.00093
0.997768
0.998014
1.00458
0.992882
0.994363
1.00714
0.996189
0.999544
1.00043
1.00517
1.00527
0.992191
1.00038
1.0027
0.992339
0.998656
1.00132
0.994511
0.999544
1.00606
0.993573
1.01168
0.997916
1.00517
1.00285
0.997175
0.987405
1.00152
0.994116
1.00191
1.00181
0.998853
1.00186
0.999544
1.00241
0.999199
0.99831
0.996781
1.00246
0.997077
1.00394
1.00482
0.998014
1.01548
0.995103
1.01183
1.00004
1.00073
0.995942
0.989527
0.997817
1.00206
0.994363
1.00719
0.999347
1.00196
0.98849
1.00374
0.999396
0.989477
0.991599
0.999791
1.0103
1.00803
0.99609
0.994264
1.00769
0.992339
1.00408
1.00329
1.00043
0.995843
0.996189
1.00779
1.00877
1.00774
0.995103
1.00502
0.997225
0.996189
0.994067
0.997126
1.00482
0.996731
0.993425
0.996682
1.00285
1.00186
0.994708
0.98923
0.985135
1.0107
1.00857
0.999692
0.995744
1.00132
1.00181
0.994708
0.993376
0.99456
0.998113
0.996287
0.999001
1.00463
0.996238
0.998162
0.994807
0.999297
1.0108
1.00394
0.996435
0.99609
1.0032
1.00487
1.00231
1.00073
0.999939
0.994461
1.00665
1.01203
1.00359
0.998607
1.00078
1.00897
0.992833
1.0064
0.991303
1.00033
1.00132
1.01094
0.996435
0.999199
0.994511
0.989527
1.00078
0.991007
0.993622
1.00502
0.998853
0.995991
0.997225
1.00507
1.00167
1.00295
1.00576
0.98854
0.995054
1.00556
0.996731
1.00211
0.999347
0.99836
1.00349
0.999594
0.991747
0.999248
0.998853
0.9953
1.00275
0.999199
1.00413
0.992685
0.989872
1.0067
0.991895
0.9991
0.994412
0.996435
0.99229
1.00083
0.995744
1.00665
0.997472
1.00542
0.993178
1.00838
0.997175
0.998952
0.996583
1.00231
1.0028
1.00285
1.00102
1.00507
0.992635
0.996238
0.99456
1.00492
0.989625
0.997077
1.00098
1.00635
0.998014
0.991352
0.996435
1.00482
0.999643
0.996731
0.997373
0.998853
1.00408
0.99081
1.00394
1.00685
0.995892
1.0028
0.993178
0.997126
1.00502
1.00537
1.00132
0.995399
1.00004
0.994659
1.00606
1.00423
1.00517
0.998459
0.9991
0.999988
1.00275
0.992635
1.00354
1.00053
1.00448
0.998064
1.00009
1.00137
0.997916
0.995202
1.00241
0.995991
1.00507
1.00216
1.00389
1.00246
0.99831
1.00596
0.992142
1.00162
0.99757
0.988934
1.00359
1.00231
0.997126
1.00107
0.993919
0.994955
0.99984
1.01035
0.99831
1.00172
1.00127
0.995004
0.999051
0.990711
0.996879
0.990859
1.00236
0.992043
0.989329
0.999742
1.00655
0.994165
0.998409
1.0029
0.990217
0.992191
0.993968
1.00334
0.99155
1.00216
0.99456
1.01504
1.00369
0.989724
1.00088
1.00907
0.999051
1.00729
1.00369
0.996633
0.985184
0.992537
0.997965
1.00078
0.999396
1.00295
0.999791
1.00374
0.995448
0.99757
0.993129
1.00122
1.00359
0.996435
0.991007
0.999988
0.996682
1.01065
1.00769
1.00033
0.99831
1.00019
0.993524
0.996731
1.00162
1.00014
0.996583
0.991797
0.999199
1.00014
0.990908
1.00107
1.00596
1.00117
0.996485
0.999742
0.991106
0.997422
0.999051
0.995596
1.00408
0.997077
1.00231
1.00364
1.00246
0.99377
1.01173
0.998162
0.992043
1.00157
0.998212
0.998459
1.00788
0.999544
1.00724
0.998755
1.00951
0.997718
1.00162
1.00645
1.0178
0.992142
1.00492
1.01193
0.996583
1.00058
1.00468
0.99831
0.999149
1.00389
0.99836
1.00403
1.00862
1.00458
0.995152
0.996682
0.996337
1.00808
1.00976
1.00532
0.998162
0.99831
1.00102
0.996534
0.997916
0.991056
0.998952
1.00334
1.00329
1.00448
0.987947
0.99303
0.999742
1.00167
1.00379
1.00872
0.995892
1.003
1.00117
0.996978
0.995991
1.00635
0.997916
0.996485
0.993672
0.993228
0.994905
0.993968
0.995646
0.987947
1.00201
0.998459
1.00107
0.997225
1.00399
1.00038
0.993672
0.999248
0.998952
0.996287
1.00063
1.00438
1.00537
1.00344
0.989625
1.00991
1.00556
1.00028
0.998014
0.992537
1.00428
0.996978
1.00374
1.01099
1.00754
1.00616
1.0026
0.991155
1.01084
0.997225
1.00038
0.997324
1.00384
0.994412
1.00527
0.997916
0.995054
1.00102
1.00073
0.993672
1.00843
0.996879
0.9991
1.00107
0.99377
0.996583
0.998459
0.995054
0.999297
0.989675
1.00857
0.998656
1.00231
0.998014
0.997373
1.00734
0.998952
0.993672
0.994017
0.99535
0.994215
1.00862
1.00329
1.00058
1.00349
0.994412
0.999544
1.00048
1.00453
1.0066
0.99762
1.00502
0.995547
1.00714
1.00295
0.998705
0.998804
0.99836
1.00635
0.990464
1.00053
1.00418
1.00428
0.994807
1.00487
1.00127
0.999149
1.00339
1.00843
1.00004
0.997126
0.998755
1.00048
1.00961
1.00354
1.00655
1.00295
0.99989
1.00364
1.00329
1.00468
0.991106
0.997965
1.00078
0.996534
0.996633
1.00418
1.00645
1.01114
0.989329
1.00487
0.992043
1.00349
0.996485
0.997126
1.00181
1.00068
1.00581
1.00265
0.998014
0.998705
0.998162
1.00033
1.00162
0.994807
0.992784
0.999742
0.999692
0.994017
1.00107
0.997274
1.00655
0.993178
1.00384
0.999791
1.00147
0.996189
1.00216
0.99989
0.994757
1.0063
1.00522
0.99757
0.999692
0.993524
1.00428
1.00117
0.991846
0.995695
0.995498
1.00112
0.99683
1.00621
1.01247
0.990168
1.00635
1.00922
0.995942
1.00996
1.00053
1.00502
1.00102
1.007
1.00892
1.00788
0.994067
0.995202
1.00019
1.00961
1.00102
0.996189
0.996485
1.00443
0.993524
1.00325
0.993425
1.00601
0.999988
1.00734
1.00088
1.00517
1.00473
1.0029
0.995152
0.995202
1.00241
1.00112
0.998853
1.00542
0.985529
1.00152
0.992882
1.00033
0.995251
0.99984
1.00552
0.99831
1.00364
1.00448
1.00014
1.00181
1.00902
0.99229
1.00206
1.00601
0.997274
0.998459
0.994955
1.00048
0.991352
1.00102
0.990316
0.99831
0.99757
1.00714
1.0145
1.00512
1.00433
0.989329
0.999742
0.991945
1.00507
1.00102
1.00344
1.0106
0.99683
1.0069
0.992142
0.994412
0.995202
0.992438
1.00186
1.00349
0.993425
0.996731
1.00492
1.00122
1.00176
0.999445
0.995399
1.00285
1.00181
0.996731
0.999199
1.01188
0.998508
0.995448
0.999988
1.00038
0.998064
1.00009
1.00172
1.00744
0.998656
0.998014
0.999643
1.00088
1.01386
0.994757
0.997866
0.999445
1.00571
1.00255
1.00502
0.999495
1.00428
1.00251
0.999001
1.00216
1.00818
1.00186
1.00093
0.993228
0.99836
0.995695
0.996386
0.997817
1.00418
1.00137
0.999149
0.991895
0.99377
1.00389
1.00107
0.998952
0.999051
0.997817
1.00028
0.995646
1.00443
0.999248
1.00522
1.00482
0.99836
1.00349
0.995843
0.998212
0.994215
0.989872
1.00325
0.997126
1.0027
1.00606
1.00793
1.00246
0.998212
1.00601
1.00492
1.00093
1.00359
0.999248
1.01213
0.99989
0.998261
0.999347
0.98548
0.999988
0.994757
0.992142
1.00512
1.00068
1.00512
0.999149
1.00729
1.00389
1.00354
0.998064
1.00325
1.00196
0.995794
1.007
0.992438
0.998607
1.00038
0.99377
0.997521
1.00339
1.00749
1.00354
1.00976
1.00744
0.997274
0.992784
0.9991
0.995991
1.00315
0.998853
1.00028
0.99155
1.00246
0.994511
0.998755
1.0065
0.996978
1.00507
1.00542
1.0107
1.00349
0.999001
0.995054
1.0029
0.996731
1.00117
0.995991
0.988589
0.995251
0.995744
1.01593
0.999001
0.995054
1.00344
0.992043
0.999939
0.992339
1.01346
1.00043
1.00344
0.995448
0.998755
1.00226
0.997225
1.00073
1.00423
1.00147
0.996485
0.994017
0.995103
1.01292
1.00058
1.00201
1.00157
0.995942
0.988836
1.00255
1.00167
0.999199
1.00305
0.995399
1.00626
0.992784
0.994757
0.999149
0.998853
1.00157
1.01203
0.998261
0.997669
0.99456
1.00083
1.00142
0.996238
1.00428
0.996287
0.992833
0.994412
1.00033
1.00892
1.00685
1.00453
0.993672
0.998557
1.0069
0.997817
0.992981
1.00458
1.00532
1.00695
1.00482
0.994412
0.998409
1.00004
1.00606
1.00537
1.00241
0.993721
1.0026
1.00019
1.00729
0.995942
1.00211
0.998755
0.999495
0.99836
0.990859
1.00675
1.01341
1.0104
0.99609
0.992932
1.00606
1.00779
0.99831
1.00162
0.998952
1.00695
1.00823
1.00423
1.00068
0.995596
0.997718
1.00463
0.998804
0.999643
0.999594
1.00561
1.00167
1.0027
1.00112
1.00019
1.00547
0.997175
1.0101
0.998162
0.998903
1.00102
0.994905
1.01055
0.995942
1.00102
1.003
0.998557
0.99989
0.983358
1.01395
0.995004
0.992142
1.00384
1.0026
0.993968
0.991254
0.997965
0.999396
0.99229
1.01104
1.00024
0.996978
0.99831
1.00265
1.00433
0.997324
1.00443
1.00675
1.0028
1.00285
0.999149
1.00186
1.00033
1.00626
1.00932
0.995547
0.997768
0.998952
0.996485
0.996238
1.00098
1.00428
1.00226
1.00616
0.997077
1.00285
0.998804
0.997472
0.988095
1.01351
0.995054
0.998064
1.00354
0.989329
0.993326
0.998656
1.00423
0.99989
0.99377
0.995892
0.997274
1.00191
0.993573
1.00552
1.00102
1.00408
0.994757
0.994856
1.00206
1.00428
1.00369
0.998656
1.00384
0.998014
0.993869
0.999199
0.999988
1.00448
0.990217
1.00033
1.00606
1.00152
1.00186
1.00571
1.00073
1.00014
0.995744
1.00403
1.00009
1.00083
1.00744
1.00122
0.999791
1.00201
1.00038
1.00556
0.993573
0.997126
0.998113
1.00621
0.994807
1.00769
1.00107
1.00635
1.00853
0.997669
0.990908
0.997472
1.00394
1.00117
1.00201
0.998508
1.00532
0.992882
1.00512
1.00433
0.994955
1.00418
0.995695
0.992734
1.00685
0.99762
1.00334
0.996781
0.998656
0.996978
1.00004
0.999742
1.00315
0.997126
1.00645
0.996978
1.0103
0.99762
0.998952
1.00132
0.992981
0.999445
0.996287
0.999544
0.99989
0.996978
1.00413
1.00132
1.00374
1.01084
1.00621
1.00201
0.994659
0.994017
1.00754
0.998014
0.995152
0.999791
1.00068
0.995498
0.995498
0.995794
0.985184
1.0064
1.00695
0.994807
1.00315
1.00176
1.00033
0.995892
0.995596
1.00216
0.998508
1.01218
1.00591
0.998607
0.994955
0.999297
1.00379
1.00971
0.994955
1.00009
1.00083
0.999939
1.00428
0.99535
0.99229
0.997768
0.997669
0.986023
1.00379
0.999692
0.99377
0.998755
1.00098
0.998952
0.99757
0.997077
1.0032
0.996435
1.00048
0.99229
1.00394
1.00685
1.00043
0.98247
1.00132
1.00492
0.98923
0.999495
0.993721
1.00009
0.994461
1.00157
1.0027
1.00349
0.997324
0.990711
1.00783
1.00068
1.0027
0.997817
0.997472
0.994757
1.00601
0.996238
1.00497
0.998804
0.988392
0.992635
1.00167
1.00645
0.992734
0.999199
1.00882
0.997817
0.996583
1.00073
1.00803
1.00088
1.00181
0.993277
0.995843
0.990316
0.995843
1.00196
1.00004
1.00744
1.00181
1.00221
1.00157
0.993425
1.00325
0.995744
1.00024
0.998508
0.996929
1.01356
0.997225
1.00107
0.995004
0.999396
1.00132
0.99382
1.0032
1.00181
1.00719
0.992537
1.00167
0.9991
0.998952
0.999149
1.00843
1.00275
1.003
1.00255
0.996238
1.00418
1.0028
1.00635
0.994412
1.00611
0.998705
0.998212
1.00709
0.986664
1.00719
1.01262
0.999988
0.993277
1.0032
0.997916
0.999791
0.992142
1.00255
1.00176
0.99836
1.00053
0.999692
1.00083
1.00626
1.00571
1.00112
1.00255
1.00206
1.00433
0.999445
0.992241
0.989576
0.991155
0.999347
1.00112
0.999939
1.00315
1.00571
0.999199
1.00305
0.988046
0.999001
0.996781
1.00468
1.00423
0.99762
1.00438
0.998755
0.992833
1.00403
1.00107
1.00211
0.997718
1.01435
0.995547
1.003
1.00132
0.994017
0.990859
1.00403
0.997225
0.996534
0.9953
0.999594
0.995547
0.995646
0.995547
0.985973
0.989082
0.997027
1.00601
0.996731
1.00196
1.00157
1.00172
0.991945
1.00428
0.994708
0.998755
0.992685
1.00206
1.00364
0.985776
1.00058
0.993622
0.996435
1.00403
1.00053
0.999939
1.00068
0.994264
0.991155
0.999939
1.0027
0.99762
0.997521
0.993672
1.0027
0.996731
1.00843
1.0026
0.995942
1.00566
0.997669
1.00305
0.998261
0.996682
1.00645
1.00428
1.00196
0.998014
1.00744
1.00917
1.00098
0.999939
0.999199
0.996633
0.99382
0.996682
0.989477
0.997768
0.993622
1.00058
1.00354
1.00882
1.01272
0.998607
1.00399
1.00295
0.996682
0.992586
1.00384
0.998459
0.996287
0.994313
1.0107
1.0065
1.00068
1.00749
1.00468
0.997274
0.990859
1.00226
0.994856
1.0068
0.997965
1.00552
0.990069
1.00063
0.991303
0.985579
1.00606
0.999347
0.999396
1.00201
1.0108
1.00063
1.00512
0.992635
0.994165
1.00626
0.992241
1.01257
1.00596
0.997274
0.996238
0.996682
0.993919
0.995448
1.0066
1.00191
0.996287
1.00705
0.994017
0.999939
1.00117
0.999051
1.01144
0.992734
0.996731
1.00374
1.00167
0.9991
1.00048
1.00147
0.997274
1.00379
0.999643
0.989329
0.999742
1.00408
1.00764
0.997472
1.00255
1.00813
1.00093
0.999988
1.00561
0.99831
0.992981
1.00325
1.00537
1.00497
0.998952
0.994067
0.99604
1.00927
1.0066
1.00102
1.00561
0.995744
1.00522
1.00443
1.01045
1.00186
0.999594
1.00478
1.00231
0.999001
1.00714
0.991698
0.996978
0.99683
0.99535
1.00117
1.00295
0.99984
0.99456
1.00478
0.997817
1.00196
1.00226
0.995547
0.9991
0.992142
1.00838
0.995498
0.996287
1.00675
1.00428
0.992784
0.988441
0.992487
1.00374
0.996337
1.0101
1.00315
1.0068
0.999544
1.0031
0.997225
0.998952
1.00014
1.0068
0.9953
0.995498
0.994659
0.996731
0.997718
1.00433
0.997175
0.99683
0.996879
0.993672
1.00803
1.00433
1.00374
0.999199
0.997866
1.00078
0.999051
0.998656
1.00887
0.99683
0.992142
1.00616
0.998804
1.00221
1.00147
0.997274
1.00532
0.999199
0.997866
0.994165
0.997472
1.00038
0.995991
1.00576
1.00675
0.994807
0.998705
1.00364
0.997521
0.992438
1.00132
0.99535
0.993672
0.999643
0.991056
0.999001
1.00053
1.00201
0.996731
0.995399
0.997916
1.01134
1.00798
0.987059
1.00705
1.00058
1.0064
0.997324
0.988638
1.00349
0.99836
0.997077
1.00078
1.003
0.995448
1.00359
1.0106
0.994856
0.996978
1.00438
0.995695
0.99989
0.995152
0.995103
0.995547
1.00418
1.00478
0.999445
1.00122
0.994412
1.00038
0.991945
0.998755
1.00043
1.00369
0.99984
1.00838
0.999594
0.99989
0.988984
0.998162
1.00211
0.998853
1.00329
0.99377
1.00181
1.00478
1.00403
0.995892
1.00132
0.993919
1.0028
0.999396
0.991698
1.0068
0.998557
1.00453
1.01075
0.990563
1.0102
1.00655
0.999396
0.992932
0.99836
0.993622
1.00932
1.00181
1.00507
0.992142
1.00058
1.00132
1.00275
1.00403
1.00142
1.00186
1.00433
1.01099
1.00122
0.995251
0.990513
0.991402
1.00547
1.00102
1.00339
1.0063
0.99604
1.00251
1.00191
1.00211
1.00517
1.00783
0.999297
0.999692
0.997965
0.995596
1.00349
0.998212
1.00315
1.00374
0.997965
1.0027
1.00172
1.0032
1.00492
1.00423
0.995892
0.995596
0.999199
1.00009
0.981088
1.01144
0.994363
1.00581
0.999495
1.00769
0.999495
0.999347
1.01104
1.00685
0.987158
1.00675
0.99076
1.00936
1.00053
1.00122
0.988737
1.00246
1.00117
1.00413
0.998409
1.00448
0.993376
0.997669
0.995251
0.990267
0.99076
0.98775
1.00265
1.00098
0.997521
1.00448
1.00196
1.00685
0.994511
1.00334
0.994412
0.996189
0.994363
0.997126
1.00176
0.99229
1.00334
0.994165
1.00349
0.99989
1.00068
1.00078
0.991451
0.989724
1.00576
1.0066
1.00463
1.00744
1.00507
1.00556
0.99836
1.00581
0.997916
0.996633
1.00719
0.987651
0.99836
0.99456
0.993721
0.99757
1.00547
1.00216
1.00413
1.00088
0.9991
0.988194
0.99683
1.00428
0.999643
0.997027
0.99076
1.00413
1.00389
1.00818
1.00231
1.00616
1.00502
0.993573
1.00019
1.00803
0.998212
1.00714
0.997768
0.998656
1.00334
0.994905
0.995991
0.991352
1.00384
1.00349
0.996583
0.994067
0.995152
1.00014
1.00571
0.998014
0.999742
0.997274
1.00552
1.00122
1.00221
1.00616
1.00176
1.0064
1.0031
1.0065
0.999988
1.00305
0.9991
0.999297
1.00507
0.997027
0.999396
0.991747
0.997126
0.991155
0.98923
1.00009
0.998952
0.996978
0.995054
1.0032
0.987602
0.997373
0.998212
0.994264
0.99604
1.00522
1.00132
1.00137
0.998459
0.984
1.00635
0.995448
1.01198
1.00172
1.00167
1.00566
0.992339
0.997126
0.986516
1.00107
0.996485
1.00798
0.99989
1.00433
1.00369
1.00285
1.00399
1.00024
0.996139
0.993968
1.0064
0.991747
0.991599
1.00206
0.998705
0.994905
0.991204
0.998212
1.0032
1.00428
0.999199
1.00221
1.00532
1.00265
0.999199
0.992043
0.990464
0.99762
1.00196
0.996583
1.00695
1.003
0.995251
0.995498
0.99984
1.00848
1.00581
0.999939
1.00586
1.00714
1.00394
1.00176
0.993178
1.00181
1.00325
1.00236
1.00996
0.998705
0.9915
0.999001
0.994412
0.999495
1.00221
1.00399
0.994708
1.00833
1.00068
0.999199
1.00196
0.994856
0.996287
0.997225
1.00137
1.00191
0.983654
1.01311
1.00566
1.00315
1.00374
1.00724
1.00201
0.992784
0.993622
0.99604
1.00867
0.990563
0.993425
1.00813
0.998014
0.995744
0.992833
1.00231
0.997866
1.01084
1.00374
0.996879
0.99831
0.999791
1.00522
0.998113
0.999692
1.00369
1.00241
1.00122
1.00344
0.999445
1.00241
0.99456
1.00739
1.0027
0.998014
1.00117
1.00246
1.00305
1.00102
0.99081
0.990513
0.998804
1.0026
1.00315
1.00453
1.00443
0.998113
1.00004
1.00295
0.99076
0.990168
0.998113
0.994955
1.00132
1.00379
1.00246
0.99836
1.00305
0.994757
1.00078
1.00275
0.996633
1.00226
0.998607
0.995942
0.991007
0.993376
1.00088
0.994856
1.00053
0.999791
1.00586
1.00547
1.01381
1.00142
0.997916
0.992734
1.00191
1.00068
0.996139
1.00556
1.00176
0.998952
0.995152
1.00399
1.0066
1.00709
0.991204
0.995991
1.00971
1.00537
1.01025
0.999544
0.997373
1.00848
0.992833
0.997274
0.992586
1.00892
1.00147
0.998113
1.00838
1.00028
1.00769
1.01065
0.99382
0.996583
0.996978
0.996287
1.00626
1.00413
1.003
0.993672
1.00132
0.997718
1.00231
0.99308
0.997324
0.99762
1.00191
1.00912
0.990563
0.999445
0.998113
0.988688
1.00384
0.99836
0.997324
0.995744
1.00117
1.00468
0.991846
0.99609
0.999297
0.999692
0.999742
1.00181
1.0067
0.992191
0.992932
0.989872
1.00201
0.998508
1.00176
0.98849
0.997866
0.995004
1.00443
0.992833
0.997965
1.00068
1.00236
0.994165
1.00344
0.996386
0.992932
0.992191
1.00685
1.00201
0.995202
0.997669
1.00374
1.00344
1.00384
1.00981
0.992191
1.00211
0.999248
1.00561
0.99757
0.999939
0.998607
0.993524
1.01124
0.997126
1.00053
0.993524
0.99984
1.00463
0.996139
1.00882
1.00542
0.995547
0.99535
1.00492
1.00547
1.00675
0.999051
0.993474
0.996633
0.999939
1.00344
1.01371
0.994659
1.00226
1.00601
1.00996
1.00902
0.995646
1.00216
0.989527
0.999051
1.00344
0.998755
0.998903
0.995892
0.997521
1.00359
0.994757
0.993622
0.999988
1.00556
0.998853
0.991698
0.999347
0.997225
1.00176
0.999742
1.00473
0.994313
1.00705
1.00329
1.01247
0.998705
0.997027
0.994807
1.00117
0.997521
0.999248
1.00226
0.997027
0.994264
0.997126
1.01035
1.00211
0.992537
0.998903
1.00739
0.998952
0.994856
0.993425
0.998459
1.00566
1.00724
0.990365
1.00152
1.0104
0.988836
1.00793
1.0028
1.00181
0.994955
1.00635
1.00705
0.995103
0.996633
0.987306
1.00413
1.0064
1.00438
0.99762
0.994905
1.00073
1.00038
1.00206
1.00137
0.994412
0.999001
1.00571
0.997521
0.988589
1.00073
0.995646
0.999692
0.998014
1.00369
0.994856
1.00571
1.0029
0.990267
0.996534
1.00512
1.00685
1.0063
1.00354
1.00191
1.00231
1.0026
1.00083
0.990415
0.999791
0.995991
0.999742
1.00922
0.998459
1.00241
0.999594
0.99831
0.993376
1.00191
1.00142
1.00601
0.990711
0.990069
0.9991
0.992685
1.00019
0.996781
1.00295
1.00157
1.00354
0.99984
0.998557
1.00102
0.998064
0.993178
0.995794
0.996139
0.999051
0.998064
1.0029
0.996583
1.00438
0.999347
0.994955
1.00399
0.996781
1.00157
0.999594
0.993425
1.00581
1.00117
0.99604
0.993622
1.00448
1.00063
0.995399
0.996633
0.99609
1.00058
1.0027
0.996287
0.995646
0.995695
0.997422
1.00591
0.992537
0.996189
0.994215
1.0066
1.01075
1.00552
1.00359
0.995646
1.00241
0.997373
0.99989
0.997422
1.00774
0.996287
1.00339
1.00714
0.99989
0.995942
0.997669
1.00132
1.00211
0.996337
1.00048
0.992635
0.995004
1.00221
0.99377
0.987799
1.00315
1.00226
1.00517
0.991698
0.998804
0.997472
0.999791
0.99456
0.997916
0.98928
1.00285
1.00038
1.00053
0.995892
0.99303
1.00024
1.00073
0.995251
1.00334
1.00561
0.993326
0.993277
1.00759
0.990513
0.998755
0.995547
1.00107
0.997965
0.996534
0.995695
1.00073
0.991007
0.992882
0.999396
1.00216
0.991056
1.00907
0.9953
1.00275
0.997274
1.00571
1.00601
1.00695
0.994412
0.999939
0.997718
0.988737
1.00492
0.992635
0.996781
0.998804
1.00102
1.00024
1.00403
0.990612
1.00774
1.0108
1.00344
0.998261
0.986763
0.996731
0.997175
0.991204
0.996139
1.00438
1.00251
1.00033
1.00028
1.00522
1.00418
1.0032
1.00157
0.999051
0.998952
0.998952
1.00176
0.995794
0.995646
0.997521
1.00068
0.991402
0.991155
1.00413
1.01119
1.003
1.00033
0.993672
0.994905
1.00917
1.00019
0.999643
0.99609
1.00408
1.00028
1.00083
1.00458
0.999396
0.999594
0.998064
1.01183
0.992537
0.999742
0.998113
0.992882
0.997175
0.99308
0.996337
0.999988
1.00976
0.993277
1.00399
0.998459
0.992241
1.00176
1.01696
0.989033
0.997866
1.00621
0.998113
0.998557
0.999791
1.00325
0.998508
0.994807
0.994412
1.00862
0.988095
1.00226
0.998804
0.997126
0.99609
1.00611
0.999199
0.998261
1.00191
1.00251
1.00576
0.995004
1.00478
0.999495
0.99076
1.00251
0.996731
0.996189
1.00818
0.998064
1.00251
0.999692
0.996139
0.999051
1.0026
1.00246
1.00088
0.996879
0.99377
0.992833
1.00695
1.00019
0.99762
0.998261
1.00576
1.0101
1.00028
0.995646
0.997718
1.01242
0.993573
0.999347
1.00473
0.994511
1.00019
0.996435
1.00201
0.999594
0.992339
0.997965
1.00941
1.00033
0.99609
1.0028
0.991599
0.999742
0.998459
1.00403
1.00285
0.998064
0.993622
0.995547
1.00547
1.00137
0.995152
1.00186
0.998755
0.998557
0.998409
0.999199
1.00764
1.0142
0.999051
0.999544
0.990563
0.995744
1.00083
1.00586
1.00522
1.00517
0.997965
1.00482
0.992981
1.00122
1.00586
1.00428
1.00349
1.00408
1.00181
1.00571
1.00255
0.993178
0.995744
1.00211
1.00241
0.99762
1.00255
1.00216
0.997175
1.00265
0.999051
0.996435
1.0064
1.00354
0.991945
1.00152
0.996929
1.00527
0.998508
0.99762
1.00251
0.992981
0.995744
0.994017
0.994955
0.994264
1.00137
0.996287
0.997373
1.01272
1.00211
1.00073
0.999001
0.998656
1.00043
0.997718
0.998261
0.991846
1.01065
1.00527
0.995152
0.994165
0.994609
0.99836
1.00236
0.993524
0.998261
1.00892
0.994955
1.00403
1.0028
0.996386
1.00063
0.997274
1.01055
1.00117
1.00344
0.99609
1.00024
1.00211
0.997472
1.00329
0.996879
1.00576
1.00399
1.00236
0.997373
0.99836
1.00877
0.995646
1.00236
0.997175
0.996879
0.989378
1.00675
0.993277
0.99604
0.997324
1.00043
1.00102
1.00186
0.999149
0.991895
0.994412
0.997422
0.992882
1.00176
0.995004
1.00364
1.00867
0.98775
1.00547
0.997126
0.993524
1.00635
0.997472
1.00665
1.00547
1.00275
1.01119
0.992389
0.998952
1.00719
1.00458
1.0027
1.00369
1.00142
1.00739
1.00349
0.997768
1.00764
0.994116
1.00211
0.995004
1.00887
0.989724
0.998607
1.00581
1.00749
1.00394
0.997225
0.98849
0.997817
1.00463
1.00231
1.00478
0.999347
1.00265
0.99989
1.00433
0.994412
0.997175
1.00418
1.00418
0.990958
0.995547
1.00349
0.986467
1.00216
1.00246
1.0029
1.00734
1.0031
1.00325
0.994757
1.00152
0.99377
0.998508
0.999742
0.990612
1.0107
0.994955
1.00221
1.00132
0.999149
1.00186
1.00413
1.00083
1.0107
0.994757
0.996731
1.00517
1.00645
1.00236
1.00241
1.01099
0.991007
0.999939
0.989132
0.993425
1.01376
1.00754
1.00226
0.999594
0.989625
0.991451
0.999396
0.993968
0.998014
0.995202
0.997324
1.00122
1.00413
0.995942
0.999643
0.992142
1.00542
0.992635
1.00537
0.999297
1.00043
1.00912
1.0026
1.00606
0.997324
0.990563
1.00024
0.999939
1.00591
0.991649
1.01065
0.997077
0.995498
0.989181
1.00127
1.00088
1.00255
0.999347
1.00428
0.999692
0.995448
0.994017
1.00162
1.00058
1.00137
1.0028
0.998952
1.00107
1.00285
1.00201
1.00591
1.00275
1.00857
1.0063
0.989132
1.00255
1.00167
0.99609
0.990217
0.992438
1.0032
0.999988
1.00112
1.00403
1.0067
1.00127
0.999939
1.00315
1.00349
1.00394
1.00423
1.00053
0.991895
1.0031
1.00438
0.998804
1.00576
1.00102
1.00384
1.00685
1.00907
1.00453
1.00009
1.00112
1.00275
1.01376
0.998212
1.00127
0.994116
0.992537
1.00601
0.996386
0.999544
0.993968
1.00601
1.00058
1.01203
0.997027
1.0027
0.998409
1.00359
0.990316
1.00843
0.99683
1.00339
1.00418
1.0068
1.00408
1.00226
1.00221
0.995251
0.99831
0.992734
1.00038
1.00098
1.00107
1.00112
1.00122
0.988638
0.999742
1.00413
1.00132
0.995942
1.00685
0.999643
0.997126
1.00038
1.00507
1.00024
1.00532
0.999791
1.00897
0.993524
0.999051
0.999495
1.00512
1.00428
0.994461
1.00009
0.993573
1.01282
0.999445
1.00596
1.01711
0.993425
0.992339
1.00384
0.999544
1.00157
0.992635
1.00093
0.999643
0.990612
0.99604
0.998162
0.994609
0.999347
1.00176
0.999791
0.996337
1.00808
1.00364
1.00226
0.996189
1.0067
1.00221
0.999149
1.00547
0.996139
1.00038
0.999445
0.994659
1.00685
1.00132
1.00315
1.00833
1.0031
0.989773
0.998162
1.00014
0.993376
1.00078
0.999643
0.999643
0.992932
0.995399
1.00487
0.999988
1.00033
0.996731
1.0029
0.999347
0.995646
0.993968
0.991451
1.0032
0.996978
1.00098
0.996435
0.999939
1.00009
0.989921
1.00038
1.00053
1.0101
0.98701
0.997225
0.995892
0.998607
0.999199
1.0068
0.992389
1.00053
1.00009
1.00512
1.00305
1.00083
1.00473
1.00857
1.01464
1.00359
0.993622
1.00408
0.999248
0.989428
1.0032
0.993968
0.990267
0.999939
1.00981
1.00009
1.00246
1.00176
1.00932
1.00463
1.00305
0.997669
0.99831
0.994757
1.00181
1.00142
1.0067
1.00788
1.00058
0.989329
1.00675
1.00389
1.00295
1.00734
0.997718
1.00606
1.00196
0.996534
1.00083
0.998656
0.990217
1.00043
0.997225
1.00102
0.998261
1.00275
0.995202
1.01149
0.995695
1.00211
0.991007
1.00073
0.992438
0.996682
1.0026
0.99604
0.99609
0.999791
1.00246
0.999692
1.00482
0.999594
0.999939
1.00813
0.997225
1.003
1.00019
0.997175
0.996781
1.00329
0.99229
0.987947
1.00453
1.00098
1.00354
1.00102
1.00088
0.999149
0.994708
1.00354
0.994363
0.991945
0.995695
0.996386
1.00349
1.00487
0.989033
0.994757
1.00132
0.995103
1.00591
0.997965
1.00043
0.998853
1.00389
0.995448
0.998804
0.998508
0.998113
0.998014
1.00774
0.992142
0.996287
0.989872
1.00384
1.00907
0.993277
0.996879
1.00221
1.00423
0.993968
1.0031
1.0063
1.00088
1.00981
1.01045
0.992142
1.00739
0.999297
1.00236
1.00433
0.996485
0.999594
1.00463
1.00621
0.99989
0.994856
1.00009
0.993524
1.00038
0.990267
0.998409
1.00181
1.00705
0.997718
1.00132
1.01395
1.00714
1.00157
1.00892
1.00147
0.999001
0.997916
1.00813
1.00107
0.99762
1.00073
1.00325
0.996879
1.0065
1.01534
0.999742
1.003
1.01173
0.994955
0.99984
1.01326
0.995843
0.998903
1.00053
0.998113
0.995646
0.997126
0.998212
1.01025
0.992586
1.00423
0.998557
0.998607
1.00463
0.996731
1.00517
1.00492
1.00231
0.99076
1.00315
0.994313
1.00675
0.992734
0.995646
0.995744
0.990859
0.9991
1.00265
1.01267
0.994264
0.995547
0.999445
0.999643
0.9991
1.0028
0.993968
1.00808
0.997422
1.00857
1.00221
1.00961
0.993425
1.00616
0.997175
0.995448
1.00552
1.00507
0.9953
0.997274
0.992981
1.00295
1.00581
0.997225
1.00265
0.991945
1.00734
0.997422
0.991155
1.00547
1.00063
1.00946
0.997422
1.00186
1.00339
1.00231
0.995251
0.990908
1.00364
0.997027
1.0029
1.00216
1.00813
1.00853
0.997324
0.996238
1.00586
1.00438
0.995448
0.991303
0.9915
0.99308
0.999051
0.991303
0.995448
1.00586
1.00004
0.991698
0.994017
1.00236
1.00231
0.996238
0.995646
1.00191
0.993326
0.997768
1.00418
1.00438
0.998607
0.999643
0.994905
1.00571
0.996287
0.997027
0.990069
1.00058
0.988688
0.998705
0.997965
0.993474
0.995547
0.995646
0.990958
1.00507
0.992932
0.995892
1.0101
1.01262
0.990563
0.9953
0.999544
1.00971
1.00231
1.00487
1.00719
1.00408
1.00734
1.00354
1.00265
0.993178
0.991106
1.00162
1.00364
0.998162
0.996583
1.00142
0.995843
0.998903
1.00428
1.014
0.991747
0.999594
0.999149
1.00843
1.00616
1.00211
0.989181
0.994264
1.00487
1.0069
0.9991
0.988095
0.993573
1.00433
0.994264
1.00083
1.00083
1.00912
0.992635
1.00857
1.00556
0.997274
1.0067
1.00191
1.00788
0.990662
0.998064
1.00157
1.00157
1.00374
0.997866
1.00453
1.00626
1.00009
0.994017
0.997274
0.994017
1.00453
0.994017
1.00078
1.00996
0.994609
0.99989
0.996583
0.988441
0.996189
0.98849
1.01144
0.998014
0.998853
1.00497
0.990958
0.993474
0.99382
1.0028
0.996929
1.00552
0.992241
1.00408
1.00028
1.00374
0.99229
1.00468
1.00236
0.991303
1.00502
0.997324
0.998607
1.00818
1.00147
0.998853
0.9991
0.987997
1.0029
1.00058
0.993178
1.003
1.00547
0.989329
0.999742
0.990859
1.00675
1.00186
0.999594
1.0064
0.992537
0.996238
1.00132
1.00561
0.997718
1.01055
1.00453
0.99683
0.998508
0.998261
1.00339
0.994511
1.00448
1.00354
1.00635
0.998607
0.992784
0.996879
0.990168
1.00078
0.991402
1.00236
1.00127
1.00902
0.995251
0.995103
1.00956
0.995251
0.997274
1.00769
1.00117
0.996189
1.00438
0.99303
0.992389
0.999297
0.999692
1.00853
1.00167
0.998607
1.00389
0.999199
1.00487
0.998705
0.985825
0.995596
1.00325
1.00487
0.991254
0.999199
1.00107
0.999742
1.00932
1.00315
1.01297
0.996485
1.0064
0.998952
1.00132
0.993228
0.993277
1.00231
1.0029
1.00053
0.989971
1.00028
1.00828
1.00043
1.00394
1.00596
0.998113
1.00408
1.00127
1.00255
1.00561
0.995547
0.999347
0.991994
1.00048
0.987355
1.00107
1.00107
0.99308
1.00112
0.999001
0.997077
1.00675
0.991155
1.00024
0.999544
1.00137
0.998212
1.00251
0.997373
0.988737
0.994165
0.999742
1.00734
0.990662
1.00961
0.995152
1.00127
1.00552
1.00601
1.00107
0.999594
1.00798
0.994609
1.00038
1.00315
1.00433
1.00251
0.999149
1.00774
0.994165
0.998261
1.00571
1.00009
1.00285
1.00611
0.996731
0.995448
0.993524
0.99377
0.997175
0.998853
1.01168
1.00132
1.00176
0.99757
1.00024
0.9915
1.00053
1.00285
0.999199
1.00507
1.00186
0.995991
0.998705
0.993228
1.00285
0.995794
0.990365
1.00695
0.998952
0.991994
1.00655
0.997373
1.00137
1.00107
1.0139
0.99609
0.999297
0.995744
1.00112
1.00186
0.996978
1.00764
0.995646
1.00833
1.00339
0.997965
0.996731
0.998903
1.00596
0.997866
0.9991
0.99303
1.0108
1.00369
0.998705
0.990365
0.999445
0.997916
0.98775
1.00078
1.00107
0.997965
1.00478
0.997817
0.99836
1.00547
1.00616
0.988737
0.995103
1.00956
1.007
0.991155
0.999297
1.0028
1.00537
0.999791
1.00176
1.00403
1.00167
1.00162
1.00394
0.997817
1.00241
1.00028
1.00063
0.999988
0.998113
1.00379
0.995892
0.991155
0.996189
0.989329
0.997324
0.998755
1.00507
1.00009
1.00532
1.00043
1.00157
0.998656
1.0066
0.998607
0.997225
0.999445
0.989823
1.00137
1.00334
0.999001
0.992685
1.00181
1.00379
1.00922
1.00093
0.998409
0.998656
1.00853
0.997274
0.986516
0.998705
1.00527
0.998113
0.998903
0.99155
1.01045
0.995004
1.00211
0.999199
0.996682
0.995498
1.00611
0.997472
1.00774
1.00759
0.994905
0.99303
1.00157
0.99308
1.00231
0.995695
0.994116
0.9953
1.0032
0.992438
1.00191
1.00162
1.00275
0.994017
0.996189
1.00339
1.00117
1.0063
1.0032
0.997521
1.00621
0.999791
1.0064
0.999248
1.00971
0.994659
1.00665
0.997521
0.994609
0.993721
0.996386
1.0026
0.990069
0.998261
1.003
1.00399
1.00093
0.996189
0.997669
0.992586
1.00502
0.998755
1.00132
1.00088
1.00167
1.00507
0.98775
1.00058
0.998261
1.00408
0.991204
0.997965
0.99456
1.00601
1.00122
0.991352
0.999396
0.995498
0.996682
1.01084
0.998607
0.997521
0.99757
1.00374
0.987799
0.998409
0.99609
1.00359
1.00927
0.995547
0.999199
1.00359
0.998409
0.999445
0.996238
0.992339
1.00399
0.993869
0.992734
0.995843
1.01109
1.00556
1.00655
0.99382
0.992142
1.0026
0.998409
0.999149
0.987898
0.995942
0.993869
1.00626
1.00443
0.998409
1.00571
1.00147
0.994511
1.00102
0.99683
0.996287
0.988046
1.00542
1.0029
1.00043
1.00098
1.00473
0.997521
0.999248
0.991945
1.00561
1.00196
1.00734
1.00793
0.993573
0.997077
1.00305
0.989527
1.00408
1.00295
0.993326
0.993968
0.994511
1.00517
0.999791
0.998508
0.984987
0.994067
0.995547
0.99831
1.00359
0.998212
1.00571
0.986319
1.00473
0.999988
1.0031
0.997225
0.995744
0.996682
1.00517
1.00374
1.00068
0.992981
1.00907
1.00172
0.996139
0.996682
0.999445
1.0028
1.00576
1.00147
1.00009
1.00176
0.994757
0.990859
0.996485
0.993573
1.0064
0.986566
1.00093
1.01149
0.999248
0.999347
0.988342
0.999988
1.00542
0.994067
0.998755
1.00142
0.999495
1.00325
0.999001
1.00443
0.999594
1.00379
0.994215
1.01331
1.00167
1.00739
0.999939
1.00645
0.997817
1.00246
0.992734
1.01267
1.00196
1.00024
0.99081
0.999495
1.0065
1.00275
0.995399
1.0065
1.01001
1.00714
1.0101
0.993869
0.99076
0.993721
0.997669
1.01321
1.0028
1.00394
0.997965
0.993968
1.00063
1.00364
1.00734
0.992339
0.996337
0.98775
0.994708
1.00803
0.998607
1.00083
1.00423
1.00724
1.00167
0.999445
0.991698
0.999445
1.00512
0.996879
0.999643
0.999396
1.00399
0.998952
0.998212
1.00369
0.999001
0.993524
0.997817
0.999791
1.00764
1.00033
1.00142
1.00137
0.998656
0.996534
1.00196
0.990859
1.00428
1.00665
1.01119
0.995399
0.994955
0.996386
1.00216
0.999988
0.993573
0.998903
1.00112
1.00399
1.00887
1.00946
1.00912
1.0031
1.00379
1.00107
1.00014
1.0028
0.997817
1.0028
1.00719
1.00507
0.995547
1.00236
0.994807
1.00122
0.995646
1.00053
0.994264
1.0139
0.992537
0.998705
0.998212
0.997225
0.990267
1.00517
0.988984
0.996139
0.99377
1.00191
1.00201
1.00453
0.993425
1.00167
0.998261
1.00586
0.997916
0.994905
0.998755
1.00828
1.01001
0.99757
0.996633
0.997669
1.00191
0.999939
1.00033
0.999149
0.997718
0.994461
0.999988
1.0029
1.00083
0.99762
1.00803
1.00147
0.996485
0.995448
0.998459
0.997768
1.00621
0.997718
0.99308
1.00162
0.996337
1.00744
1.00181
1.01075
0.998903
1.00626
0.99757
1.00058
1.00048
0.982371
1.00635
0.996287
1.00127
0.996583
0.999791
0.991649
0.99989
0.998656
0.997027
0.997274
0.996682
1.00063
1.01277
0.998557
0.994264
0.985973
1.01109
1.00315
0.999445
0.994856
0.99683
1.00922
1.00428
1.00167
0.996238
1.00749
1.00591
0.995991
1.00433
0.994609
0.993573
1.00339
0.997027
0.998162
0.99757
1.00463
1.00448
0.989872
1.01134
0.998903
0.999297
1.00729
1.00379
1.00547
0.997373
1.00216
1.00043
0.997225
0.999692
1.0069
1.00019
1.00359
0.999742
0.993672
0.994659
0.993672
0.99377
1.00966
1.00374
1.00033
0.997768
1.01139
1.00685
1.00088
0.994461
0.998113
0.998903
1.00063
1.007
0.998607
0.998853
1.00438
0.998656
1.00364
1.00024
1.00009
0.999988
0.999742
1.00251
0.992932
1.00645
0.99831
1.00359
0.997324
0.998064
1.00038
1.00848
0.995991
0.996583
0.996435
1.00251
0.996189
0.992784
1.00705
1.00231
0.99984
1.00102
1.00591
0.997422
1.00729
0.997225
0.999692
1.00552
1.00774
0.994905
0.996879
0.993968
1.00063
1.00043
0.996978
1.0029
1.00443
1.00068
1.00779
0.994757
0.994757
1.00665
0.998853
0.99604
0.987553
0.999149
1.00487
1.00833
1.00305
0.999742
1.00063
1.00645
0.989724
0.991747
0.993524
0.998162
1.00581
0.993474
1.00206
1.00201
0.995892
1.00695
0.997274
0.99609
0.999051
0.99836
0.999594
0.997274
0.998607
0.996139
1.00399
0.991649
1.0029
1.0032
1.00191
1.00744
0.990119
1.00058
0.990711
0.992438
0.990415
1.00063
0.994461
1.00744
0.990513
1.00349
1.00191
1.00744
0.996337
1.00078
1.00147
1.00206
0.998952
0.990859
1.00251
0.997866
0.992784
1.00053
0.994412
0.997422
0.99989
0.994807
1.0031
0.996485
1.00206
1.00216
1.00418
1.00211
0.997866
1.00423
1.00053
1.00932
0.998162
0.998804
1.003
0.998409
1.00586
0.999594
1.00176
1.0108
1.00167
1.00127
1.00112
0.998261
1.00107
0.999988
0.99989
0.995448
1.00714
1.0064
0.999939
0.998755
0.996879
1.00423
1.00058
1.00157
1.00033
1.00152
1.00216
1.00714
1.00438
0.99757
0.989181
1.00226
0.992734
0.996929
1.00364
1.00033
1.00769
0.99535
0.999544
0.994955
0.998113
1.00606
1.00033
0.995103
1.00265
0.997126
0.999149
0.992537
0.996386
1.00038
1.00872
0.997324
1.0031
1.01277
0.989625
0.995942
0.998853
1.00665
0.994165
1.00191
0.992389
1.00186
0.997472
1.00152
0.993228
0.994116
0.99836
0.995202
0.994609
1.00502
1.0028
1.00877
0.999742
1.00162
1.00739
1.00053
1.00275
0.998508
0.996189
0.993919
1.00137
0.994264
0.998952
1.00058
0.995843
1.00068
1.00403
0.99831
1.00364
1.00157
0.999001
1.00107
1.00033
0.988786
1.00808
1.00413
1.01208
0.999248
1.0026
1.00897
0.995004
1.00561
1.00507
0.999495
0.996682
0.997225
1.00246
1.01341
1.0029
0.992833
1.00028
1.00127
0.998903
1.0102
0.99076
0.999396
0.994412
0.996682
0.990612
0.996731
0.991402
0.991698
0.994659
1.00403
1.01469
1.00438
0.995596
0.995892
1.00038
0.997768
0.997866
0.992093
0.996337
0.998656
1.01292
1.00862
1.00399
0.995251
1.00147
0.997817
1.00211
1.0028
0.995103
1.00181
1.00191
0.997225
0.988934
0.991649
0.996978
1.00172
0.999643
1.00418
1.00058
1.00231
0.992932
1.00458
1.00566
1.00413
1.00305
0.99831
0.994264
1.0029
0.998557
1.00458
0.996682
1.00403
1.00028
0.998557
1.00231
0.992784
1.00709
1.00028
1.00033
0.9991
0.988836
0.998557
1.00399
1.00423
1.00004
1.00389
0.995448
0.995991
1.00453
0.992241
1.00172
1.00981
0.989428
0.992191
1.01529
1.00122
1.00014
1.00734
0.993178
0.997521
0.996978
1.00305
1.00167
1.01292
1.00028
0.99229
1.00517
1.00576
0.997027
0.995991
0.995646
1.0027
1.00295
0.995103
0.993326
1.00428
0.992487
0.995547
1.0069
0.995202
0.991846
1.00843
1.00788
0.992142
0.998113
1.00823
1.00433
0.9991
1.00211
1.00265
0.999001
1.0146
0.998952
0.997175
1.00162
1.00453
0.995547
0.997373
0.998508
1.00295
0.993524
0.997324
1.00389
0.999001
1.00295
1.00512
0.995892
1.00078
0.998064
1.00803
1.00275
1.00695
0.992833
0.995843
0.997324
1.00616
1.00561
1.00838
1.00053
1.00408
0.990316
1.00443
1.00251
0.997274
0.993228
0.998014
1.00339
1.01159
1.00009
1.00502
0.990859
1.00413
1.00808
1.00403
0.997472
1.00107
0.996633
1.00275
1.00329
1.00453
1.00497
0.999495
0.99377
0.999051
1.00527
1.00522
0.989773
1.00512
1.00147
0.994165
0.99757
1.00186
0.997274
1.00399
1.00167
1.00251
0.993326
1.007
0.998508
1.00354
0.99604
0.995744
0.9953
1.00176
1.00463
0.995991
1.00083
0.99456
0.995498
0.996929
0.999594
0.995152
1.003
1.00502
1.00561
0.99683
1.00532
1.00537
0.999643
1.00014
0.990908
1.01139
0.9991
0.990168
0.995596
0.999742
0.998755
0.997175
0.999988
1.01474
0.997768
0.996682
0.994905
1.00586
0.998705
1.00172
1.00221
0.992932
1.00764
1.00028
0.996386
0.992882
1.00512
0.992142
0.999347
0.982717
0.995596
0.995251
1.00255
1.00532
0.995646
1.0069
1.00369
1.00295
1.00251
1.003
0.9953
0.98849
0.99757
0.996978
0.997422
0.99604
1.00009
1.00083
0.997077
1.00172
1.00359
0.996583
0.997521
0.995103
1.00576
1.00009
1.00798
1.01134
0.996485
0.993622
0.997422
0.997225
1.00408
1.01178
1.00063
1.00576
0.993277
1.00339
0.993129
1.00359
1.00566
1.00019
1.00329
0.995448
1.00482
0.998162
0.991895
1.00211
0.999643
1.007
1.00862
1.00512
1.01302
1.00788
0.998853
0.988046
0.99609
1.00828
0.996238
1.00473
1.00769
0.99303
1.00004
1.00196
0.998113
1.00724
0.997965
0.992093
1.00004
0.996879
0.996583
1.00167
1.00068
1.00482
1.00142
1.00206
1.01188
1.00329
1.00418
0.994461
0.998261
1.00305
0.995152
0.993672
1.00211
0.99604
1.00162
1.00339
0.996238
0.991204
1.01183
1.0031
0.996485
1.00818
1.00902
1.00547
0.998508
0.991155
0.995843
0.997027
1.00591
0.998014
1.00675
0.99989
0.992241
1.01198
1.00566
0.999149
0.992438
0.999445
0.99382
0.99989
0.988688
0.991994
0.999692
0.998409
1.00887
1.00887
0.999594
0.996435
0.999001
1.0063
1.00083
1.00907
0.994264
1.00344
0.983605
0.995991
1.00522
1.00981
1.0031
1.00833
0.993622
1.00265
1.00181
0.99683
0.999001
1.00473
0.99984
0.991945
0.995448
0.994856
0.998853
0.997768
1.00843
1.00285
0.995695
1.00936
0.995744
0.999544
0.99456
1.00793
1.00201
0.996238
0.999445
0.99535
0.999001
0.994905
0.992537
1.00231
1.00369
0.998162
0.995152
1.0067
1.00048
1.00201
1.00211
1.00354
0.991204
1.00098
1.00216
0.998162
1.00522
0.997768
0.99377
0.996238
1.00655
1.00374
1.0029
0.998853
1.00665
1.00833
0.989921
1.00384
0.995942
1.00196
0.992734
1.00206
0.98854
0.997669
0.995991
0.995843
0.99836
0.995942
0.988786
1.00833
1.00571
0.99683
1.00527
0.990267
1.00971
1.00695
0.994856
0.99155
1.00443
0.995744
0.998113
1.00231
0.995547
0.998459
1.00344
0.998705
1.00176
1.00369
0.998952
1.00862
0.994807
0.999495
0.995202
1.00374
1.00048
0.998903
1.00028
0.999544
1.0063
1.00749
1.00561
1.00853
1.00137
1.00527
1.00399
0.995004
0.998853
0.998853
0.994609
1.00315
0.999939
0.996287
1.00265
1.00137
0.994955
0.994905
0.992438
1.00038
1.00581
1.00611
0.997472
0.98854
0.99984
0.998508
0.999396
0.998557
0.987651
1.00823
0.992784
0.996731
0.998607
0.995399
0.995991
0.99984
0.994708
0.996287
0.989181
1.00162
0.99683
0.995646
0.996485
1.0146
1.00556
0.997225
1.00181
1.00724
1.00167
1.01573
1.00719
0.992981
1.00196
1.00265
0.990464
0.998755
0.998952
0.996534
0.996337
0.990662
0.999544
1.00473
1.00142
1.01351
0.998804
0.999939
1.00547
1.00635
0.991204
1.00626
0.99303
0.975314
1.00019
1.00951
1.00339
1.00927
1.00522
0.992142
0.994609
0.997718
1.00078
1.00246
0.995942
1.00058
0.992191
0.999742
1.00438
1.0064
1.00497
1.00344
0.992784
1.00117
1.00142
0.996978
1.00196
0.999001
1.00206
1.0065
0.992339
1.00024
0.999692
0.998261
0.993869
0.997324
0.996287
0.987997
1.00606
1.01025
0.997669
0.99757
0.990513
1.00083
1.00966
1.00591
0.991945
1.00162
0.997027
0.99303
1.00448
1.00497
0.999199
0.983259
0.993968
1.00073
1.00315
0.992093
1.0032
1.00877
0.996485
1.01075
1.00571
1.00246
1.00571
1.00729
1.00581
0.999051
1.00295
0.991945
0.996238
1.00808
0.996435
0.990563
0.987306
1.00502
0.999791
0.999001
1.00127
1.00305
0.997521
1.003
0.991402
0.991106
1.00102
0.992339
1.0026
0.995843
0.999199
1.00586
1.00389
0.989773
1.00334
0.999001
0.999594
0.99382
0.991846
1.00556
0.999396
0.994659
0.99757
0.998162
1.00246
1.01292
1.0101
0.996978
1.00043
1.0029
1.00038
1.00349
0.996287
0.99604
1.0108
1.00384
1.00078
0.994807
0.99081
0.997965
1.00265
0.994264
1.00162
0.995942
1.00122
0.995547
1.00162
1.00088
0.998952
1.00532
0.994659
0.992932
1.00024
0.997027
0.99831
1.00334
1.00127
0.999791
1.00394
0.99081
0.993474
1.00394
0.997324
0.993326
0.996238
0.993178
1.00423
0.995399
1.00073
0.995843
0.994363
0.993721
0.996929
0.992981
1.00497
1.00463
1.00265
1.00665
0.999742
0.99303
0.991007
1.0028
0.993672
1.00339
1.00191
1.0026
1.00665
1.00009
0.999495
1.00635
1.00172
0.989527
1.00438
1.00329
0.997768
1.0031
0.991698
0.994856
1.00083
0.990513
0.99836
0.987306
0.999643
1.00626
0.997472
1.00403
0.989378
1.00325
0.998014
1.00172
0.995892
0.99604
1.00729
0.994461
0.995843
1.00181
1.00241
1.00813
0.996435
1.0064
1.0032
1.00843
0.995202
1.00374
0.996731
0.997817
0.992339
1.00709
1.00413
1.00265
0.997965
1.00394
1.01084
0.993524
0.999149
0.992191
1.00423
0.999495
1.00616
1.00255
0.996238
0.994116
0.990464
1.00172
1.00157
1.00714
1.00981
1.00201
0.99308
0.999297
0.998014
0.991895
0.993672
1.00122
0.99762
1.00019
1.00586
1.00255
0.999495
1.00349
0.998212
0.992191
0.993178
1.00611
0.9991
0.996435
1.00142
1.00167
0.998557
0.998557
0.995744
1.0066
0.998162
1.00374
1.00048
1.00887
1.00043
1.01282
1.01198
0.999001
0.996781
0.997274
1.00048
0.999643
1.00769
1.0026
0.992241
0.998162
1.00838
1.00675
1.00709
1.00014
0.997768
1.00482
0.996879
0.996534
1.00275
0.988392
0.996238
1.00344
1.00566
0.998508
0.997718
0.993178
0.999001
1.003
1.00374
1.00991
1.00339
0.995744
0.99831
0.993968
1.00927
0.995646
1.00502
1.00349
1.00458
1.00403
1.00423
0.9991
0.993228
1.00374
1.00325
0.997472
0.996633
1.00226
1.00453
0.997669
1.00325
0.998459
1.00478
0.997718
1.00892
0.992833
0.998064
1.01065
1.00882
1.00073
0.995892
0.996929
1.00063
1.00231
1.00389
1.00359
0.992043
0.998952
0.990662
1.0103
0.987257
0.994856
1.00616
1.01252
0.990958
0.996386
1.00048
1.00482
1.0069
0.994807
0.996978
0.995448
1.00389
1.00744
1.007
0.99836
1.00463
0.996781
0.996879
1.00285
1.00399
1.00892
0.997669
0.996978
1.00537
1.00043
1.00902
1.00645
0.995942
0.993178
1.00191
0.999248
0.990958
0.994264
1.00004
0.996287
1.00408
1.0069
0.995152
0.999001
0.986516
0.988194
1.00774
0.997274
1.00379
0.997274
1.007
0.99303
1.0026
0.996189
1.00408
1.00117
1.01218
0.996583
1.00833
1.00295
0.987108
0.991106
0.998853
1.00374
0.997225
0.992142
1.00492
0.991649
0.996485
0.989477
0.995942
1.00241
0.994215
0.998557
1.00601
0.998656
1.00325
0.996337
0.992586
1.0064
0.996386
0.998459
1.0108
1.00364
1.00369
0.989378
1.00098
0.999643
0.994412
0.997768
1.00399
0.997965
0.999445
1.00547
1.00117
1.00502
0.993869
1.00211
1.00675
1.0108
1.00344
1.00542
0.995399
0.994905
1.00359
0.999939
1.00473
0.997077
0.997422
1.00265
1.00172
0.998607
1.00818
0.987898
0.997126
1.00251
1.00122
1.00102
0.995152
1.003
1.0102
1.00556
0.996731
1.00616
1.00695
1.00611
0.98696
0.999544
0.997077
1.00862
0.996189
1.00181
0.999791
1.00024
0.992932
1.01272
1.01252
0.995054
0.998162
0.999544
0.998261
1.00206
0.997274
1.00606
0.998113
0.996534
1.00626
0.996633
0.996583
1.00167
1.00463
0.999001
0.987108
0.998212
0.992981
1.00611
0.995596
1.00334
0.987207
1.00838
0.99984
0.995794
0.99984
1.00196
1.00226
1.00502
0.995547
0.994659
1.00004
1.00098
1.00112
0.993425
0.994363
1.00907
1.00102
0.996731
0.996287
1.00102
0.991204
0.997916
0.996929
1.00556
0.989773
1.00073
0.993376
0.994412
1.00315
1.00502
0.992487
1.00556
0.998656
1.00344
1.00043
1.0032
0.997225
0.989724
1.007
1.00176
0.997422
1.01154
0.999791
1.00142
0.999692
0.996682
0.995498
1.00438
0.993622
0.996879
1.00053
0.993968
1.00349
0.989625
1.00438
1.00226
1.00122
0.998952
1.00408
0.992043
1.00063
1.00556
1.00774
0.994116
1.00379
0.999594
1.00463
1.00517
0.989971
1.00038
1.00265
1.00241
1.00196
1.00734
0.999001
0.998409
1.0032
0.990908
1.00043
0.991846
1.00453
1.00389
1.00255
1.00379
1.00305
1.00433
0.99535
0.998952
0.994461
0.997126
1.00586
0.99609
0.992339
1.00463
1.00719
0.99303
1.00779
0.99229
0.996435
1.00556
1.00226
0.999939
0.996189
0.997472
1.00152
1.00364
1.00186
1.00004
1.00754
1.00389
0.994955
1.00004
1.00191
1.00433
1.00936
1.00112
0.999396
0.994461
1.00181
1.00769
0.995399
1.00956
1.00206
1.00552
1.00813
0.992932
1.00438
1.00576
0.999248
0.999544
1.00399
0.993524
1.00882
0.998952
0.99535
1.00137
0.994856
0.996633
0.992784
1.003
1.0067
1.007
0.994116
0.989378
0.998212
0.992487
1.0066
1.00073
0.997472
1.00448
1.00991
0.9915
0.997175
0.997916
1.00581
0.990563
0.99762
0.998804
1.00236
0.993129
1.00561
1.00547
0.997373
0.992833
1.00759
1.00547
1.00117
0.997324
1.00112
1.00996
1.00058
0.99604
1.00063
0.987207
0.9991
1.00482
0.992833
0.995251
1.01025
1.00107
0.998212
1.00083
1.00413
1.01045
0.991846
1.00112
0.997225
1.00423
0.997175
1.00137
0.994609
1.00833
0.996435
0.996682
1.00107
0.995744
0.998804
1.00181
0.994807
0.998113
0.997669
0.995646
1.00102
0.99836
1.00359
0.990859
1.00857
1.00596
1.00922
0.997866
0.998755
1.00019
1.00428
0.994856
1.00423
0.993869
0.997422
1.00635
0.994165
0.997916
1.00305
0.996682
1.00216
1.00621
0.997521
1.00152
0.996781
1.00107
0.993277
0.994609
0.992043
1.00295
0.998903
1.0064
0.996781
1.00063
1.00127
0.997866
0.994461
0.994609
1.00152
1.0028
0.992487
0.998113
1.00122
1.00107
1.00956
1.00364
1.00265
1.00399
1.00196
0.99535
0.996337
1.00083
0.998459
0.99308
0.999001
0.997817
0.998508
0.996337
1.00843
1.00399
0.997274
0.999643
1.00408
0.99604
1.01015
0.993228
1.01218
0.999051
1.00147
0.998804
1.00754
1.00231
0.997175
1.00507
0.997669
1.00028
1.00665
0.99984
0.992191
1.00853
0.995843
1.00221
1.00196
0.995991
1.00502
1.00315
0.999544
0.999692
0.999149
1.00813
1.00561
0.9915
1.00448
1.00502
1.007
1.00364
0.99762
0.996781
0.994215
0.995498
0.997521
1.00009
0.993919
1.00443
1.01331
0.9991
0.996238
0.995646
0.996978
1.00221
0.995103
0.996978
0.990119
0.994363
1.00098
0.99683
0.991698
1.00675
0.998903
1.00216
0.996731
0.9953
0.988589
1.00251
0.996287
0.998113
0.995152
1.00576
1.00828
1.00561
1.00635
1.00532
1.00024
0.99836
0.992438
0.99609
0.998804
0.998804
0.995547
1.01302
1.00364
1.00068
1.0027
1.00359
0.98849
0.999001
1.00724
1.007
0.997175
1.00107
0.995448
0.998261
0.995448
0.996337
1.00265
0.996485
1.00487
1.00009
0.998212
0.991698
1.00127
1.00576
0.997126
0.998459
0.999742
0.99456
0.988786
0.995892
0.998903
1.00547
1.0027
1.00369
1.00275
0.996781
1.00626
0.995202
1.00566
1.0064
1.00186
0.996633
0.997718
0.998903
0.993326
1.00048
0.994165
1.00798
0.996238
1.01159
0.996534
1.00038
1.00329
0.998261
1.00063
1.00167
1.00088
0.998064
0.995152
1.00186
0.992734
0.995744
1.00265
1.00532
0.997225
0.998853
1.00236
1.00754
1.00591
1.00576
1.00098
0.996139
1.00596
0.990316
1.00251
1.00122
0.999199
1.00157
1.00053
0.993376
1.00734
1.00004
1.0102
0.994412
1.00058
0.992142
0.989724
1.0068
0.988441
0.992537
1.00221
1.00043
0.998755
1.00354
0.994955
0.996929
0.996633
1.00339
0.995202
0.991303
0.996287
0.999297
0.996781
1.00759
1.00527
0.995103
0.990316
0.998162
1.00024
1.01326
1.00137
1.00349
0.999199
0.996386
0.996879
0.996781
1.0029
1.00147
0.992685
0.998853
1.00897
0.999051
0.995251
1.00004
0.999544
0.9953
0.99989
0.991056
1.00882
1.00339
0.996682
0.995794
0.988194
1.007
1.00083
1.00364
1.00349
1.00394
0.992784
1.01548
0.992882
1.00576
1.00601
0.993721
0.997472
0.999149
0.996929
0.990908
1.00887
0.9991
1.01307
1.00053
0.99757
0.994017
1.00009
0.994116
1.00453
0.992389
0.996583
1.00053
1.00729
1.00191
0.99757
0.990563
0.988984
1.0103
0.997817
1.00028
1.00028
1.00063
0.998705
1.00004
1.00517
1.00458
1.00251
1.00221
0.989625
0.992487
1.00196
1.00093
0.987553
0.992784
1.00793
1.01316
0.994708
0.997077
0.998656
1.00359
0.9991
0.99535
0.999001
1.00571
0.994363
0.996337
1.00532
1.00339
1.00389
0.994905
1.00596
1.01055
0.989033
0.997324
0.999939
0.997521
0.99081
1.00033
0.998656
1.00265
0.999791
0.99831
0.995251
0.99308
0.998508
1.00122
1.00315
0.994067
1.00941
1.00502
0.995054
0.997077
0.997077
1.00147
1.00369
0.997274
0.999001
1.00374
0.995498
0.999199
0.995892
0.991155
0.997817
0.994461
1.00014
0.992685
0.997472
0.99683
0.999791
0.992438
0.996682
1.00394
1.00788
1.007
1.00729
0.996139
0.998459
0.995103
0.991402
1.00068
0.998755
1.00255
1.00364
1.00606
1.0031
1.00966
1.00329
1.00083
0.999347
0.997373
1.00058
1.00556
0.994757
0.997274
0.999594
1.00882
1.00068
0.985283
0.994165
1.00236
1.00384
1.00818
0.989625
0.985825
1.0065
1.00009
1.00606
1.00285
1.00705
1.00606
1.00522
0.997324
0.994363
0.99989
1.00107
0.998064
0.987799
0.991599
0.992586
0.998853
0.99604
0.996633
1.00024
0.999001
1.00196
1.00088
0.99609
1.00093
1.00053
1.00172
0.994807
1.00606
1.0102
1.00586
1.00783
0.997225
0.992537
0.995399
1.00152
0.999297
0.987898
1.00976
0.997422
0.994215
0.997718
0.986072
1.00251
1.00798
1.00216
1.00221
1.00828
0.999495
0.994955
1.00655
1.01321
1.01119
0.984937
1.01208
1.00665
1.00468
0.998557
0.997274
1.00783
1.00157
1.0064
1.00186
1.00418
1.00443
1.00112
0.992586
0.998755
1.00172
1.00201
0.994757
0.99382
0.999692
0.992635
1.00946
0.992635
1.00241
1.00517
1.01228
0.993968
0.999445
0.994708
1.01084
0.995942
0.99984
0.999199
0.998557
1.00354
0.994511
0.994955
0.996633
0.994461
0.997324
0.993869
1.00028
0.99762
0.999791
1.00675
1.00043
0.99757
1.00329
0.994363
0.997175
0.992241
0.99831
0.999199
0.994264
1.00102
0.994955
1.00828
0.99831
1.00774
1.00774
1.00438
1.00384
0.998212
0.998853
1.0029
0.998952
0.998409
1.00887
1.00823
1.00102
1.00364
1.00078
1.00739
1.00038
0.998705
0.992142
1.00517
0.994165
0.999594
1.00334
0.991599
0.996435
1.00754
1.00221
1.00236
1.00586
0.995942
0.994708
1.01188
0.991945
0.991895
0.98775
0.997373
1.0032
1.00329
0.997521
0.991994
1.00769
1.0032
1.00063
0.997225
1.00729
1.00221
1.00428
1.00033
1.00779
1.00788
1.00349
1.00285
1.0102
1.00591
0.999149
0.993524
1.00176
1.00394
0.993178
0.998064
1.00482
1.00063
0.999495
1.00098
0.996238
0.992043
1.00537
0.997866
0.997274
0.993277
1.01065
1.00581
1.00423
0.995892
0.993228
0.999594
1.00922
1.00162
0.994017
0.997077
0.999149
1.00176
0.999347
0.99229
1.00571
0.994165
1.00221
0.998162
0.999643
0.992784
1.00107
1.00251
1.00922
0.996978
0.99229
1.00147
1.00621
1.00127
1.00695
0.995547
1.00028
1.00384
1.01381
1.0066
0.99002
1.00191
1.00014
0.992784
0.988589
1.00709
1.00329
0.998162
1.00305
1.00329
0.999692
0.999396
0.999939
1.00122
0.997027
0.997768
1.003
1.00428
0.997768
1.00635
0.998212
1.00329
1.00172
1.00522
1.00107
1.00329
0.994116
1.00403
1.00226
0.997521
0.989872
1.00877
1.00078
0.992932
0.99303
1.00971
0.998705
1.00246
0.996978
1.00848
1.00098
1.0028
1.00369
0.998459
1.00502
0.993524
0.996189
1.00403
1.00482
1.00384
0.996978
1.00093
0.991056
0.999594
0.998853
0.998903
1.00132
0.99989
1.00586
1.01613
1.00221
1.00655
0.988934
1.00468
1.0026
1.00774
0.995004
1.00665
1.00413
1.0027
1.00818
1.00122
0.998014
1.00132
1.00601
0.995202
0.991352
0.993326
0.994116
0.99604
0.991254
0.995892
1.00764
0.99757
1.00403
0.999149
1.00053
0.997175
0.995152
1.00478
0.999347
1.00063
0.991747
1.00063
1.00004
1.00137
1.00043
1.01627
1.00181
0.993524
0.990415
0.986664
0.994264
0.99836
0.995843
0.997768
1.00423
1.00053
0.995646
0.991649
1.00137
0.998903
0.99836
0.999248
0.999594
1.00265
1.00448
0.998607
0.9991
0.995448
1.00305
1.00063
1.00078
1.00423
0.99456
1.00181
1.00867
1.00088
0.99604
0.996189
0.994017
0.993968
1.00547
1.00098
0.99229
0.991254
1.00566
1.00468
1.00438
1.00093
0.995695
0.998014
0.998113
1.00586
1.00714
1.00379
0.992043
0.998656
0.997768
1.00359
1.00241
0.999939
1.00241
1.00423
1.00848
1.0029
0.995942
0.99076
1.00117
0.992784
0.995054
1.00221
1.00635
1.01307
1.00833
1.00946
1.00463
0.998952
0.993425
1.00986
0.991649
0.999939
0.995843
1.00211
1.00305
1.00547
1.00231
0.998656
0.987997
1.00566
0.992339
0.988737
1.00478
1.0029
1.00448
0.999001
1.00004
0.99229
0.99609
0.997175
1.00201
0.999396
0.997373
1.00433
1.00132
1.00423
1.00201
1.00063
0.98469
0.993524
0.998409
1.00206
0.999692
0.993524
0.986615
0.99609
0.988786
1.00507
1.00068
0.993869
0.998064
0.992339
0.995744
1.00448
1.01593
1.0031
1.00626
1.00236
1.01627
1.00349
0.998705
1.00028
0.999149
1.00783
0.99836
0.996485
0.998212
0.994905
0.992833
1.00132
0.99535
0.992784
0.996633
0.994165
1.00024
0.995942
1.00137
0.998853
0.994264
1.00734
1.00448
0.989477
0.995646
0.996287
0.997768
0.997126
1.00009
1.00305
1.00132
0.997225
0.998705
0.995596
0.999248
0.996879
1.0031
1.00374
0.997472
0.994017
1.0102
0.994955
0.997077
0.992389
0.998261
1.00428
0.997422
1.00251
0.993129
0.998557
1.00556
0.997472
1.00191
0.999297
1.01726
0.989329
0.997472
0.985283
0.995448
0.998014
0.996337
0.9991
0.993178
0.997077
1.01025
1.00201
0.991698
0.995054
0.994905
1.01208
0.992093
1.00779
0.999791
0.994609
1.00492
1.00251
1.00325
1.00093
0.987108
0.999594
0.99836
0.991698
1.00695
1.00571
1.00043
1.00798
0.997472
0.997274
0.988589
1.00107
0.993277
1.00961
0.986171
0.99456
1.00714
1.00453
0.991007
1.00137
0.98627
1.00024
0.994363
1.00265
0.990267
0.997126
1.00468
0.995892
1.007
0.994511
1.00275
0.993277
0.994165
0.997718
1.00142
0.999347
1.0028
0.998113
1.00181
0.99155
1.0029
0.999199
0.992685
1.01104
1.00379
0.993376
1.00236
0.991451
0.994215
0.998656
0.99303
1.00009
1.00394
1.00384
0.999445
0.991007
0.992734
1.01109
0.997669
1.00181
1.00127
0.99762
0.999396
0.998014
0.999988
0.997866
0.991451
1.01149
0.995695
1.0065
1.00122
1.00349
1.00764
0.991994
1.00379
1.00127
0.99984
0.988984
0.99757
1.00107
1.00152
0.991007
1.00098
1.00251
1.00537
1.00325
1.00236
1.00295
0.99989
1.00176
1.0067
0.997866
0.999495
1.00616
0.999248
0.998656
1.0065
0.994955
0.996682
0.998607
1.00754
1.003
1.00744
1.00359
1.00482
0.99609
1.0064
0.99456
1.00364
1.00912
0.991895
0.993869
1.00843
1.00083
0.992833
0.999939
0.999791
1.00433
0.994609
0.998607
0.990217
0.995843
0.999742
1.00379
0.999248
0.993376
1.00813
1.00532
1.00325
1.0028
1.00122
0.992093
0.994363
1.00803
1.00616
0.993919
1.00127
0.994412
0.999594
1.00285
0.997866
1.00423
1.00793
1.00014
0.992833
0.99155
1.00167
1.00537
1.00542
0.99757
0.991649
1.00176
1.00221
0.999939
0.997916
1.00601
1.00265
0.993178
0.999791
1.00122
0.999051
1.00009
1.00058
0.988145
1.00626
0.994609
0.999347
1.00058
1.00719
0.999051
1.007
1.00502
0.994757
0.998755
0.99604
1.00714
0.994659
1.00941
0.99831
0.996682
0.996682
1.00571
1.00019
0.997175
1.00512
1.00265
0.995695
0.99535
1.00201
0.986812
0.986467
1.00542
0.998755
1.00078
0.990563
1.00024
0.998804
1.00887
1.00048
1.00093
0.997422
0.997077
1.0069
1.00571
0.997126
1.00285
0.996978
0.990267
0.997718
0.993573
1.00621
0.987651
1.003
0.995152
0.998014
0.994708
0.996534
1.0031
1.01622
0.998459
0.999742
0.99456
0.996435
1.00078
0.992191
1.00571
0.99683
1.00552
1.0032
0.993228
1.00492
0.999199
1.00379
0.998656
0.998903
0.996189
0.994313
0.999594
1.00838
0.999791
0.997718
1.00201
1.00073
1.00981
0.997916
0.998014
1.00591
1.00196
0.998014
0.99989
0.990612
0.995744
1.00028
1.00241
1.00749
0.996978
0.996386
0.99081
0.999742
0.998656
0.999643
1.00265
0.999988
1.0065
1.00172
0.995646
0.996731
0.998014
0.992389
0.998804
1.00122
1.00048
1.00596
1.0029
1.00157
0.992981
1.00107
1.00423
0.992389
0.991155
0.991352
1.00418
1.00162
1.00275
1.01316
0.995498
1.00576
0.999001
1.00556
1.01237
1.00162
1.00685
1.00019
0.998607
1.00364
0.990958
0.998656
1.00255
1.00473
0.997965
1.00088
1.00167
0.998162
1.00522
1.01617
0.99456
0.998409
1.00241
1.0065
1.00098
1.01055
0.998261
1.00542
1.00019
1.0032
0.996583
1.00621
1.00576
0.996731
1.00749
1.00231
0.99377
0.998903
1.0029
1.0031
0.995646
0.997077
0.992932
0.98701
1.00265
0.998459
0.999791
0.991846
0.995646
1.00181
1.00537
0.997274
0.995744
1.00354
0.998952
0.997175
1.00255
1.00408
1.0029
0.995843
1.00176
1.00142
0.990958
0.998508
0.995942
0.999594
1.00019
1.01381
1.00122
1.00774
1.00344
1.00478
1.00132
1.00315
0.998804
0.997916
0.997916
1.0029
1.00744
1.00399
1.00305
0.992833
1.00433
0.991106
1.00581
1.00645
0.99535
0.991056
1.00112
0.9915
1.00216
0.997274
1.00181
1.0064
1.00369
0.997866
0.992833
0.992537
1.00453
0.992537
0.994807
1.00078
0.996139
1.00428
0.993968
0.997175
1.0028
0.997916
1.00458
1.00463
1.00231
0.987799
1.00216
1.00251
0.993376
0.999445
1.00265
1.00448
1.00152
0.989181
0.994757
1.00157
1.0068
0.996534
1.00734
0.999594
0.998508
1.00334
1.0031
1.00053
1.01203
0.998508
1.00403
0.996583
1.00354
0.998557
1.00517
1.01089
0.999495
1.00917
1.00162
1.00532
1.00028
1.00532
1.0032
0.998853
0.997324
0.996435
0.998409
1.00848
1.00497
1.00887
0.999297
1.00196
1.00167
1.00142
0.998064
1.00122
1.00206
1.00295
1.00601
1.00413
1.00038
1.00354
1.00098
1.00201
1.01129
0.996287
1.00339
0.998459
0.997274
1.00853
1.00527
1.00384
1.00236
1.00024
0.994955
1.0066
1.00206
1.00705
1.00556
1.00783
0.99762
0.994264
0.993376
1.00616
1.00626
1.00024
1.00172
1.00344
1.00537
0.996781
0.991945
1.00132
0.995054
1.0102
1.00137
0.999495
0.988243
0.998607
1.00196
0.999544
0.997718
0.992932
0.995843
1.00009
0.997718
0.994511
1.00695
1.00517
1.00285
1.00186
1.00181
0.988786
1.00325
0.997422
0.999692
1.00655
0.999643
1.00848
0.999445
0.996583
1.00122
1.00329
1.00635
0.986862
1.00729
0.991352
1.00241
1.00729
1.00591
0.992241
0.995103
0.999544
0.996929
0.998508
1.00606
0.99989
1.0101
0.99609
1.00621
0.997817
0.991402
0.992833
0.999988
1.00502
1.00478
0.998557
0.996929
0.998113
0.99831
0.998557
0.998607
1.00315
1.00275
1.00626
1.00473
0.999199
1.00438
0.994363
1.00033
1.00162
0.99081
0.998261
1.00329
0.996978
1.00236
1.00226
1.00665
0.993721
1.00265
0.992241
1.00542
0.988885
0.996189
0.996337
0.99831
0.998804
1.00334
0.994412
0.998804
0.997126
1.00221
0.997324
1.00329
0.998804
1.00374
0.994412
0.999544
1.00655
1.00512
1.00853
1.00167
1.00058
1.00349
1.00132
0.998212
0.989527
1.00241
1.00098
1.00048
1.00389
0.998656
1.00181
0.99382
1.00581
0.998064
1.00221
1.00749
0.996386
0.999051
0.995448
0.999001
0.99831
0.994067
1.00399
0.997225
0.995695
0.993425
0.997126
1.00329
0.999791
0.995794
1.00053
0.999347
1.00418
1.00315
0.993178
0.995251
0.995547
1.00083
1.00685
0.994807
0.995152
0.996485
0.991698
1.00152
1.00922
0.99609
1.0028
0.996633
1.00606
1.00251
1.00231
1.00334
1.00038
0.997718
1.00492
1.00147
1.00719
1.00769
0.994067
1.00019
0.993129
0.99762
1.01084
0.996386
0.997077
0.999445
1.00413
0.999297
1.00645
1.00892
1.00571
0.987947
1.01252
1.00547
0.991352
1.00107
0.997175
1.00517
1.00862
0.998113
0.998557
0.996682
0.999544
0.995399
1.01168
1.00413
0.994461
0.9953
0.990464
1.00221
1.00295
1.00552
1.00073
1.00004
1.00038
0.999297
0.994264
0.997126
0.991352
0.999742
0.998853
1.00685
0.99984
0.998705
0.999297
0.99308
0.993178
0.988737
1.00724
0.993129
0.987207
1.00818
0.996978
1.00448
0.994856
0.999199
0.999445
0.995646
0.993376
1.0027
0.991945
0.993721
0.988243
1.00038
0.996731
1.00043
0.996978
0.996287
1.00443
0.995892
0.991402
1.00196
1.00507
0.996978
1.00329
1.00088
0.993869
1.00172
1.00295
0.994659
0.992191
1.0069
0.992882
1.00255
0.992487
1.00685
0.994264
0.999248
1.00408
0.998656
0.997472
1.00063
1.00354
1.00315
0.995399
0.997718
0.996485
0.994905
1.00315
0.997768
1.00774
0.996287
0.997965
0.996139
1.00793
1.00028
1.0068
1.00024
0.994955
0.999297
1.01835
0.995596
0.989576
0.999149
0.994067
1.00532
0.999791
0.996435
1.00867
1.00127
1.00374
1.00275
1.00349
1.00492
0.994757
0.999594
0.994659
0.995202
1.00522
1.00167
0.993474
1.00586
1.00621
0.998804
1.00833
0.99762
0.993672
0.991945
1.00334
1.00754
0.997373
1.00769
1.0032
0.99303
0.999347
0.990711
1.00132
0.993869
1.01228
1.00803
1.00107
1.00176
0.993622
1.00147
1.00226
0.996238
1.00206
0.993425
1.00833
1.00458
1.00695
0.995202
1.00221
1.00315
0.991352
0.997422
1.00078
1.00083
0.997768
1.00221
1.00364
0.991895
0.997175
0.993129
1.00028
1.00172
0.998212
1.00132
0.994757
1.00142
0.998212
1.00083
0.999396
1.0105
1.00137
0.99382
1.00167
0.997916
1.00236
1.00408
0.995103
1.00764
1.00241
1.00433
1.00191
1.00867
1.00468
1.00344
0.9953
0.991352
0.997422
0.995695
1.00635
1.00073
1.01287
0.9953
0.99831
1.00083
1.00581
1.00172
1.00522
1.01045
0.999742
0.989823
0.995054
1.00078
0.997077
0.993968
1.00157
1.00556
1.00571
0.998261
0.996879
0.999347
1.0066
0.981779
1.00537
1.00581
0.994363
0.998409
1.0028
0.999248
0.999199
1.00394
1.0031
0.996633
1.00028
0.999544
1.00877
0.997225
1.00098
0.999149
1.00359
1.00507
0.999199
0.995251
0.983457
1.00172
0.999791
1.0028
0.99303
0.998014
1.00571
1.00033
1.00418
0.997669
1.00369
1.00463
0.99757
1.00438
1.00527
0.994264
0.997768
0.99757
1.00399
1.0031
1.00098
1.00354
0.992241
0.992932
1.00329
1.00191
1.00413
0.998853
0.993968
1.00265
0.984838
0.997077
1.00349
1.00107
0.993376
0.992833
0.987355
0.999988
1.00334
1.00724
0.994955
0.997521
0.99836
1.01188
1.00112
1.00236
1.00117
0.996879
1.00971
0.994461
0.997077
0.999643
0.998952
1.00428
0.996287
0.999495
1.00384
0.996139
0.991797
0.995152
0.99377
1.00522
0.997521
1.00028
0.998903
0.999001
1.00295
1.00542
0.991451
0.996781
0.996435
0.989921
0.998656
0.997324
1.01307
0.996485
1.00275
0.991451
1.01045
1.00295
1.00231
1.00107
1.00186
1.00759
1.00211
0.999692
1.00137
1.00487
1.00226
1.00438
0.997521
0.994905
1.00359
1.00379
1.00172
0.984148
0.998212
0.994708
0.998755
1.01302
1.00961
0.9915
0.999297
0.99382
1.00152
0.994757
0.994461
1.00004
0.998656
1.00374
0.98696
0.994461
0.998409
1.00423
0.997521
1.00803
1.00093
1.00132
0.997521
1.00463
0.996879
1.00853
1.0064
1.00226
0.997472
0.992784
1.00176
1.00423
0.997274
0.996583
0.99836
0.988145
0.998508
1.0064
1.00142
0.989724
0.997027
1.00586
0.998804
1.00043
0.995942
1.00053
0.997274
1.00093
1.00009
1.00596
1.00073
1.0063
1.00532
0.996435
0.999791
0.989181
1.00221
1.00152
1.0063
1.00172
0.989576
0.996189
