0.99757
0.989428
1.00719
0.989428
0.989181
0.99683
0.984246
1.00325
0.99609
0.997077
0.995103
0.987701
0.991402
0.978571
1.03113
0.999544
0.999051
0.993869
0.983013
1.00547
1.01904
0.997077
0.992635
0.998557
1.02052
1.01139
0.992389
0.989675
0.987701
0.99683
1.00571
1.00423
0.99831
1.00719
0.995103
1.00152
0.99831
1.0104
0.993129
1.00325
1.00201
0.979065
0.989921
1.01139
1.00497
0.990168
1.00448
0.996583
1.02126
0.980792
1.00325
0.990415
1.00374
0.99535
0.99757
1.00152
0.994856
0.990908
0.989428
0.991649
1.01608
1.02471
0.983506
0.992882
1.01139
1.00941
0.999791
1.00645
1.01484
1.02224
0.990662
0.981779
0.992389
1.00596
1.00251
0.998804
0.979558
1.01262
1.00423
1.01484
0.983259
1.00867
0.992389
1.02101
1.00349
1.00053
1.00571
0.994609
0.989921
1.00769
0.994116
1.00818
0.999544
1.00152
1.00867
1.01558
1.00275
0.98548
0.984246
0.980792
0.989921
1.00571
0.991649
0.987947
1.00028
1.02101
0.990662
1.02274
1.0067
1.0146
0.990908
1.00744
1.00547
1.00078
1.00818
1.02348
1.01854
0.988194
0.99831
0.973883
0.99535
0.977584
0.992635
1.00645
0.995843
0.985233
0.994609
0.996337
1.00423
0.982272
0.994363
0.984987
0.981532
0.989921
1.00497
1.00127
0.994609
1.00695
0.994116
0.994116
0.99683
1.00769
0.989921
0.997077
0.99757
1.0183
1.0067
0.99757
0.994856
0.972403
1.02076
1.01336
0.990415
0.992389
1.00028
0.994116
1.00744
1.00571
0.99757
1.01237
1.00892
0.977831
1.00374
0.999791
1.00078
0.999051
0.986714
0.980545
0.990662
0.994363
1.01534
0.982519
0.994609
1.00004
1.01484
1.01015
1.0183
0.992142
0.984
0.994856
1.01484
0.989181
1.01336
0.99757
1.00251
1.00226
0.99683
1.00325
1.01484
0.991895
0.991155
1.003
1.01657
0.998064
0.989921
0.989428
1.03483
1.003
0.973636
1.00744
0.991402
0.98696
1.003
0.999297
0.993622
0.98696
1.00793
0.992635
0.988688
0.997817
1.00028
1.01065
0.982272
0.982272
0.976844
1.02224
0.999791
1.01435
0.995103
1.00201
1.01336
1.01139
1.00522
1.00176
0.993622
1.00744
1.01015
1.00769
1.00251
1.00102
1.00201
1.00448
1.00744
0.99757
1.00744
1.02545
0.994116
1.00275
0.990415
0.98474
0.990662
1.01904
0.991895
1.00571
1.01336
0.990168
0.991895
1.0257
0.995596
1.02595
0.998557
1.01065
0.994856
1.00892
1.00028
1.0183
0.998557
1.00522
0.989181
1.01163
0.989428
1.00473
0.998557
0.994856
0.988688
1.0146
1.00399
1.00399
1.01262
0.990415
0.990908
1.022
0.994609
0.98696
0.989675
0.989428
0.993129
1.00152
1.00917
0.980052
1.00325
1.00966
1.00793
0.983013
0.988688
0.994609
0.987454
0.995596
0.981779
1.02669
0.986467
1.0141
0.980298
0.999297
1.00275
0.998064
0.996337
1.01237
0.992882
0.984246
0.993869
0.992142
1.01361
0.993869
1.00053
0.988441
0.991402
1.02521
1.01336
1.01534
1.00028
0.998557
0.985233
1.0146
0.988441
0.980052
1.01583
1.00571
1.00226
1.00078
1.00201
1.01756
0.98696
0.99757
1.01213
1.00522
0.986714
0.999051
1.00522
1.02767
0.997324
1.02348
0.984987
0.98622
0.988934
0.975117
0.977338
1.00769
0.991895
1.00448
1.00226
1.03606
1.00226
1.00423
0.998064
1.00917
0.988194
1.02175
1.01978
1.00645
0.984493
1.02989
0.990662
1.00719
0.994116
0.981779
1.00793
0.982766
0.990168
1.00251
0.989181
0.998557
1.00571
0.987947
0.991895
1.00818
1.00176
1.01213
1.00621
1.00991
0.991895
0.998804
1.01015
0.988934
0.997324
0.993129
0.978078
0.999297
0.985973
1.00596
1.01114
0.982272
1.01065
0.978571
0.997324
1.00843
0.991649
0.985233
0.982766
0.998804
1.00053
1.02693
0.985973
1.00374
1.03187
0.998064
1.01015
0.999791
1.00028
0.98696
1.00991
0.984
1.01237
1.01534
1.00349
0.994856
1.00867
1.0104
1.02496
1.00596
1.00547
1.01509
0.998064
1.00818
1.02027
0.991155
0.997077
0.981532
0.978571
0.974377
0.999297
1.00818
0.987701
0.992142
0.995843
0.977831
0.969442
1.00571
0.982272
0.988441
0.991155
1.01213
0.989181
1.003
1.02052
0.984493
0.990908
1.03039
1.00571
0.99609
1.00078
0.985727
0.99757
1.01805
1.02817
1.01139
0.996337
0.998804
0.983013
1.01065
1.00251
1.02274
1.00127
1.01706
0.989428
0.986714
1.00423
1.00448
0.999051
0.993622
0.986467
1.00226
0.997817
1.00522
1.01805
0.994363
0.979558
0.993376
1.00621
0.989921
0.989428
1.00152
1.00497
0.998804
1.01534
1.00152
0.99757
0.991649
0.991155
1.01336
1.02669
0.995843
0.995103
0.998557
0.966728
1.00275
0.977338
0.991895
1.01805
1.01065
0.987207
1.00028
1.00102
1.00818
1.01311
1.01015
0.993129
1.00201
0.999544
0.998557
1.00078
1.00473
1.02965
1.00571
1.00522
0.983013
0.988688
1.00966
0.99831
1.00719
0.994363
0.989428
1.00473
0.99535
0.984493
1.00448
1.01484
0.981532
0.99757
0.98474
0.994856
1.01065
1.01237
0.994116
0.987701
1.01706
0.996583
1.02372
1.00793
0.989675
1.02619
0.999791
0.987701
1.00621
1.00917
1.00102
0.989428
0.991649
0.999544
0.98548
1.00275
0.996583
1.01484
0.981532
0.992635
1.00275
0.979065
1.00695
1.03384
0.999791
0.996583
1.00028
1.01114
1.00966
1.0294
0.988441
1.00399
0.992142
1.00892
1.01509
1.00793
1.003
1.00917
0.995843
0.98622
0.995596
1.01015
1.00596
1.00078
0.99831
1.003
0.996583
1.01682
0.984987
1.00152
0.994609
0.994363
0.991155
1.01163
1.02496
1.00448
0.982026
0.988934
0.987454
1.01953
0.994116
0.976351
1.00473
1.00818
1.01509
1.00374
0.998557
1.01583
0.969935
0.996583
1.00843
0.99831
1.01287
1.02002
0.99683
0.979558
1.02446
1.00818
0.984987
1.00448
0.998064
1.00325
1.02052
0.997817
0.987207
0.981779
1.0294
1.01386
0.973883
0.989921
1.01237
0.980545
0.990168
1.0183
0.992389
0.985233
0.994856
0.98474
1.01756
0.999791
0.989675
1.02743
1.00053
0.986714
1.00473
1.00522
0.991402
0.985233
0.99609
0.985973
0.976104
0.997817
0.991649
1.00769
1.00497
1.01386
0.987207
0.995103
1.01583
1.02002
0.993869
0.982766
1.00399
1.02372
0.990662
1.022
1.00201
1.00127
0.994856
0.964507
0.99757
0.988688
0.995843
0.993869
0.978818
1.01237
0.990662
1.00547
0.999051
1.02792
0.96352
1.0104
1.00176
0.978325
0.992389
1.00004
0.99535
1.0141
1.00793
0.987454
0.992389
0.988194
0.999791
1.00127
1.00917
0.981532
0.985727
1.01953
1.0141
1.01608
1.00818
1.01904
1.00793
1.01657
1.00127
0.994116
0.995843
1.01089
0.993129
1.01015
0.989428
1.01854
1.00695
1.00374
1.01904
1.00325
0.99683
0.999791
1.0067
1.00325
1.00028
1.0067
0.993129
1.02298
1.00152
0.993622
1.00917
1.00078
0.983506
0.992142
1.01311
1.00275
1.00053
0.98696
0.997077
1.00275
1.02076
1.01361
1.00053
0.988441
1.00078
1.00744
1.00917
0.976597
0.999544
1.00004
1.00522
0.991649
0.983259
0.994116
1.003
1.0141
1.01435
1.00596
0.990662
1.00596
0.998804
1.00892
1.02644
1.01682
0.982272
0.984
0.989428
1.01632
1.00275
1.01361
1.00448
0.980545
1.01682
1.00522
1.01336
0.985973
1.01484
1.00547
0.993376
0.977584
1.00201
1.00176
1.01854
0.990168
0.988934
1.00004
1.00769
1.00078
0.99535
0.990908
0.976104
1.01015
1.00645
0.977831
1.01978
0.993376
1.01163
1.01089
1.01731
0.99757
1.01928
1.00645
0.983013
1.00843
0.97339
1.00251
1.01336
1.00102
0.996337
0.986714
1.02126
0.989181
0.979065
0.99683
1.00028
0.998804
1.00325
0.985233
1.01163
0.98474
1.01558
1.00522
0.977831
1.02224
1.00102
0.98622
1.00793
0.978818
0.994116
0.982766
1.00917
1.00843
0.993129
1.01015
0.98696
0.96352
1.01015
1.00448
0.992882
0.980298
1.00078
0.989181
1.01015
0.990168
0.995843
0.994116
0.99757
0.994116
0.98548
1.01953
0.990662
1.00867
0.986467
0.985233
1.01632
1.00596
0.982766
1.00127
0.976844
0.992635
1.00053
0.995596
1.00522
0.995843
1.00399
0.990415
0.988194
0.991402
1.03211
1.01904
0.998557
0.990662
0.991895
0.999544
0.97561
0.983753
1.02052
0.993129
1.01262
1.00028
0.998064
0.977831
1.00497
0.984987
0.971169
1.00325
0.997324
0.994609
0.993376
0.994609
0.982026
1.00497
0.988934
1.02372
1.01287
1.00497
1.00448
0.995103
1.00399
1.022
1.00078
0.980792
0.98696
1.01139
1.00744
1.01854
1.00078
0.997817
0.984987
0.985973
0.988688
0.979805
1.01657
1.00448
1.00818
0.996583
1.00917
0.997077
0.990662
0.993129
1.0178
0.98548
0.987454
0.983753
1.01139
0.997324
1.01928
0.977831
1.01089
0.99831
0.99609
1.01188
0.999051
1.01287
1.00695
1.02446
0.993376
1.00621
1.02521
0.999791
1.00423
0.989181
1.01188
0.987701
0.998064
1.00201
0.993376
0.988934
0.973883
0.981779
0.979558
1.00004
0.983013
0.988688
0.981779
1.00349
1.01534
0.99535
0.989675
1.01509
0.987454
0.993376
0.99683
0.988688
0.994363
0.987701
1.01089
1.01287
0.991155
1.01287
0.993376
0.987207
1.01163
0.998804
1.00399
0.992882
0.993869
1.02052
1.00966
1.00374
1.00966
1.00127
0.982026
0.995596
0.999297
0.98548
0.988194
0.978818
0.987454
1.00152
0.987207
1.00423
1.01632
1.00645
0.982519
1.02348
1.00251
1.0067
1.0257
0.990908
1.00917
1.02298
1.0104
1.02496
1.00793
1.03261
1.00201
0.999791
1.00053
1.01756
1.00621
0.992635
0.996337
1.00917
1.01854
1.00621
1.01262
0.987947
1.00571
0.983259
1.00127
0.984
0.991895
0.983259
1.01089
0.983506
0.99535
0.99831
0.991895
1.01682
0.99535
1.003
1.01237
1.00201
1.01928
1.00621
0.990662
0.999544
1.0104
0.981779
1.00744
1.01534
1.00423
0.984246
0.999297
0.99831
1.01262
0.99831
1.00571
1.00547
1.00867
1.01065
0.994856
1.003
0.988934
1.00028
1.01139
1.00941
1.01237
1.0067
0.992142
0.992389
0.999544
1.01163
1.01287
1.02521
1.00078
0.99609
1.01188
0.992389
0.992142
1.01953
0.982766
1.00522
1.00547
0.993376
1.00127
1.0104
0.991895
1.00645
0.989181
1.0183
1.02224
1.00349
0.989428
1.00102
0.983259
0.995103
1.01953
1.01188
0.99757
0.969935
1.01484
0.983506
1.01558
1.01015
1.00275
1.02052
1.01015
1.00004
0.973143
1.01706
1.00102
1.00547
0.987207
0.988194
1.00448
0.994116
0.985233
0.997077
0.992389
0.997324
1.01287
0.994363
1.00522
1.00127
1.02249
1.00645
0.993622
1.01509
1.00078
0.999297
0.998064
1.01534
1.00399
1.00843
0.978818
1.01657
0.994116
1.00275
1.00102
1.00695
0.982766
0.993869
0.999544
1.02002
1.01509
0.997324
1.00448
0.99831
1.00547
0.982766
0.975857
1.00102
1.00226
1.003
0.992635
1.02126
1.00226
1.00941
0.997817
1.00621
1.00596
1.00028
1.02471
0.977091
0.985233
0.986467
0.994116
0.983753
0.984246
1.00596
0.986467
0.99683
0.982519
0.991895
0.988934
1.01188
0.983259
0.986714
1.0178
1.00448
1.00793
0.991155
0.998804
1.02669
1.00596
1.00078
0.99757
0.996337
1.00818
0.993869
0.980052
1.00028
0.990415
1.02323
0.998064
1.02224
1.02002
0.993129
0.99609
1.01682
0.987454
1.01213
0.989428
1.00448
1.00127
1.00522
0.985233
1.00966
1.003
0.98548
1.00966
1.01854
1.01706
0.995596
1.00152
0.997324
1.00917
1.00547
1.00053
0.999051
0.99831
0.993869
1.00719
1.01484
0.985727
0.991402
1.00176
0.990415
0.992882
0.998064
0.980792
0.986714
1.00028
0.981779
0.995843
1.00596
1.00941
0.989921
0.984987
1.01928
0.992389
0.991402
0.992389
1.00991
0.990168
1.00028
1.00966
1.01435
1.00325
1.00596
1.00078
0.987207
1.01287
0.998557
0.979805
0.992882
0.990415
1.01484
1.01114
1.0067
1.01904
1.00917
0.997077
1.003
1.00028
0.995843
1.01287
1.00966
1.00843
1.01237
1.01213
1.00374
0.997324
0.997077
0.99683
0.990662
1.01558
1.00275
0.991895
0.967221
0.975857
0.999791
0.995103
0.996583
0.985233
1.02052
1.0178
0.977831
0.995843
1.02126
0.999544
1.01237
1.01311
1.02224
0.994363
1.01805
1.00152
0.985233
1.022
0.996583
1.01435
1.00991
1.01583
1.00966
0.98474
1.00596
0.994856
1.00867
1.00473
0.990662
0.995596
1.00991
1.00078
1.02274
1.00053
0.998557
1.0215
1.00497
1.0178
0.97413
0.992142
1.0294
1.00473
1.00053
0.993622
0.997077
0.998557
0.998804
0.990662
0.995103
1.00843
0.985973
0.99535
1.01188
1.0104
1.00892
1.01188
0.99683
0.99535
0.992142
0.987454
0.976104
0.993376
0.99831
0.984
0.986714
0.968455
1.01089
1.00004
1.00078
1.003
0.999544
0.987207
0.983753
1.00596
1.00053
0.980298
0.973883
0.99535
0.982519
1.01435
1.00423
1.01163
1.01311
1.00497
1.00201
0.992142
0.992635
1.00719
1.00053
1.01237
1.00522
1.01139
0.999791
1.00769
0.997324
1.00275
0.994363
0.994116
0.981779
0.998804
1.01509
1.00793
0.993622
1.02126
1.01336
1.00399
0.999051
1.00201
0.992882
1.00078
1.00695
1.00102
0.983013
1.00793
1.01484
1.01287
1.00448
0.98474
1.01706
0.99609
0.989921
0.992142
0.984987
1.00991
0.979311
1.00941
0.992389
0.995596
1.01336
0.99609
1.00028
1.0067
1.01336
1.01608
0.998557
0.989921
0.989921
1.0368
1.00769
1.00966
0.988441
1.00793
0.991895
0.986714
0.989181
0.98622
0.997077
1.00769
0.979558
0.986714
1.02323
0.991155
0.987454
0.980545
1.00127
0.963027
1.00645
1.00473
0.990415
1.00176
1.00818
0.992142
1.00941
1.00621
1.00349
1.00448
1.00325
1.00053
1.00719
1.01386
1.02175
1.00793
0.997817
1.0067
0.981285
0.991649
0.985973
0.997817
0.995596
0.992882
1.01336
1.00818
0.98696
0.999791
1.003
1.01805
1.01237
1.00769
1.00596
0.982766
1.00251
0.994856
0.993869
1.00818
1.01139
0.970676
1.01139
0.989921
0.984987
1.01583
0.991649
0.995843
1.00102
1.00941
0.984246
0.999051
1.003
1.00152
1.01336
0.991155
1.01805
1.01065
1.00127
0.993869
0.995596
0.993869
1.00522
1.01361
1.01139
1.00719
1.00226
0.978571
1.00843
1.00176
0.98474
1.02101
0.989675
1.00621
0.989181
1.00793
1.02841
0.984987
0.982519
0.982766
1.01509
0.990908
1.00941
0.992882
0.993129
0.998804
1.01065
1.00152
0.999544
0.996583
1.00448
1.02076
1.00596
1.00152
0.998064
0.978078
0.996583
0.99535
1.01435
0.994363
1.01583
1.00127
0.98622
1.02027
0.985973
0.976351
1.0146
1.00917
0.989675
0.995596
0.995596
1.00078
0.998064
0.989921
1.01904
0.999297
1.00028
1.00719
0.992635
1.00769
0.994363
1.00325
0.998804
1.01435
0.998064
0.967961
0.99609
0.981039
0.973143
0.980545
1.00275
0.985233
0.976104
1.003
1.00991
0.988194
1.00621
1.01139
1.00078
1.0104
0.980052
0.978818
0.991649
0.99757
0.998804
0.984246
1.00991
1.00152
1.00621
1.01632
1.00127
0.98548
1.01114
0.970922
1.00892
0.99831
1.01287
0.990168
0.997077
1.00448
0.991895
0.988688
0.989675
0.985727
1.00374
0.998064
0.991155
0.985727
0.983753
1.00522
1.00769
0.996583
0.993869
1.00917
0.994116
1.00596
0.998804
0.991155
1.02669
1.02224
0.99831
1.00645
0.980298
1.00497
1.00201
1.00325
0.989428
1.00423
0.998064
0.981532
0.994116
0.988194
1.01287
0.983506
1.00423
1.00892
0.994116
0.985233
1.00127
0.99831
0.998557
1.00497
1.00547
0.994856
1.00719
1.00053
1.01015
1.0067
0.98548
0.990168
0.992389
1.02249
1.003
0.997817
1.00473
1.00892
0.995596
1.00892
1.01287
0.995596
1.01262
0.989428
1.01336
0.995843
0.988194
0.998557
0.998064
1.02496
1.01065
1.01262
1.00547
1.02323
0.999297
1.00201
0.996337
0.99535
0.988688
1.00719
0.980298
1.01706
0.997817
1.0183
0.992882
0.980298
0.983753
1.00695
0.992389
0.991402
0.973143
0.994609
0.995103
1.02002
1.00621
0.99609
0.996583
0.982272
1.01632
1.00695
0.991895
0.991402
0.997817
0.997077
0.966728
1.00645
0.994609
1.0215
0.992389
1.00621
0.99535
0.992389
0.978818
0.99831
0.995103
1.00769
0.991402
1.00004
0.993129
1.03409
1.01706
1.00423
1.01015
1.02397
1.00004
1.00843
1.0067
1.01608
0.991402
1.00793
1.00941
1.00053
1.00102
1.00818
0.988688
0.995103
1.01163
1.00695
0.995103
1.01089
1.00941
1.00892
0.981779
0.991649
0.998557
0.990168
0.99535
0.971416
0.988934
1.03063
0.991649
0.991155
1.00374
1.01583
1.02002
1.00645
0.978325
1.00275
0.988934
0.988194
1.00645
1.00325
1.01854
1.00621
1.01558
0.979558
0.999791
1.01188
1.00941
0.981285
1.01435
1.01435
1.00226
0.985727
0.983259
1.00547
1.03088
1.00423
0.990908
1.00275
1.00843
0.97265
0.992635
1.01756
1.00892
0.99535
0.984493
1.00275
0.99831
0.99757
1.00769
0.997077
0.975364
1.02052
1.00892
0.988194
1.00867
1.00596
1.00547
1.00374
1.00374
1.01435
1.00349
1.00102
0.993376
1.00004
1.02002
0.995843
1.00127
1.0141
0.992142
1.00325
0.988441
1.0141
1.00004
0.99757
1.01311
1.00917
1.00695
1.01015
0.977091
0.998064
1.00423
1.01978
0.99831
0.999791
0.987207
1.01879
1.00645
0.99609
0.983013
0.982272
0.997077
0.988194
1.00325
0.996337
0.964014
0.99683
0.988194
0.98548
0.987454
0.99757
1.01089
1.02669
1.00571
0.983013
0.997817
1.00102
1.003
1.01065
0.999297
0.985727
1.0067
1.00325
1.00349
1.02545
1.00547
1.00769
0.98696
0.993869
0.979805
1.00793
0.98548
0.998804
1.00473
0.991402
1.003
0.983753
1.00275
1.00226
1.00892
0.997077
0.975857
1.00621
1.00571
1.0178
1.00621
1.00867
1.00596
1.00621
1.00028
1.00818
0.981532
0.998804
1.00004
1.01114
1.00349
1.00867
0.995843
0.987701
0.972896
0.971909
0.999297
0.992882
1.02619
1.00226
1.00226
1.00325
1.00028
1.00843
0.983753
0.975364
1.00423
1.00571
1.00176
1.00078
0.99683
1.02792
0.992635
1.00004
0.996337
1.01089
0.978078
0.994609
0.989181
1.02274
0.99757
0.99683
1.02422
0.984987
0.997817
1.01287
1.03261
0.993129
0.985973
0.989675
1.00547
0.987207
0.992142
0.978818
0.997324
1.02249
0.99757
1.02002
1.03458
1.00522
1.00966
0.996337
1.00867
1.00596
1.00176
1.00152
1.01361
0.998557
0.989675
1.01262
1.01336
0.997817
0.971416
0.978078
0.993622
0.979558
0.995843
0.992389
0.98696
0.987454
1.01336
1.02743
1.0178
1.01657
0.994609
1.00818
0.997817
1.00621
0.992389
0.99831
0.996337
1.02595
0.976104
0.992882
1.00818
0.994116
0.999051
0.992142
0.989675
0.99831
0.974623
0.991895
1.00078
1.01682
0.996583
1.00325
1.0178
1.0067
1.022
0.99535
1.00176
1.01015
0.989675
0.990908
1.02693
0.988441
0.989921
0.988934
1.00497
1.003
0.972896
1.01287
1.01015
0.99683
0.990415
0.993376
1.00102
1.01311
1.00251
1.01632
1.0368
1.003
1.01484
1.00004
1.01114
0.99683
0.981285
1.00473
0.972896
0.995596
0.99757
0.994609
1.00867
1.01139
1.01163
0.986714
0.990908
1.00645
1.00028
1.00547
1.00793
1.00078
1.00571
1.00571
0.982519
0.994856
1.01608
0.993129
1.00399
1.00621
1.01608
0.990662
0.994116
0.982519
0.984987
1.00176
0.998804
1.01386
0.998804
1.00275
1.01237
0.984246
1.0104
1.00349
1.0178
0.985727
0.994363
0.986714
1.00473
0.984246
0.986467
0.998804
1.00152
1.02397
1.00621
0.988441
0.988441
0.991402
0.987947
0.980545
0.996337
1.003
1.00053
0.98474
0.994116
1.01188
1.01139
0.999544
1.00571
1.00004
1.00028
0.992389
1.01854
1.02792
1.00744
0.992635
0.98622
0.991155
1.00917
1.00004
0.984246
1.02323
1.02446
0.988934
0.99683
1.00547
1.00596
1.01731
1.00571
0.984493
1.01854
1.01089
1.00201
1.00374
0.983013
1.00769
0.98696
0.997817
0.985727
0.997324
0.997077
0.980545
1.01139
0.99535
0.992142
1.01509
1.0178
0.987454
1.00769
1.00423
1.0294
0.996583
0.979558
0.999544
0.99535
0.997817
1.02126
1.00867
1.01213
1.00793
1.00547
1.00448
0.997077
1.00571
1.01065
1.00867
1.00028
1.00325
0.994116
1.01435
0.981779
0.987454
1.00374
0.995596
0.991895
0.987947
1.01213
1.00522
0.993376
0.985233
1.00004
0.99757
1.00176
0.988688
1.0178
1.003
1.01657
0.992142
1.00497
0.997077
1.00966
1.01065
1.00004
0.982766
0.992635
0.988441
1.00448
0.993622
1.00374
0.990908
1.00374
1.01805
1.0104
1.00719
1.01435
1.00028
0.983259
0.987207
0.999544
0.982026
0.999544
0.995843
0.99757
0.987454
1.00349
0.973883
1.01978
1.01089
1.00399
1.00004
1.00547
0.988688
1.02595
1.00645
0.988688
0.98696
0.969689
1.00719
0.994116
0.978078
1.02891
1.00892
1.01632
0.977584
1.00102
0.990908
0.995843
0.988934
1.00325
1.00793
1.01953
0.985727
0.983013
1.00053
0.976104
0.99609
0.998804
1.0141
0.999791
0.982766
1.00448
1.00621
0.98696
0.980545
1.00473
1.00497
0.997324
1.00571
0.97561
0.991155
1.02298
1.00201
1.003
1.003
1.02224
0.990168
0.990168
0.993869
0.994609
0.985727
1.01953
1.01213
0.978325
0.965247
0.992389
1.00744
0.998804
0.992882
1.01386
0.996337
0.99535
1.01114
1.01114
1.01386
1.00078
1.00645
0.99535
1.00325
0.973143
1.01879
1.00571
0.992882
0.984493
0.989675
1.00053
0.988441
1.02348
1.01188
0.980792
1.00892
1.01854
1.01854
0.984
1.03409
0.993376
0.987701
1.00152
1.01361
0.986714
0.993622
1.00399
1.00374
0.994363
0.987701
1.01978
0.989428
1.00843
0.992635
0.981285
0.993376
0.989181
1.00769
0.994116
1.00078
1.02002
1.00423
0.989428
1.00497
0.984987
1.02126
1.00399
1.01213
0.995103
1.00917
0.98622
0.98622
1.00176
1.00176
0.998557
0.971416
1.00744
0.999051
0.995596
1.01114
1.00818
1.03261
0.999297
0.999051
0.978078
0.987207
1.01262
1.00028
1.00004
0.97339
0.97487
0.990662
1.00571
0.994856
1.00892
0.985727
0.98474
1.02101
1.00325
0.981532
0.992635
0.994856
0.998064
1.00176
1.01904
1.00349
0.993376
1.00004
1.00201
1.01928
1.01706
1.00744
1.01114
0.960559
1.00793
0.992142
1.01361
0.999297
0.982519
1.01015
0.988688
1.03458
0.999544
0.998557
0.99609
1.00547
1.00867
0.989675
0.987454
1.00818
0.989675
0.995843
1.00127
0.997324
0.988688
0.991155
1.01706
1.00004
1.00522
1.0141
0.989428
1.00078
0.988194
1.01805
1.00744
0.99757
1.00867
1.00473
1.00275
1.00399
0.998064
0.985727
1.00152
0.993622
1.01262
0.990662
0.989675
0.997324
0.968948
1.00152
1.02767
1.00102
1.00991
0.989181
0.992389
1.00448
0.97561
1.0104
0.987454
1.00769
0.998804
0.976844
0.990662
1.00028
0.963273
1.00226
0.988194
0.99609
1.00251
0.99609
1.01089
1.00004
1.01558
0.99831
1.01163
1.00571
1.00621
1.02891
0.989675
0.994116
0.994363
1.01336
0.991895
0.99831
1.00448
1.01386
1.00793
0.993129
0.994609
1.02052
1.00325
1.0067
0.995103
0.988688
1.01139
1.00127
0.978571
0.989675
1.0146
1.02372
1.02249
0.973143
0.99831
0.997077
1.02027
1.00917
0.989428
1.003
1.01262
0.988194
1.01139
0.984493
1.00078
1.02891
0.976844
0.98622
0.989428
0.990168
1.00497
0.992635
1.00867
1.00078
0.988441
0.979558
0.976844
0.99757
0.999051
0.992389
0.997324
1.00399
0.992142
0.982766
1.003
1.01015
1.003
0.987947
1.00053
1.00497
0.99831
1.02002
0.994363
1.00522
0.997077
1.01139
0.997324
1.00004
1.00571
1.02521
1.00399
0.976844
0.999297
0.976351
0.988934
0.994363
0.976597
0.999297
0.992142
0.98548
1.02693
1.00966
1.02446
0.998557
1.01386
0.998804
0.961299
1.00473
0.999297
1.00152
1.01484
0.976597
0.993376
1.00275
0.973883
0.980792
1.01311
1.01065
1.01163
0.999297
0.988441
0.989675
0.988441
1.0104
0.998557
1.00621
1.00769
0.999791
0.999051
0.983506
1.01386
1.00867
1.00102
1.01311
1.00028
1.00152
0.997077
0.986467
1.01361
1.00547
0.994609
0.990908
1.00719
0.99609
1.00645
0.995596
1.00374
0.991649
0.999791
0.996583
1.00793
0.985973
1.01015
0.998804
0.98696
1.01163
0.999544
1.00571
1.00349
0.988934
1.0215
1.00325
0.99683
0.994363
0.997324
0.989921
0.990168
0.988194
0.997324
0.999791
0.984987
0.999791
0.97487
0.987207
0.991895
1.02052
1.00152
0.987207
0.987947
0.995103
0.990908
0.995843
0.99831
0.980052
1.00892
1.00596
0.987701
1.00695
0.984493
1.00991
0.963767
0.993622
0.999051
1.01682
1.0104
0.993869
0.998557
1.00152
1.01854
0.973883
1.00645
1.00793
0.991649
1.00078
1.00004
1.00127
1.02767
1.00127
0.992389
0.991895
1.00226
1.00028
1.00423
1.01114
0.993376
0.98548
0.989181
1.00127
1.00744
0.993622
0.989921
1.00744
1.01311
0.995843
1.00941
0.961053
1.00325
0.989181
0.992882
1.00645
0.998064
1.00695
1.00226
1.00818
1.03211
1.00991
0.981285
0.994856
1.01065
1.00571
0.99831
0.99831
0.997077
0.988194
1.0141
1.00325
1.00078
1.00053
1.00892
0.977091
1.00349
0.986714
1.01534
1.01731
1.00966
1.00325
1.00275
0.975117
0.991402
0.981779
1.01706
1.00226
1.01608
1.00917
1.00374
0.98696
1.00201
1.00448
1.00423
0.989675
0.989675
0.994856
0.999791
0.999051
1.01213
1.00127
1.01089
0.975857
0.985727
1.02446
0.996583
0.97413
0.993622
0.982766
1.00621
0.996583
0.996337
1.01311
1.01089
1.00522
1.02274
1.003
1.00325
0.992635
1.01065
0.984
0.991155
1.0178
1.00102
1.01608
1.00448
1.00695
0.985233
1.01583
0.990168
1.00941
0.995596
0.992635
0.991402
1.01731
0.995596
1.00843
1.01139
1.00473
0.985973
0.98474
0.992389
0.993376
0.988441
1.01139
1.00374
0.981532
1.01262
0.986714
0.996583
1.00028
0.993129
1.00127
0.98474
0.979805
1.00547
1.00349
0.967961
0.98548
1.01139
0.98474
1.03261
0.988688
1.01583
0.988194
1.00028
0.997817
0.995596
1.003
1.01188
0.988194
0.979065
1.01114
0.995103
1.00251
0.99683
1.00818
1.00004
0.994116
1.00695
0.999297
0.998064
1.00399
1.02076
1.0104
0.989675
0.998804
1.00201
0.976844
0.98474
0.987454
1.00102
0.975857
1.00004
1.00892
1.00547
0.999544
1.01978
0.99609
0.990908
0.976597
0.988934
1.00769
0.998804
1.00028
1.00053
0.998557
0.997077
1.00275
0.996337
0.983013
1.00275
1.00793
0.991402
1.01534
1.00547
0.999791
0.973636
0.987454
0.993376
0.99831
0.985973
1.01756
0.99831
1.00621
0.978571
1.01237
0.996583
0.99831
1.00325
0.979558
1.00078
1.01213
1.00423
0.999544
1.02348
0.993869
0.999791
0.991155
0.999297
0.973883
1.00251
1.00571
0.988688
1.01065
0.994363
1.01558
0.99831
0.989428
1.00078
0.991402
0.998064
0.986714
1.01608
0.998064
0.987454
0.990908
1.02743
1.01139
0.98548
1.0141
0.96204
0.978078
0.992882
0.993869
1.01139
1.01336
1.00325
0.994609
1.01805
1.00621
1.00695
1.00127
0.983753
0.966234
1.00571
1.00176
0.976844
0.992635
0.992389
1.00966
0.997077
1.00226
1.02027
0.998557
0.996337
1.02323
0.99757
1.00522
0.991649
1.00892
1.00695
1.00349
0.992882
0.98622
1.00448
0.987947
0.987454
0.991895
1.00349
0.992882
1.01632
0.986714
0.982766
1.00275
1.00078
0.985973
0.978325
0.996337
0.993129
1.00349
1.01237
0.994116
1.00325
1.00053
0.988934
0.99609
1.00325
0.990415
1.00004
0.975364
1.00645
1.00152
0.991155
1.00744
1.01805
1.03137
0.973636
0.995596
1.01139
1.00621
1.00102
0.999297
0.993869
1.0067
1.00621
0.977584
0.986714
1.00423
1.00843
0.996337
0.983259
0.999791
1.00127
0.981039
0.973883
0.992882
1.00374
1.01237
1.01583
1.02891
1.00152
1.003
0.992635
0.991895
0.982272
1.01632
0.975857
0.989428
0.995843
0.999297
1.00917
1.00892
1.00769
1.00226
1.00941
0.99609
1.01089
1.00028
0.97561
1.00152
0.979805
1.01509
1.00596
0.993622
1.01089
1.00374
0.984246
0.993622
0.993869
0.993376
0.993129
1.0067
1.01188
1.01953
1.03137
1.00399
1.00053
0.993376
0.992389
1.01682
1.00226
0.992142
0.99609
1.00941
0.989921
0.984987
1.003
0.982519
1.0067
0.99683
0.992389
0.994609
1.00127
0.997817
0.989675
0.990908
1.01015
1.01904
0.99757
1.03211
1.00596
0.999297
0.992635
0.997324
0.995843
0.98622
0.983506
0.988194
1.00966
1.01361
1.01287
1.00843
0.998804
0.981532
1.00102
1.00448
1.01484
1.00917
0.984493
1.00892
0.99535
1.00547
0.995103
1.0067
1.01361
0.976844
0.999297
0.987207
1.0183
1.00497
0.991402
1.0104
1.01484
0.989428
0.989181
0.988688
0.991155
0.990168
1.01953
0.99683
1.00547
1.00176
0.981779
1.00251
0.980052
0.999051
0.997817
1.00201
1.02101
0.987207
0.992882
0.999297
1.01237
1.00991
0.976104
1.00547
0.96278
1.00769
0.998064
0.980298
1.00004
1.00127
0.998064
1.00497
0.99683
0.99757
1.00102
0.990662
1.00818
0.988934
0.986714
1.00251
1.01435
0.99683
1.00991
0.993622
0.996583
1.00226
1.00695
1.01089
0.994363
0.99831
0.998804
0.985727
1.00818
1.00571
1.00349
1.00374
1.00201
0.986467
1.00102
1.00769
1.02669
1.00596
0.993622
0.990662
1.00102
0.999544
0.998804
1.01904
0.997817
1.03039
1.00621
0.993376
0.993129
0.991895
0.99831
0.978571
1.01756
0.984246
1.01089
0.993869
1.00522
0.986467
1.00423
1.02767
0.988688
1.00448
0.987947
0.991649
0.994609
1.02101
0.988688
0.99609
0.984493
0.991895
1.0215
1.02076
0.995843
1.03507
0.983753
0.98474
1.00497
0.972156
0.984246
0.998557
0.995596
0.983506
0.98474
1.00769
0.982766
1.003
0.992142
1.00423
1.01065
1.00719
0.977091
0.992882
0.999297
0.998064
0.998804
1.02052
1.00892
0.965247
1.0183
0.983753
1.00152
1.00127
0.990908
0.984987
0.981532
0.999051
1.00349
0.990662
0.989428
1.0146
1.00621
0.979065
0.993622
0.979805
0.98696
1.01213
0.971909
1.00176
0.99757
1.00522
1.01756
1.01558
0.991402
1.01657
1.00448
1.00917
1.02718
1.02323
1.01262
0.991402
1.00423
1.01188
0.997817
0.999051
0.986467
1.01287
0.999051
0.984
1.00251
1.00473
0.994363
0.997324
0.99609
1.01089
0.992389
1.00991
1.00769
0.987701
0.981039
1.03063
0.991402
0.982272
1.00423
0.995596
1.00892
1.01237
0.990415
0.994856
1.0294
0.997077
1.00917
1.00251
1.00991
0.994856
0.993376
0.991155
1.0141
1.02175
0.989675
0.988194
1.00497
0.964754
0.997817
0.992389
1.00892
1.00226
0.991649
0.993622
0.982766
1.00053
0.98548
1.0067
1.00695
0.989675
1.01089
1.00423
0.99535
0.990908
0.993869
0.987947
0.989428
0.969442
0.987947
1.01657
1.00645
0.999544
0.993376
0.999544
0.999791
0.991895
0.989181
0.99831
1.02101
1.01287
0.99831
0.996337
0.99831
1.01015
0.982026
1.0373
1.022
1.00522
1.00127
0.993376
0.993869
0.99683
1.00053
1.01361
1.00399
1.00769
0.971909
1.01558
1.00695
0.989921
1.00547
0.988934
1.01336
0.98548
1.00152
0.988194
0.987701
1.01163
1.00744
1.03335
0.983506
0.990415
0.98474
1.02126
0.97413
1.003
0.994363
0.984246
0.990415
0.99757
0.991649
0.991649
1.003
1.00769
1.00744
1.00547
0.989428
1.01015
0.99535
1.01657
1.01114
1.00473
1.00744
0.991155
1.02224
1.00448
1.01114
0.999544
1.00127
0.993622
0.983013
0.979805
1.00547
0.999544
0.990662
0.986467
0.980052
0.999297
0.991402
1.00399
0.98548
0.996583
0.982272
1.00522
1.0183
0.988194
1.01386
1.0104
1.00941
0.990168
0.992882
0.995596
0.997324
1.00547
1.00349
1.01386
0.97487
1.00719
1.03211
0.995843
1.00695
1.00374
1.03656
1.02372
1.01089
1.00053
0.991155
0.997817
0.986467
1.00892
1.00275
0.996583
1.01213
0.99757
1.00744
0.998557
0.99609
1.01928
0.995103
1.0141
0.979065
1.01484
0.994856
0.98548
0.99831
1.00423
0.98548
0.987947
1.00596
1.00596
1.00004
1.01534
1.01114
0.990908
1.00621
0.993622
0.994609
1.00843
1.00843
0.979805
1.00744
1.01139
1.00374
1.01879
0.991895
0.978078
0.987207
0.97413
0.999791
0.984987
0.991895
0.978325
0.988934
1.0215
1.02669
1.00004
0.997817
0.970922
1.02126
0.99831
0.988688
1.00226
0.971663
0.999544
0.99609
1.01632
0.995103
1.00769
0.998557
0.994609
0.977831
0.997077
0.997817
0.986714
1.00719
1.01756
0.998804
0.993129
0.990908
1.02224
0.987454
0.988194
0.990908
1.01484
1.00917
0.999297
0.989428
0.98548
1.01706
1.00102
1.00226
0.999791
0.995596
1.00497
0.997077
1.00028
1.01534
1.02076
1.00423
0.99683
1.00349
0.993129
0.991155
0.998064
0.98548
1.01262
0.997077
0.99831
1.00275
1.00941
1.01534
1.02471
1.02397
0.986714
1.02027
1.01262
1.00127
1.01435
1.00941
0.989921
1.00448
1.00966
1.00571
1.01089
1.02323
1.01065
1.00127
0.997077
1.01213
1.00818
0.992142
1.00448
1.01287
1.00399
1.00744
1.00275
0.985727
1.00201
0.99535
0.986467
0.983259
0.984246
1.00078
1.00547
1.03927
0.999297
0.98696
1.01287
1.00127
0.999544
0.99683
0.987454
1.00275
0.997324
1.00226
0.993129
0.99757
0.996583
1.00571
0.999051
1.00818
1.01435
0.997077
1.00251
0.991649
0.980792
1.00744
1.00596
0.994363
1.01361
1.02175
0.970676
1.00522
0.999544
1.00176
0.986467
1.02224
1.00867
0.985233
0.99683
1.01386
1.01731
1.00028
1.00522
0.999791
1.03137
1.00028
0.988194
1.01188
1.0067
0.970429
0.98696
1.02101
1.01583
1.01237
0.985727
1.01163
1.00917
1.00201
1.01163
1.00004
1.00078
1.00621
1.00917
1.0294
1.01015
0.991402
0.988441
0.998557
0.998064
0.985973
1.00275
0.98548
0.998804
1.0146
1.00818
0.993622
1.01756
1.00028
1.00596
0.997077
1.01805
1.00473
1.00522
1.00547
0.990168
1.00004
1.01139
0.983506
0.987701
0.998804
1.00275
0.989181
0.995843
1.00473
0.992882
1.00547
0.972156
0.998804
0.981779
1.00152
0.99609
0.993129
1.0104
1.01089
1.00176
0.95217
1.01065
0.993622
1.0067
0.976351
1.00349
0.999051
1.00374
1.003
0.999051
1.01015
1.0067
0.998557
0.989675
0.993376
0.993129
1.01336
1.00769
0.995596
1.00102
1.01237
0.99609
1.02175
1.00867
1.00793
1.00843
0.989921
0.989921
0.991649
1.01854
0.997077
0.996337
1.02002
0.974377
1.01756
0.999791
0.985727
1.01632
0.969689
0.978078
0.996583
1.02224
1.01583
0.994856
0.992142
0.994609
1.01262
0.999544
1.00004
0.986714
1.00102
1.00917
1.01534
0.980052
1.0067
1.00374
1.0141
0.994856
0.996583
1.00152
0.985727
1.00053
0.990908
1.00917
0.992389
1.01237
0.980792
1.01188
0.985727
0.999051
1.003
0.988934
0.991402
0.982026
0.994856
1.00399
0.99683
1.01114
1.00867
0.994609
0.985233
0.99757
1.01089
0.981039
0.994856
1.00102
0.999297
0.982766
0.993129
0.988934
0.993869
1.01484
1.01188
0.984
1.00176
1.00275
1.00571
0.997077
0.991402
1.00176
1.00966
0.987454
1.02298
0.97413
0.968208
1.02866
0.990908
1.01188
1.00028
1.00251
0.998557
0.998804
1.00053
1.00176
1.00547
1.00399
1.01015
1.01361
1.00547
0.984
1.00275
1.00053
1.00423
0.984246
1.02767
0.961546
0.978078
0.990662
0.994363
1.01484
0.993622
0.990415
1.01065
1.0067
1.02841
1.01188
1.00176
0.993869
0.988194
0.993622
1.00818
0.988194
0.98696
1.00719
1.00719
0.996337
0.988194
0.998064
0.988688
1.0146
0.992142
0.987947
0.995103
0.994363
0.973143
0.99831
0.994856
1.00102
0.984246
0.989181
1.00769
1.022
1.00152
0.991402
1.00028
0.981779
1.00127
1.01262
0.989428
0.979065
0.978818
0.982766
0.983259
1.01583
0.998804
0.997077
0.999297
0.99831
0.998557
1.00473
0.988194
0.986467
0.988194
1.00571
0.98622
0.990415
1.01978
1.00226
1.01978
0.992882
1.01015
0.980052
0.989428
0.989181
1.03458
1.00571
1.01065
1.02298
1.0141
1.01953
0.998064
0.987207
0.966974
1.00349
1.02249
1.01213
1.00473
1.00448
0.98696
0.997077
1.00473
1.00497
1.00645
1.01509
1.01632
0.990168
1.04667
1.02446
1.01805
1.00867
0.984246
1.00251
1.00251
1.01953
1.00127
1.01484
1.00053
0.983753
1.00966
1.01237
1.00917
1.00522
1.01706
1.02669
1.01509
1.01756
1.0178
0.993376
0.999297
1.02101
0.981039
1.01139
0.994856
1.00374
1.00078
1.01311
1.01213
0.99535
1.01287
0.993869
1.00053
1.01262
0.976104
0.998557
0.977338
1.00917
0.994116
1.00497
1.00991
1.01435
0.98548
1.00621
0.962286
1.00325
1.01262
0.995596
1.00571
1.0183
0.991895
0.999544
1.00127
1.01706
0.997817
1.01534
1.0215
1.00399
1.00917
0.997817
0.992882
0.969442
0.980545
0.981039
1.01262
0.986714
1.01311
0.982026
0.982272
0.994856
1.03261
1.00102
1.01065
1.00867
1.0146
0.991895
0.991649
0.999544
1.003
0.998064
0.988441
1.01213
1.00867
0.993869
1.01361
0.987454
1.00078
0.976351
1.01336
0.98622
0.999051
0.997077
1.00102
0.991155
0.994609
0.99683
0.984987
0.977584
0.999544
0.982026
0.970182
1.01311
1.00152
1.00818
1.02076
0.978818
1.00744
0.983506
0.990415
0.988194
0.97265
0.976597
1.00251
1.01163
0.99609
0.994609
0.99757
1.01978
0.99757
0.988194
1.00448
1.00251
0.985727
0.963027
0.997324
1.02693
0.99609
0.984987
0.994856
1.01188
0.987947
0.99683
0.994116
1.00966
1.02126
1.01879
0.989181
1.00349
1.00004
0.998804
0.995103
1.00349
0.980545
1.00917
1.00522
0.993376
0.997077
0.991155
1.00374
1.01509
0.994609
0.969935
1.01386
1.0067
0.986467
0.994116
1.0146
1.00645
0.982026
1.00892
1.00448
1.00867
0.981532
1.00621
0.982272
1.02249
0.991895
0.981532
1.01262
0.995596
0.97265
0.997817
1.00399
1.01163
0.998557
0.98474
0.991895
1.01484
0.999297
0.99757
1.00645
1.01065
1.00004
1.02002
0.99831
1.00226
1.00399
1.00028
1.01435
0.992142
1.02545
0.999051
0.994363
0.978078
0.999297
1.01632
1.00448
1.02372
0.986467
1.00497
1.00423
1.00127
1.01114
1.00473
0.995843
1.00176
0.976104
1.02002
0.997817
1.00917
0.998804
0.987947
0.99831
0.991402
1.00917
0.999051
0.998557
1.00226
1.00102
0.99683
1.00325
1.00102
1.00892
1.0067
0.994856
0.973883
0.972896
1.00004
0.988441
0.994856
1.00053
1.00621
1.02397
1.00571
0.999544
0.999051
0.996337
1.0104
0.999791
0.98474
0.995103
0.998804
1.00719
1.01706
1.00374
0.993129
0.99757
1.02002
1.00596
0.99757
1.00473
0.995103
0.977831
0.981532
1.01386
1.00251
0.989181
0.993129
0.981779
0.99831
0.995596
1.00053
0.993622
1.01534
0.980298
1.01139
0.991155
1.00966
0.993622
1.00423
0.988441
1.00645
1.00251
0.977338
1.01879
1.00522
0.979065
0.988934
0.98474
1.00917
1.00349
1.022
0.983259
1.01583
0.993869
1.01731
0.978325
0.983259
1.00917
1.00645
1.02076
0.990662
1.00818
1.00423
1.00571
1.00645
0.994856
1.003
0.989181
0.977831
1.00127
1.01805
1.00645
0.987454
0.98548
1.00349
1.00941
1.01287
1.0104
0.990415
0.995103
1.00596
0.997817
0.984246
0.983259
0.99609
0.992142
1.00226
1.00522
0.99757
0.999297
1.01262
1.01188
0.989428
1.00004
0.987701
0.983506
0.996583
1.01534
1.00374
1.00251
0.978571
0.988934
1.00596
0.991895
1.00374
1.00102
0.992389
0.971169
0.999051
0.994856
0.981285
1.01213
0.99757
1.00176
0.98548
1.00399
1.00004
1.00176
1.00078
1.00004
0.99609
0.980545
1.01139
1.00251
1.00374
0.991649
0.98696
0.985973
1.00793
0.997817
1.0368
0.993622
0.996337
0.997817
1.00991
1.00201
1.00941
1.00349
0.979558
1.00719
0.999544
0.984987
1.02002
1.01089
1.01237
0.978818
0.989675
1.01435
1.01632
0.989428
0.997077
0.988934
1.00127
0.981532
0.994116
1.01854
1.01978
1.01188
0.985233
0.978078
1.00917
1.00596
1.00497
0.992389
1.00769
0.979065
0.994609
0.985727
1.02422
1.0215
1.00571
1.00843
0.970922
1.00423
1.01361
1.0146
0.97561
1.00966
0.986714
1.01015
1.00448
1.00522
1.00201
1.0067
1.00078
1.00028
0.998064
1.00152
0.99535
0.980052
1.00843
1.00275
1.00843
0.983506
0.998064
1.0141
0.991402
1.01139
1.00621
0.999544
1.00867
0.98696
1.00176
1.00251
1.01756
0.991155
1.00349
1.003
0.99609
1.00522
1.01484
0.985973
0.993869
1.00596
0.984
0.991649
1.00571
1.00991
0.988934
1.00645
1.0141
0.986467
1.00053
1.01558
0.984493
1.01188
1.01904
0.987207
0.999544
1.00744
0.998064
1.00473
0.991155
0.982766
1.01534
0.98474
1.01213
1.01756
1.00522
1.01608
1.00596
0.989921
0.991895
0.98622
0.982519
1.01213
1.00152
0.996583
0.982766
1.00596
1.00102
0.989428
0.972896
1.01287
1.00596
1.01336
1.00744
1.02249
0.995843
1.00226
1.01065
1.01237
1.00127
0.975364
1.02249
1.00571
0.990908
1.0067
1.01015
1.00251
0.995596
1.03211
1.00423
0.989921
1.00004
1.00004
1.01534
1.00325
0.987701
0.994609
0.989181
0.980052
1.02052
1.00719
1.01163
0.994609
1.01336
0.988194
0.992142
1.00053
0.977831
0.988688
1.01657
0.994609
1.01336
1.01237
1.00892
1.00201
1.00325
0.979065
1.00966
0.990415
1.00399
0.99831
0.975857
0.998557
0.989921
1.00867
1.00497
1.02471
0.993129
0.984493
0.988194
1.00399
0.999297
1.02372
1.02397
0.996583
1.01805
1.0104
1.01558
0.994856
1.00596
1.00571
0.986467
0.980792
0.996337
0.996337
1.00547
1.00176
0.990662
1.00793
0.997817
0.985973
0.989921
1.00152
0.989181
1.00473
0.991402
0.999544
0.988194
0.999051
1.00176
0.984493
0.99757
1.02471
1.022
0.992882
1.01114
1.00941
0.975117
1.0067
0.997817
0.994856
1.00991
0.986467
1.01928
1.00201
1.0368
0.989921
0.981285
1.01114
1.01336
0.995103
1.00102
0.997324
0.989675
0.99831
1.01706
0.997324
1.01657
1.00423
0.99757
0.99831
1.01361
1.003
1.00423
1.01386
1.01682
0.999051
0.999297
1.00127
0.998804
1.00399
1.022
0.971169
1.00226
0.992882
0.983753
1.0294
0.990908
0.990662
1.01287
0.979311
0.991649
1.01311
1.00769
1.03458
0.997077
0.989921
1.00719
0.992635
0.984
0.99535
1.01435
1.01928
0.992142
0.99831
1.00152
0.987207
1.00399
1.01015
1.01163
0.999297
1.01879
1.00152
0.997324
1.01213
1.00473
1.00053
0.995103
1.00374
1.02348
0.994363
0.980298
0.99535
0.990168
0.999791
1.00645
0.996583
1.00078
1.00793
0.999297
1.01558
0.990168
1.01336
1.00769
0.983013
1.00991
0.99757
1.00966
0.988688
0.965988
0.997324
0.984
1.01484
0.989921
1.02496
0.988441
1.01435
1.00028
0.988934
1.01756
0.989675
1.03532
1.022
0.99757
1.00695
1.00621
1.00547
0.992389
1.01188
0.993869
1.00275
1.00028
1.00325
1.02101
1.00571
0.999297
1.00251
1.01904
0.999297
0.990168
0.976844
1.0178
0.998804
0.999297
0.996583
1.00497
0.993376
0.995103
1.00078
0.999051
0.989921
1.00497
1.00497
1.00473
1.00522
1.00892
1.01386
1.00325
1.00127
1.00448
1.003
1.00793
1.00127
0.988934
0.983259
0.986714
1.00695
0.994856
0.977584
0.99831
1.003
1.00941
1.00028
1.00152
1.01139
1.01731
0.973636
0.97561
1.00078
1.00596
0.990662
1.00448
0.996583
0.979311
0.99609
0.988688
0.992635
0.967468
0.96278
1.00596
1.01287
1.00744
1.0067
0.967468
0.981779
0.990908
0.997324
0.986714
1.01978
0.991402
1.00522
0.99831
0.987454
0.997324
1.003
0.99831
1.02397
1.00349
1.00004
1.0331
0.994609
1.02397
1.01287
0.997817
0.994363
0.990415
1.00571
1.00867
1.00226
1.01731
1.00645
0.995103
0.999791
0.978325
0.990662
0.972156
0.994116
0.983506
0.997817
1.00053
1.00966
1.00473
1.00201
1.00176
0.988194
1.0146
0.991649
0.993869
0.993622
1.00473
0.995843
0.979065
1.00547
1.00325
1.01928
1.00226
1.00769
1.01608
1.003
1.01114
1.00695
0.982026
0.992882
1.00349
1.01657
1.01237
0.993376
0.990168
1.00349
1.00078
1.00423
1.02126
0.996583
1.01386
0.979805
0.999791
0.993129
1.01928
0.960313
1.00152
1.00744
0.994116
0.985973
0.992142
1.0067
1.02792
0.999051
0.979311
1.01139
0.988194
0.998804
0.991402
1.00547
1.00053
0.992389
1.00127
1.01928
1.01163
1.01805
0.998557
1.00399
0.989428
1.0146
1.00966
1.00004
0.98474
1.00867
1.00892
0.996337
1.00719
1.00966
0.996337
0.99831
0.994609
0.987947
1.00645
1.00917
0.999791
1.00102
1.01089
1.00152
1.00423
0.995843
1.00176
0.978078
1.00892
1.01361
0.980052
0.990908
0.985973
1.02052
1.01928
0.991895
0.999051
1.0067
1.00695
0.993376
0.983506
1.00423
1.00201
0.998064
0.980545
0.969195
1.02249
1.00028
1.00349
0.983013
0.994856
1.00547
0.980792
0.981039
1.01163
0.97265
1.003
1.00176
0.993622
1.00596
1.01558
0.987207
0.993376
1.0331
1.02496
1.00966
0.997817
0.988934
1.00941
0.963027
1.00127
1.01386
0.995843
0.994116
1.00152
0.995843
0.996337
1.00892
0.980545
1.00251
1.00423
0.992389
1.00991
0.997817
0.996337
0.998064
1.00744
1.00966
0.998064
0.975364
0.995596
1.00645
0.980792
0.988441
1.01188
1.00004
1.00251
1.00621
0.975364
1.00917
0.977091
0.989181
1.01731
0.991895
0.998804
1.01632
1.00325
0.992142
1.00917
0.993376
0.989921
1.0104
1.01854
0.99683
0.994609
1.02792
1.00744
0.997324
1.02521
1.02002
0.989675
0.994363
0.978078
1.01484
1.01065
1.0183
1.00818
1.02965
1.00744
1.0067
1.00325
0.990908
1.00818
0.99609
1.00522
1.00226
1.00917
0.985727
1.00867
0.993869
1.00867
0.988194
1.00867
0.991402
1.01386
0.988688
1.01089
0.996337
0.976104
0.997817
0.999051
1.00176
0.993869
1.00621
0.99757
1.01657
1.00769
1.00621
1.00028
1.00497
0.999791
1.0141
0.990908
0.993129
1.01287
1.01065
0.99757
1.01311
0.981779
1.00695
0.997817
0.998557
0.987454
0.985973
0.986714
1.00152
1.01978
1.02224
1.00004
0.975857
1.003
1.01928
1.01928
0.993869
0.985973
1.00596
1.01287
0.993622
0.984987
1.00102
1.00695
1.02496
0.990168
1.00423
1.01311
0.99683
0.987207
1.00251
1.00522
0.988194
1.02076
0.990662
1.02348
1.00966
0.984
0.995596
1.00275
1.00719
1.03039
0.998064
0.989675
0.988934
1.00966
1.01213
1.00917
1.00818
1.00102
1.00349
0.995843
0.989181
1.01089
0.999297
1.00719
1.003
0.984987
1.01435
0.989181
1.00547
0.991895
0.993129
0.995596
1.01237
1.00226
0.994363
1.01188
0.990415
0.99757
1.02545
0.998557
1.01311
1.00547
1.00349
0.985973
1.00497
0.988688
1.00325
1.00941
0.993376
0.992882
1.00053
0.994856
1.00867
0.999544
1.01287
1.02767
1.00201
0.994856
1.0067
1.01731
1.01089
0.979805
1.00473
1.0215
1.00127
1.01114
1.00053
1.01534
0.984
1.03063
0.994116
0.999791
0.989181
0.993129
0.98696
1.01484
0.992882
1.003
0.999791
0.994609
0.99609
1.00547
1.00892
1.0141
0.993869
1.00892
1.00053
1.00719
0.985233
1.01756
0.994609
1.00226
1.00917
0.99609
1.00473
1.00843
0.98622
1.01706
1.00571
1.00423
0.994856
1.01756
1.01114
0.98622
1.00941
0.987701
1.00275
1.00226
0.993129
0.984987
1.00719
0.993376
1.00004
0.975857
1.02249
1.02101
0.992635
1.00744
1.003
1.02101
1.01632
0.987454
0.998557
1.00226
0.991649
1.00423
0.990415
0.992389
1.00497
0.99609
1.0178
1.02669
1.00497
1.00053
0.983506
1.03483
1.02126
1.00966
1.02274
0.988441
1.02545
0.999544
0.985233
1.01213
0.986714
0.995103
1.01731
0.987454
1.00547
0.988194
1.00374
0.984246
1.00695
1.00596
1.01015
1.00547
0.99535
1.01089
1.01139
1.0104
1.00226
1.00423
1.00917
0.994856
1.00695
0.993869
1.0146
0.979558
1.00917
0.987701
1.00793
0.985233
0.998064
1.00522
1.00423
1.02348
1.00349
0.987207
0.99535
1.00793
0.981285
1.00917
0.982272
0.986467
1.00818
0.983013
1.01558
1.01237
1.00522
0.996583
1.00645
0.99757
0.998064
0.990415
1.00028
0.987701
0.99535
1.01361
1.00991
0.993129
0.994609
1.01435
1.00226
1.00645
1.01336
1.00349
0.99757
1.00201
0.985727
0.98474
0.985727
1.02693
1.01361
0.965741
0.981039
0.99609
1.01484
1.00966
1.00867
1.00251
0.997324
1.02224
1.00892
1.00719
0.994363
1.01583
0.998804
1.01139
1.01361
0.990415
0.99831
1.00176
1.00645
0.991895
0.991402
1.01089
0.975364
1.03088
0.992142
1.01978
0.989181
1.00497
0.986467
0.998064
1.02496
0.997324
1.02126
1.01583
1.00818
0.996583
1.01065
1.00473
1.00719
1.00867
1.01558
0.988688
0.98622
1.00818
0.985973
1.02595
0.994856
0.990662
0.995843
0.998804
0.989921
1.01534
0.994856
1.00201
0.98548
0.98622
0.984246
0.997324
1.01287
1.00966
1.02027
1.00645
0.97561
0.993869
1.00596
0.989428
1.01386
0.990908
1.00053
0.994856
0.993129
1.01065
1.00053
1.00325
1.01756
0.99535
0.988934
1.00596
0.998557
0.975857
1.02422
1.01632
0.996583
1.00423
0.992142
1.00349
1.00275
1.00744
0.998557
0.989921
1.01361
1.00769
0.995596
1.00917
1.02076
1.00448
1.00621
1.00793
0.998064
0.999297
0.992635
1.00621
0.988194
1.02076
0.999791
1.01904
0.982272
1.00571
0.994363
1.00374
0.980545
1.02965
0.986714
0.994363
0.999791
1.0178
1.00053
1.00325
0.998804
1.00275
1.01262
1.00991
0.997077
0.999297
0.979558
1.01139
0.991895
1.00028
0.990908
0.994856
0.987454
1.02718
0.997077
0.993869
0.99535
1.00275
1.00571
0.998064
1.02249
1.00867
1.0183
1.00226
0.985973
0.991402
1.00941
1.00226
1.01287
1.00571
0.992882
1.00547
0.999297
1.00473
0.986714
1.00793
1.00078
0.985973
0.995843
0.984493
1.01805
0.981779
0.98548
0.999297
0.997324
1.03359
1.00251
1.01756
1.03433
0.996337
1.00004
1.00991
0.98548
0.993869
1.00843
0.994116
1.00695
0.98696
1.00547
1.02743
0.995103
1.00374
0.986467
1.01583
1.00892
1.00966
1.00596
0.999051
0.986467
1.01213
0.997324
0.983506
1.00645
1.02298
0.994856
1.00695
0.991155
0.99535
0.988688
1.00226
0.999297
1.01311
0.981779
1.02002
0.98548
1.003
0.985727
1.00596
1.00102
0.99609
1.00399
0.994363
0.995103
1.00176
1.00892
1.00275
0.987454
0.995596
1.00004
0.991402
0.992882
0.994856
0.988194
0.996337
1.00645
1.00399
0.984987
1.00892
1.00053
0.997817
0.981285
0.989428
0.987701
0.999051
1.01558
1.01114
0.984246
1.01435
1.02052
1.01534
1.0178
0.999297
1.00275
1.01114
1.02891
0.996337
1.00793
1.04001
1.00966
1.0183
0.994363
0.987701
1.00917
0.998804
0.999051
0.978325
1.00399
0.99609
0.995596
1.00695
0.984
0.992389
0.984493
0.989181
0.988934
0.98696
1.02027
1.00596
0.990908
1.003
0.993129
1.00251
0.998804
1.0104
0.984246
1.01237
0.980792
0.991155
0.987947
0.988934
0.999297
1.00695
0.98622
0.993869
0.992142
1.01509
0.97339
0.992882
0.999297
1.01114
1.02595
0.998064
0.994363
1.00571
1.00028
0.987454
0.997817
1.01089
0.985973
1.02224
0.997817
1.00966
0.990908
0.991895
1.00078
1.00966
1.01435
1.01065
1.01435
1.01805
1.02619
1.00127
0.994116
0.993869
1.01879
1.01262
0.99831
0.991895
1.00843
1.00201
1.00448
0.998804
0.982766
0.99831
0.992142
1.02249
1.01608
1.01237
1.00325
0.999791
0.993869
1.01089
0.988934
1.01361
0.994609
1.00399
0.992635
1.0067
0.99535
0.986467
1.00176
0.990908
1.0067
0.984987
1.00818
1.0104
0.994609
1.00719
1.00448
1.00497
1.00645
0.997077
0.999297
0.997324
1.0215
0.984987
1.01854
0.99535
1.01706
0.999051
0.981039
0.967221
1.01089
0.993622
0.999297
0.976351
1.00522
0.993376
0.998557
0.998064
0.990415
1.01139
0.996583
1.01015
0.992882
0.987207
1.00769
0.993376
1.01928
1.00201
0.994609
1.00843
0.990908
0.988934
1.00547
1.00917
1.00152
0.996583
1.00028
1.01854
1.01682
1.01435
0.981039
1.00645
1.00028
0.98474
0.99757
0.990415
0.998804
0.988934
0.988441
0.999544
0.987454
1.02348
1.00102
0.998064
0.995843
0.990415
1.00522
1.00473
0.992635
1.01904
1.00102
0.987701
1.00201
0.998064
0.991402
1.03557
1.01509
1.03063
1.01262
1.00201
1.00251
0.991649
1.00448
0.991649
0.993622
0.99831
1.003
1.00078
0.991402
0.993376
0.984987
0.983506
0.993622
1.02545
1.01163
1.01361
1.02767
1.00917
1.00176
0.990662
1.01262
0.983506
0.978325
0.982026
0.999051
0.991649
1.01558
0.988441
1.00744
1.00349
1.00497
0.968948
1.00596
0.999051
1.00325
1.00497
0.992389
1.00917
1.00078
1.00078
1.01287
1.00991
1.00349
1.00719
0.997817
0.970429
1.01583
1.01632
0.991895
1.00547
1.00028
0.990415
1.003
1.00448
0.990415
1.00349
0.990662
1.01484
1.00325
1.00818
0.99535
1.03137
0.999544
0.995843
1.01213
1.01188
1.00941
1.01237
1.01065
0.990908
1.00374
1.01139
0.99831
1.01608
0.99535
1.01534
0.988934
1.00176
0.985727
0.991895
1.00571
0.99831
1.00127
1.01163
1.01139
1.01139
0.997324
0.99609
1.00991
1.02348
1.00374
0.998557
1.00152
1.00695
1.01879
0.980298
0.993376
1.00719
1.00917
0.99683
0.967715
0.985727
0.980545
1.00497
1.00917
1.00275
0.982766
1.01386
0.995843
1.00152
1.00744
1.0178
0.984
0.992635
1.00744
1.00571
1.00448
1.01188
0.981039
1.01484
0.993129
1.00867
1.00645
1.01682
0.989428
0.991649
1.00892
0.997324
1.01904
1.00399
0.988688
1.00325
1.02545
1.00941
1.00448
1.0067
0.995596
1.00028
0.993129
0.994363
0.995843
1.00966
1.02496
0.984987
1.00226
1.00152
0.980298
0.992635
0.997324
1.00176
1.00547
1.00028
1.01065
1.00053
1.01534
0.997817
0.974623
1.01237
1.00596
1.0146
0.99831
1.01237
0.985727
1.01114
0.978818
0.970922
0.98548
1.00349
0.997324
1.01583
0.985727
1.0183
1.00053
0.991155
0.987947
0.979805
1.01139
0.997817
0.987701
0.98622
1.00497
0.983506
0.990662
0.980052
0.999791
0.990908
1.01213
0.985233
0.989428
1.01608
1.00769
0.984
1.00349
0.987947
0.995843
0.993622
1.00176
0.985233
0.998064
1.00645
0.996583
1.01089
1.00349
0.998557
1.01706
1.00448
1.00152
1.01262
0.994609
0.987207
1.00843
1.00497
1.02101
0.998064
1.0257
0.998064
1.00621
0.996337
1.00522
0.983506
0.999297
0.998804
0.99535
0.981532
0.982519
1.01287
1.01484
0.986467
1.00621
1.00374
1.0141
0.971416
1.01237
0.97561
0.990415
1.0067
1.0183
1.00596
1.02101
0.982766
0.994363
1.00102
0.998557
1.00275
0.985973
1.00695
0.996583
0.993376
0.978325
1.00374
1.00275
1.01558
0.991895
1.00028
0.993129
0.979558
0.967961
0.990415
0.991895
0.984493
0.992389
0.998804
0.98696
1.00423
0.999297
1.00448
0.997817
0.99683
1.00349
1.01484
0.979311
1.02496
1.01632
1.00744
0.992389
1.00152
1.00053
1.00867
1.00744
1.00571
0.993869
0.994856
1.01089
1.00522
1.00843
1.03483
1.01386
1.00176
1.02175
1.01114
1.0183
0.985973
1.01065
0.999297
0.991649
1.01336
1.00497
1.00251
1.01534
0.987947
1.00349
1.00621
0.988934
1.01854
1.0104
0.997324
0.981039
1.01114
0.99683
1.0257
0.994856
0.989181
1.01583
1.00621
1.01065
0.999051
1.01509
1.01361
0.992882
0.99831
0.999297
1.00053
0.98696
0.982519
0.998804
1.00028
0.99683
1.00374
0.992635
0.981532
0.983506
1.01953
0.99535
1.00719
1.00423
0.993376
0.986714
1.00399
1.01509
0.992882
1.02101
1.00127
0.996583
0.995103
0.99757
1.0405
0.986467
0.993622
0.999544
1.00843
1.00695
0.984246
1.00571
0.994609
1.01632
1.00695
0.990662
0.990662
1.00867
0.993622
1.02052
1.0104
0.980792
1.02595
0.987454
1.00399
0.988194
1.00917
1.01386
0.995596
0.998804
0.990168
0.995596
0.994363
1.00127
1.02422
1.01484
0.981039
1.01213
0.979311
0.99757
0.989428
0.994116
1.01163
1.00374
1.00423
1.00201
0.997817
0.968702
0.998804
1.00423
0.995843
1.01114
1.00818
0.99831
0.990168
1.02224
1.01065
0.999297
0.978818
1.00004
1.00966
1.02274
1.01632
1.0146
0.994856
1.00102
0.988688
1.00596
0.984987
1.01139
0.991649
0.999791
0.992142
1.01731
1.00251
0.989921
1.00176
0.99757
0.988194
0.990662
1.01139
1.00374
1.00102
0.999544
0.991895
1.01188
1.00769
1.01361
1.01558
1.01139
0.97265
0.991402
1.00004
0.98548
0.979558
1.00399
0.988441
0.999791
1.00226
0.994609
0.993129
0.98548
1.01287
1.00991
0.985973
0.996337
0.999791
1.00621
1.02372
0.978078
0.995843
0.993622
0.985973
0.98696
1.01336
0.992635
0.98622
1.00127
1.00843
1.0067
1.0104
1.0104
0.987701
1.00547
0.982272
0.998064
0.97265
1.00966
1.02323
0.994609
1.03211
1.01731
0.988194
1.01089
0.967221
1.003
0.992389
1.00004
0.992142
0.993129
0.990415
1.00966
0.99609
0.994609
0.995103
0.990908
1.00769
0.996337
1.00374
0.992882
1.01015
1.00571
0.995103
0.984987
0.997324
0.994609
1.01854
0.979065
0.994363
1.00399
0.986467
0.987947
1.00547
1.00423
1.01361
0.999297
0.999051
1.00917
1.01484
1.01978
0.990168
1.01188
1.00349
0.991895
1.00571
0.99683
0.976844
0.994116
0.976104
1.00127
0.990168
1.00399
0.992635
0.999051
1.01188
1.01682
0.997324
0.988441
1.01114
1.00399
0.989181
1.02027
0.994116
1.00374
1.00744
1.01756
0.981285
1.0067
0.997324
0.991402
0.99609
0.997817
0.992389
0.991155
0.977338
1.01509
1.00744
1.00102
0.982272
1.00275
0.984
1.01213
0.995103
0.984246
0.995103
0.99757
0.997324
1.02224
0.984493
0.986714
1.01015
1.0141
0.992142
0.994856
0.986714
0.99757
0.985727
0.997077
1.00867
0.989921
0.995843
0.996337
1.0104
0.984987
1.01534
1.00473
1.00695
0.983259
1.00991
0.98622
0.997817
0.998064
0.990415
0.989675
0.993129
1.00028
0.987947
1.01854
1.01706
1.00226
0.982026
0.998557
1.01287
1.01065
0.990662
0.99683
0.980298
1.01706
0.99609
0.99757
0.994363
0.999791
0.991402
1.01089
1.01632
1.00004
0.984987
1.01287
0.991402
0.990908
0.987701
1.00892
0.990662
1.0067
1.00251
1.00719
1.0146
1.01953
0.995843
1.03187
0.987947
1.00497
0.981779
1.00078
1.02397
0.995843
0.990662
1.022
1.01361
1.00102
1.00251
0.977584
0.995103
1.02397
0.982766
0.998557
1.02101
1.00127
1.0141
1.00251
1.00399
1.01583
0.993129
0.992142
0.994116
0.995843
1.02298
1.01237
0.990415
1.00769
0.981285
1.02792
0.987701
0.995843
1.01336
1.01484
1.00399
1.00374
0.998557
0.981039
0.991155
1.01558
0.974623
1.00769
1.02817
1.00892
1.00275
1.02076
0.999051
0.990662
0.989428
0.991402
0.991649
1.00349
0.971909
0.989428
0.99757
0.999051
0.991402
0.999544
1.00275
0.991155
0.997077
1.01682
0.992389
1.01163
1.00423
1.003
0.987454
1.00102
1.01484
0.979311
1.0067
0.987947
1.02323
0.992635
0.979558
0.996337
0.997324
1.00078
1.01015
0.99831
1.00374
1.00078
1.00275
1.00867
0.988688
1.04248
0.997324
0.990415
0.995596
0.994116
0.995103
1.00497
0.990662
0.99609
0.995103
1.00473
0.987207
1.00522
1.00793
0.999051
1.00423
1.01311
0.997077
0.99757
1.00473
1.00448
1.00226
0.978325
0.974377
0.994363
0.978325
0.994856
0.995596
0.990908
1.01509
0.99683
1.00769
1.0141
1.00596
1.00917
1.00497
1.00917
1.00423
0.989428
1.01287
0.986714
1.02076
0.98622
0.983013
1.01805
1.00251
1.00152
0.987947
1.01139
0.997324
1.00522
0.988934
1.00226
0.994363
1.00818
0.996337
0.987947
0.992635
1.00226
0.982272
1.01534
0.990415
1.00473
0.980052
0.999544
0.966481
0.991402
1.00473
0.987701
1.01509
1.00769
1.00053
1.01386
1.03014
1.00004
1.00917
0.997077
1.00028
0.990168
0.991649
1.01311
1.01558
0.998804
0.995843
1.00473
1.00423
0.992389
1.00102
1.01065
1.01756
0.991402
0.989675
0.997077
0.996583
1.00892
1.00621
0.995843
1.00374
0.981532
1.0141
1.02496
1.01089
0.98548
1.00769
0.994609
1.00793
1.00522
0.990415
1.00793
0.99535
0.998064
0.983753
0.977584
0.984
0.996337
1.00078
1.0215
0.99831
1.01928
0.995843
0.97487
1.01188
0.980298
1.02619
0.99757
1.01139
1.02693
1.00867
1.01237
0.989181
0.976351
1.00645
1.00152
1.00275
0.981285
1.00867
0.979065
0.984987
0.993129
1.00053
1.00423
0.99683
1.00152
1.01163
0.991895
0.99757
0.988688
0.967961
1.00645
0.975364
1.01879
0.976844
0.99757
0.99831
1.02595
1.00152
1.01386
0.985727
0.997817
0.982272
1.00102
0.993869
0.998064
1.00028
1.00695
0.968455
1.0067
1.00793
0.995843
0.987701
1.01706
1.0067
0.988934
1.00053
1.00053
1.00867
0.996583
1.00078
0.986467
1.00818
0.99757
1.00078
0.986714
1.01558
1.00028
1.00028
1.01336
0.985233
1.01361
1.00941
1.00374
1.00991
0.990908
0.987947
1.00152
0.988194
0.992882
1.00719
1.00102
1.00275
1.01163
0.992389
1.01583
0.990415
0.981039
1.0178
0.99683
1.00275
0.994609
1.00596
1.00473
0.993869
0.993376
0.994856
0.994856
1.00275
1.01534
1.00645
1.00769
0.987701
0.988194
1.01287
1.00596
0.998557
1.00423
0.998804
0.992635
1.02002
1.01163
0.997077
1.00473
1.00448
0.999297
0.996337
1.01953
0.99757
1.00127
0.991895
1.00374
0.991402
0.996583
1.00695
1.00571
0.977584
0.982272
1.02002
1.00843
1.00374
1.003
0.994609
0.994856
0.984
0.99609
0.985233
0.989181
1.01731
0.98696
0.972403
0.982519
0.975857
1.00966
1.01509
1.00448
0.991402
1.00818
0.993622
1.00991
1.01558
0.988441
0.992389
0.997077
0.995596
0.986467
1.003
0.987454
0.981285
1.00547
0.982026
1.02101
0.990908
0.98548
0.999297
0.998557
0.979805
0.982519
0.994856
0.996583
0.996337
0.974377
1.01287
1.00399
1.02521
0.995596
1.01386
0.98696
0.994116
0.992635
1.00349
0.988441
1.00621
1.0183
0.987701
0.989921
1.00226
0.978571
1.00448
1.00127
0.996337
0.999544
0.992389
1.00325
0.988194
0.996583
1.00399
0.991649
1.00325
1.00226
1.02323
1.01904
0.998804
1.00152
0.97561
0.997077
0.984
1.00621
0.993622
1.01139
0.99757
0.99609
1.00917
1.00152
1.00966
0.99757
0.981532
1.01583
1.01854
0.994363
0.990168
1.00522
1.00028
0.990908
1.01682
1.00374
1.01706
1.00251
0.982026
0.977091
1.00818
0.99535
0.991895
1.00769
0.993376
0.993129
1.00053
1.00719
1.00374
0.995596
0.978325
0.991155
0.992635
0.993869
1.0178
0.979065
0.988688
0.988934
0.998804
0.988934
1.01336
0.989675
1.01608
1.00423
1.00152
0.984493
0.990908
0.985973
1.02792
1.00473
1.01262
1.01139
0.99757
1.00695
1.0141
0.997817
1.0141
1.01558
0.98696
1.00127
1.00275
1.00843
0.998064
0.995103
0.987701
0.99535
1.01805
0.999544
0.991402
0.995103
1.01065
0.973883
0.991895
1.00941
0.982272
0.989181
0.995103
0.98622
1.00275
0.991649
0.987701
1.02249
0.989675
0.999051
1.00349
1.01089
1.00423
1.00596
0.999297
1.00769
0.98548
0.991402
0.997324
0.981532
0.968455
1.00325
0.995596
0.99609
1.00744
0.994116
0.993622
1.02372
1.01608
1.02397
0.995843
1.01015
1.00547
0.994609
1.00152
0.993869
0.99609
0.997324
0.989675
1.00522
1.01361
1.00325
1.00769
0.982519
1.00004
0.996583
0.997817
1.01114
0.989921
1.00102
1.003
0.987947
1.00843
1.00028
1.01188
1.00152
1.00522
0.985233
0.997817
1.00325
0.997817
0.985233
1.00325
0.981779
1.02422
1.00004
0.991155
1.01237
1.01089
0.97339
0.982766
1.00473
0.990662
0.987701
1.00325
0.98474
0.995843
1.00201
0.993129
0.99535
1.00818
0.990415
0.995103
0.976104
0.987947
0.98622
0.984987
1.00275
0.99831
1.00645
1.00275
1.00793
1.00374
0.993869
1.01361
1.01805
1.00102
1.01139
0.987207
1.00473
0.997324
1.00448
0.989428
1.01089
1.02521
1.02224
1.003
0.989181
1.00547
1.00275
1.02348
1.0104
0.990662
0.991402
1.00226
1.00966
1.00522
1.00152
0.985973
0.994609
0.985727
0.979558
0.995596
1.0104
1.00275
1.00078
0.983506
1.01657
1.00769
0.987454
0.998064
0.989181
1.00399
1.00744
1.00004
1.02866
0.991155
0.982026
1.02496
1.01163
0.994363
1.00719
0.991402
1.00793
0.976844
1.00917
1.0178
0.996583
0.982766
0.967715
0.99609
1.00423
0.983013
1.00596
0.99535
1.00028
0.999544
0.981285
1.00448
1.00917
0.99683
0.988194
1.01065
1.01879
0.995843
1.00473
0.99609
1.00991
1.01237
0.99683
0.99683
0.989181
1.00892
0.996337
1.00028
1.00201
1.01163
1.02619
0.982519
0.970182
1.00695
0.987701
0.998804
1.00645
1.00349
0.990168
1.00596
0.993376
0.989428
0.994363
1.02323
0.99609
0.989181
0.998804
0.994116
1.02224
1.00719
1.01015
1.01287
0.999544
0.985973
1.00399
0.990168
0.999544
1.02841
1.00226
0.980298
1.0178
1.00843
1.01879
0.993622
0.995596
0.996583
1.00448
0.970429
1.00991
1.00127
1.01213
1.01163
0.988194
0.998804
1.00226
0.989921
0.982026
1.01509
0.991155
1.00078
1.01139
1.00571
0.987947
0.994856
1.00399
0.990908
0.990662
1.00102
1.01928
1.00448
1.0104
0.993622
1.00102
0.996337
1.02446
0.982519
1.00078
1.01953
0.968702
0.993869
1.00399
0.999297
1.01089
1.00374
0.996583
0.99609
0.981039
0.988441
0.995596
1.00152
1.00004
1.00127
1.01558
0.990415
0.993376
0.976597
0.993869
0.99535
1.00053
1.00522
1.00275
1.00448
0.994856
1.00251
1.00793
0.994363
1.00251
1.02175
1.00374
1.02249
1.02126
1.01262
1.01953
0.977584
1.01089
0.988688
0.998804
1.00201
1.00645
0.99683
0.99609
0.992882
1.00152
1.00497
0.99757
1.00596
1.01114
0.996583
1.01657
0.984246
1.00744
1.01114
0.992635
0.985727
0.993129
1.00053
1.02002
1.03162
0.97413
0.992882
1.00004
1.00621
1.00695
1.03458
0.982026
1.00867
0.965247
0.982766
1.01311
0.984493
0.969195
0.99831
0.987207
1.0146
0.987207
0.997324
0.994116
0.998804
0.999544
1.00325
1.02372
1.01287
1.00423
0.983013
1.00645
0.980298
1.01237
0.997077
1.02595
1.01213
0.986467
1.00053
0.992142
0.991155
0.998804
1.00596
0.996583
1.00102
1.01311
1.0067
0.994609
0.995843
0.981532
0.998557
1.00176
1.00917
0.991649
1.02249
1.03088
0.989921
1.00719
0.991402
1.00621
0.992142
0.997077
1.0178
1.01805
0.980052
1.01015
1.02792
0.979311
1.00349
0.987701
1.03014
0.968948
0.989428
0.983013
1.01311
0.990168
0.994856
0.989921
0.99757
1.01558
1.0257
1.00399
1.00399
0.989675
1.00497
1.0146
1.00349
1.00251
0.99831
1.00127
1.01879
1.00867
1.00053
0.998557
1.00102
1.00152
1.02595
1.003
0.990662
1.01731
0.994609
1.00645
1.00991
0.98548
1.01509
0.986467
1.02052
1.00078
1.01114
0.993622
0.993376
1.00176
1.00325
1.01089
0.989181
0.959819
1.00473
1.01657
0.973883
0.991649
0.988934
0.989675
1.00176
1.02422
1.00251
0.970429
1.00102
1.01904
1.02298
0.988194
1.01163
1.00399
1.00941
0.986714
0.992882
0.992389
0.997324
1.00596
0.996583
0.982026
0.999051
0.999051
0.994116
0.980545
1.00423
0.997817
1.02693
1.01361
1.01386
1.00399
0.987701
1.00941
1.00078
1.01632
1.00423
0.994609
0.995843
1.01262
0.99683
1.00719
1.00448
1.00152
0.989428
1.01682
0.99535
1.01361
1.0146
0.991649
0.994363
0.998557
0.993376
0.982026
1.03088
0.990908
1.01237
0.993376
1.003
1.01534
0.994116
1.00645
0.991155
0.998557
0.996583
0.996583
0.996337
1.00028
1.01435
1.01287
0.984493
1.00127
0.999791
0.984493
0.978571
0.997324
0.992389
1.003
1.00423
0.993129
0.989181
0.987454
0.98622
0.995843
0.999051
1.00448
1.00695
1.00251
1.02224
0.996583
1.00818
1.00127
0.98622
0.981039
1.00251
0.97265
1.01756
1.02372
1.00423
0.990168
0.98548
1.01534
1.02249
0.992635
0.995843
0.996337
1.01657
0.983753
0.989428
1.01509
0.996583
0.99831
0.99609
1.00966
0.991155
1.00028
0.982272
1.00423
0.986714
1.00349
1.00695
1.00127
1.00275
1.01114
1.01311
1.03433
0.983506
1.00719
1.00325
0.998804
0.999544
0.997817
1.01484
0.997817
1.0178
0.995843
0.988194
1.01509
0.977338
1.00176
1.00349
0.988688
0.998064
0.98696
0.988688
1.00843
1.00571
1.00793
1.00078
0.982766
1.02175
1.01237
1.00251
1.01089
1.00917
0.981285
0.985973
0.99683
0.990908
1.02348
0.977091
0.984987
1.00843
0.999051
0.999544
0.997077
1.00102
0.997817
1.00399
1.00251
0.998064
1.00399
1.0146
0.994116
1.01386
1.00547
0.977584
1.00226
1.00226
0.992142
0.991649
0.99535
0.997077
0.982272
1.00892
1.01139
0.990662
0.997817
0.984987
0.995843
0.992389
0.99683
0.991402
0.98696
1.01114
1.00744
0.994116
0.993869
0.974623
0.987207
0.991649
0.997817
0.98548
1.00497
1.01953
0.99535
1.00818
0.994363
0.98696
0.981285
1.00399
0.996337
1.00571
0.987701
0.991155
1.00843
0.993869
1.02348
0.980052
0.999051
0.996583
0.990662
0.994609
1.00152
0.99757
0.99535
1.01558
1.00522
1.00349
1.00127
1.00744
1.00176
1.0067
0.984
1.00152
1.00547
0.978818
0.99683
0.984493
0.992389
0.99609
1.00251
0.986714
0.994363
1.01262
0.99535
0.997324
1.00991
1.02323
1.0141
0.994363
1.00473
1.00423
1.01657
1.00226
1.01163
0.991402
0.989921
0.988688
0.992882
0.989675
1.01336
1.00621
0.985233
1.00769
1.00941
1.00596
1.00769
0.988441
0.979805
0.988688
1.02175
1.0141
1.00867
0.990415
0.997324
0.991649
0.991649
1.00818
1.01089
1.01682
0.994609
1.00201
0.995596
0.99683
0.991402
0.998064
1.00176
1.00053
0.99609
1.00423
1.0183
1.00547
1.02126
1.01386
0.982272
1.00917
0.989428
1.01262
0.997817
0.988934
0.99609
1.00719
0.989675
1.0183
0.995103
0.988441
1.00892
0.997817
0.990168
1.0183
0.978325
1.01262
0.988194
0.98696
0.985973
1.02989
0.999297
1.00053
0.984246
0.997817
0.990908
1.01311
1.01854
0.982519
0.993129
1.01361
0.99757
0.991649
1.01336
0.993622
0.983259
0.99831
0.98696
0.986714
1.00547
1.02002
0.993129
0.998064
1.00102
0.990662
1.00275
1.00941
0.994609
1.01583
1.01163
0.998064
0.99831
0.999791
1.01706
0.999297
0.999791
0.987947
1.00596
0.993869
1.00399
0.986467
1.01534
0.995843
0.98548
1.02644
1.00843
0.996583
1.00892
1.00867
0.997077
0.985727
1.00719
0.999791
1.00917
0.989921
1.01287
0.98622
1.0331
1.01188
1.01163
0.992142
1.0146
0.999297
0.988441
0.984493
1.02595
1.00028
0.977584
0.987207
1.00497
0.982766
1.00941
1.01879
1.02175
1.02175
0.989181
0.985233
1.01583
1.00275
1.00818
0.999791
1.00251
1.00719
0.982026
0.989921
1.01682
0.993622
0.983753
0.999297
0.998804
1.01879
1.01139
0.992882
1.00004
0.994609
0.990662
1.01065
1.003
1.00719
1.00621
1.00941
1.01682
0.999297
0.986714
1.003
0.995103
0.991649
0.997077
0.988688
0.992882
0.99609
1.01854
0.992635
0.966728
0.991155
0.991895
0.979065
0.978078
1.00053
0.978078
1.0067
0.990908
1.00571
1.01287
1.00621
0.97561
1.00325
1.01682
0.996583
1.00991
0.990415
1.01262
0.990662
0.977831
1.00695
1.00053
1.01608
0.993622
1.00152
0.981779
0.989921
1.01879
1.00226
1.02595
0.997817
1.0178
1.00176
0.980298
0.979558
1.01657
0.985727
1.00793
1.00695
0.97561
1.00102
0.99831
0.98622
0.988934
0.983259
1.00497
0.987454
1.00473
0.998064
0.978818
1.01682
1.00251
1.00127
1.01558
1.00867
1.00645
0.993869
0.98548
1.01484
0.998064
0.990415
1.01509
0.993622
1.01262
0.985973
0.976597
0.984987
1.01879
1.00621
1.00374
1.00399
1.00547
0.991402
1.00448
1.01657
1.00127
0.994363
1.02101
0.970922
1.01163
0.999791
1.02274
0.985727
1.01435
1.02348
0.999791
1.00127
0.993376
1.01237
0.991155
1.00201
1.00497
1.01854
0.98622
0.991895
1.00325
0.994116
1.0146
0.994363
1.0067
1.02866
1.00769
1.00176
1.00275
1.00645
0.990908
0.988441
0.997324
1.01015
0.995596
1.00251
1.01534
0.992389
0.991895
0.995103
0.993129
1.00399
0.991895
0.98622
0.988934
0.997077
0.99757
1.01608
0.978325
1.00596
0.994363
0.992635
0.997817
1.00547
1.01311
0.985973
0.994609
1.00226
1.00843
1.00547
0.986467
0.99757
1.00275
0.992635
1.01386
0.983506
1.00941
1.01386
0.999791
1.02052
1.02471
1.01015
0.983259
1.02052
0.99683
0.985727
0.991402
1.02298
0.99683
1.00078
1.00867
1.00226
1.01015
0.982272
0.987454
0.999051
1.00966
0.988194
0.972403
0.992635
0.993869
0.990908
1.00226
1.01311
0.993129
1.00793
1.01336
0.999051
1.0146
1.01311
1.01731
1.01262
0.994363
1.00127
1.00078
0.982272
1.01213
0.981285
0.989428
0.987701
1.00793
0.999791
0.995843
0.999791
0.99831
0.99609
1.00497
0.993622
1.00793
0.995596
1.00201
0.988441
0.982519
1.00991
1.01756
1.00004
0.987207
1.00325
0.993376
1.00226
1.01756
1.0178
1.00325
0.971663
1.00596
1.01558
1.00497
1.00941
0.999791
0.983753
0.989181
1.00769
0.991895
1.03187
1.01583
0.977831
0.988194
0.996583
1.00078
0.983753
1.01854
0.992635
1.01114
1.00571
0.994856
1.0146
0.99831
0.973636
1.0104
1.00004
1.01089
0.986714
1.01361
0.993622
1.00991
1.01756
0.992389
0.99535
1.0183
1.01509
1.02446
0.995843
1.01978
0.988688
1.00818
1.00843
0.972403
1.01608
0.998064
0.989428
0.996337
1.01682
1.00571
0.995103
1.00078
0.988934
0.994363
0.983013
0.98622
0.985233
1.00621
0.99831
1.0141
0.994856
1.00843
1.0178
0.993869
0.998064
1.01682
0.995596
1.00251
0.998557
1.00127
0.996337
1.00695
0.987207
1.00991
1.01089
0.965001
1.00399
0.986714
0.995843
0.982519
0.990908
0.997077
0.972896
0.979805
0.991649
1.00325
1.00621
1.00349
1.00423
1.01213
1.00843
0.992635
0.995843
0.99535
0.995596
0.989428
0.987207
1.02669
1.01311
0.998557
1.01139
0.998804
1.02274
0.997324
1.01163
1.00399
1.02965
0.991895
1.0067
1.003
0.97265
0.993129
1.00349
1.02397
1.00078
1.01854
0.982766
1.01706
1.00028
0.992389
0.982766
1.01336
1.02372
1.00596
1.00473
0.993622
0.990168
0.997077
0.976844
1.00325
1.00571
0.99535
1.0067
0.979311
1.01065
0.992635
1.0141
0.975364
1.01879
1.00053
1.02224
0.994116
1.00892
0.996337
0.999297
0.994856
1.0146
1.01287
0.988688
1.00596
0.981779
1.01287
0.978078
1.00201
0.998804
0.990415
1.00176
1.02471
1.00917
0.99831
1.00547
0.99757
0.990415
0.993869
0.998557
0.99609
1.00349
0.985727
1.02644
0.98548
1.00325
0.992389
1.00522
0.994363
0.99757
1.01435
0.995843
0.995103
0.997324
1.00621
1.01139
0.999297
0.989428
0.995843
0.997077
1.00571
0.998557
1.00251
1.02619
0.984987
1.01978
0.993869
0.984987
0.982519
1.0141
0.984
0.992635
0.99757
1.00028
0.999791
1.01163
0.98474
1.02619
0.99683
0.995103
1.00374
1.00127
0.996583
0.985233
1.00448
0.991402
0.99535
1.00028
0.99831
1.00941
0.994856
1.00201
1.00497
1.0215
1.01188
1.00892
1.00275
0.99831
0.992389
0.989428
0.993129
0.997324
1.01139
1.01904
1.00152
1.00522
1.00966
1.01188
1.0215
0.995596
1.0067
1.00201
0.983013
1.00793
0.99831
0.998064
0.99609
0.99757
0.98622
1.00695
0.990662
0.998557
1.01953
1.01065
0.98696
1.01015
0.988688
1.00596
1.00991
1.02323
1.00448
0.996583
0.985973
1.01558
0.99831
1.01336
1.01015
0.980545
1.01928
0.984246
0.995103
1.01583
0.991649
0.989428
0.994856
1.00547
1.00226
1.00793
1.01262
1.00473
1.00843
0.999791
0.99757
0.981532
0.997817
1.01237
1.01237
0.991895
1.01287
1.01534
1.01484
1.00448
1.00078
0.999051
1.00448
1.00176
1.01163
1.00497
1.00374
1.00695
0.990168
1.00719
1.02496
1.00078
1.01632
1.00349
1.02866
1.00423
0.990662
1.00325
0.999051
0.984493
0.982519
0.999544
1.00966
1.00004
1.01237
0.999297
1.00102
0.983506
1.01262
0.970676
0.998804
1.02076
0.993376
1.01854
0.99535
1.01731
0.988194
0.991895
1.01756
1.02027
0.98696
1.00645
1.00818
1.01953
0.988194
0.975364
0.993376
0.988934
0.999051
1.0067
0.97265
1.00399
0.99831
0.996583
0.978818
0.993869
0.998804
0.99683
0.990908
1.00547
0.994609
1.00941
1.00793
1.03014
1.00769
1.00769
1.00991
1.00226
0.99683
0.996337
0.993129
1.02175
1.00867
0.98548
1.00522
0.999051
1.00892
1.02126
0.993869
0.999297
0.98622
0.985233
1.00251
1.00349
0.985727
0.990908
0.987701
0.990908
0.997324
1.01558
1.01089
1.00325
0.991649
0.999544
0.979558
0.99535
0.980052
1.00719
0.993622
0.984
0.976104
0.996337
1.00325
1.01558
1.00275
0.999791
1.00423
1.00645
1.01682
0.997324
1.03088
0.997817
0.997324
0.994116
1.00423
0.990662
1.00843
0.998557
0.980792
1.01262
0.995596
1.03039
0.967221
1.00325
1.00497
1.00374
0.984
1.01139
0.993622
0.994363
1.0141
0.988934
0.972156
1.00399
1.00251
0.994856
0.978325
1.0067
1.00028
1.00547
0.994116
1.00473
0.997817
0.998557
0.987701
0.993622
0.991402
1.00645
0.995103
0.991402
0.999791
1.00078
1.00102
1.01879
0.990415
0.98696
1.01089
1.00176
1.00004
1.02397
0.998064
0.984246
1.00818
0.999791
1.00201
0.999297
0.980545
0.978818
0.997077
0.991649
1.0141
0.989181
1.00497
0.983753
0.982519
1.00621
0.992635
1.00793
0.993869
1.00621
1.02372
0.975364
1.003
1.00645
0.994116
0.997817
0.994856
1.00275
0.991402
0.992389
1.01731
0.997324
1.00719
1.00917
1.0178
0.990415
0.981532
0.980052
0.993622
1.01089
0.973143
0.984246
0.995843
0.997817
0.987207
1.02052
1.00719
0.995103
1.00621
0.988688
0.994856
1.00596
1.00695
1.01879
0.996337
1.0257
0.994363
1.00695
0.992882
0.999544
1.01213
1.01484
0.975364
1.00596
0.982272
1.00571
1.01015
0.984493
1.01435
1.00349
0.986714
1.01163
0.985727
1.01731
0.99683
0.978078
0.998557
1.00053
0.983753
1.02792
1.01336
1.00818
1.01336
0.982026
1.00719
0.989181
1.01657
1.00176
1.0146
0.999297
0.998557
0.99757
1.02027
1.00102
1.01509
1.00719
0.990908
1.02027
0.988688
1.00325
1.00522
0.970429
1.00226
1.00596
1.00127
1.01262
0.999791
1.00374
0.989181
1.00818
1.02471
0.990908
1.01336
0.989428
1.00547
0.989181
1.00102
1.00497
0.999297
1.00152
1.00251
0.997817
0.990415
1.00423
0.995103
0.993622
1.02052
1.00226
0.969935
0.998557
1.00226
0.989428
0.99535
0.998557
0.993869
1.02446
1.01188
1.01015
1.00004
0.982519
0.98548
1.00399
1.00201
0.994609
1.01854
1.00867
0.986467
0.980298
1.00399
0.991402
0.992142
1.00275
1.00078
1.02743
0.990662
0.973143
0.987947
1.01706
0.988688
0.983013
1.00251
1.01682
0.995596
0.991402
1.00522
1.00201
1.02595
1.00053
1.0067
1.01509
0.986467
1.0067
1.00349
1.01731
0.985727
1.01386
0.98696
1.0215
1.00966
1.01114
0.986714
1.01188
1.01534
1.00127
0.985727
0.97265
1.00991
1.02595
0.985233
0.981039
0.99609
0.984
1.01213
1.0183
1.00522
0.983753
0.964014
0.979311
0.997077
0.997077
1.02644
0.984987
1.01706
0.983259
1.00769
1.00102
0.999791
0.998557
0.99831
1.01632
1.00078
1.00251
0.988194
0.980792
1.02743
1.00695
1.00448
1.00596
1.01904
1.01854
0.986714
1.00176
1.01065
1.00053
0.978325
1.01089
0.977831
0.999297
1.02027
0.971909
0.97339
1.00399
1.00769
1.00251
1.00251
1.00522
0.99609
1.00275
0.998064
1.00251
0.988934
1.02298
1.02792
1.00818
1.00917
0.989181
1.00473
0.973143
1.00966
1.00473
1.00843
1.00102
0.995843
1.00473
0.99757
1.00374
0.981039
0.997077
0.971909
1.00102
1.0067
0.988194
0.999051
0.998804
0.986714
0.997077
1.0104
1.00941
0.997817
0.998064
0.992389
1.02101
1.00818
1.01706
0.991155
0.999544
1.01262
1.00571
1.01065
0.976844
1.00744
0.99831
0.991895
0.993376
0.983753
0.992635
1.02027
1.00522
1.01361
0.976351
1.0141
1.02595
1.00991
0.983259
1.00028
0.989181
0.99609
1.00251
0.99609
1.00843
0.994363
0.998804
0.993869
1.00818
1.01015
0.999544
1.02323
0.98622
0.997324
0.988688
1.00793
0.99757
0.986467
0.975364
0.985727
1.00176
0.998064
0.993622
0.985233
1.003
0.998557
1.01682
0.998064
1.01139
1.00004
1.01509
1.0146
0.996583
1.00917
1.01435
0.993376
1.01928
1.00349
0.994116
1.00596
0.992142
1.01336
1.01163
1.00769
0.989428
1.00053
1.00719
1.00867
0.994609
0.990908
0.994856
0.985973
0.987454
0.976844
1.00127
1.00152
1.00028
1.00547
0.981779
1.01262
0.990662
1.00251
1.00251
1.00127
1.00374
0.977831
1.02249
1.00719
1.01114
1.00448
0.985973
0.982766
0.998064
0.998557
1.00251
1.01435
0.978078
0.99535
1.00176
0.990415
0.98548
1.01336
1.00522
0.993129
1.00102
0.965494
0.99609
0.994116
1.01311
0.988934
0.971663
1.00399
0.990662
1.01262
0.971909
1.00226
1.00275
1.00941
0.986467
1.02126
0.998064
0.975117
1.00374
1.01114
1.00769
1.00991
0.965988
0.99683
1.00892
1.00473
1.00423
1.01065
1.00744
1.00102
1.01657
1.00892
1.01805
1.01509
1.01657
1.00917
1.01213
1.0067
1.02249
1.02521
1.00497
0.987947
0.988441
1.02545
1.01114
0.99535
1.00571
0.980792
1.00226
0.994363
1.01435
0.996583
0.978818
1.01089
0.999297
1.00719
0.996337
0.989428
0.989675
1.00102
0.999791
1.0067
1.00127
0.994116
0.99609
1.00102
1.01756
0.994116
0.998064
0.992882
0.991895
1.02767
0.990908
1.00053
0.991649
1.00522
1.02175
0.987701
1.00867
1.00325
0.982272
0.990662
0.987207
1.00275
1.01854
0.993869
0.989181
0.988441
1.00053
1.0141
0.990908
0.998804
1.00547
0.99535
1.02965
1.00251
1.01287
0.99757
0.998804
0.989675
0.988194
1.00399
0.993622
1.00152
0.993622
0.993622
1.02669
1.00818
0.984987
0.979558
0.985727
0.983506
0.990662
0.977091
1.00423
1.01114
1.00966
0.99535
1.00892
0.99609
0.996583
0.99831
0.997077
1.00127
0.989428
0.997324
1.01386
1.00966
1.02076
0.994116
0.988441
0.991155
0.989181
1.00497
1.00275
0.986467
1.00744
1.00473
0.990662
0.985973
1.00078
0.997324
1.02175
0.996337
1.00226
0.997817
0.989675
1.02298
0.990662
0.999544
1.00522
1.0067
0.994856
1.00226
1.00596
0.996583
0.988194
0.993129
1.01237
0.995843
0.980545
0.997077
1.00596
1.00621
1.00275
1.00769
0.985727
0.996583
0.991155
0.989428
1.01854
0.99757
1.00152
1.00818
0.992389
0.98696
1.00448
1.01756
1.02101
1.01089
0.98622
1.00423
1.00596
1.00102
1.00695
1.00078
1.00423
0.998064
0.988688
1.00275
1.00991
1.00078
1.00127
0.970922
0.998064
0.970922
0.994609
1.00004
1.02175
0.990415
0.990415
1.00275
0.983259
1.00078
0.989921
1.00004
0.998557
1.00201
0.994116
1.00473
0.989428
0.999297
1.01657
0.982519
1.00374
1.02052
1.01213
0.982519
1.00251
0.999297
0.998557
1.01632
0.996583
1.00325
0.975117
0.99831
0.948962
1.0104
0.985973
0.990908
1.01114
1.00719
0.992389
0.985727
0.991155
1.0104
1.0178
0.987701
0.984987
1.0146
1.00941
0.989181
1.00917
1.01854
0.998804
1.01879
1.01608
1.01632
1.01706
0.999051
1.00843
0.989428
1.01435
1.01237
0.989181
0.991155
0.992635
0.988194
0.978818
0.998064
1.00596
1.00892
0.981532
0.987701
1.00275
0.98622
0.985233
0.989921
1.00127
0.982026
1.00448
0.98696
1.00571
1.02718
0.995843
0.991895
0.992389
0.988194
0.989921
1.00349
1.01904
0.995843
0.987454
0.986467
0.997817
1.01336
1.03088
0.971169
1.00176
1.01509
1.0215
0.992389
0.956365
0.995596
1.01978
1.00325
0.989181
0.997077
1.00621
1.00349
0.978078
1.00571
0.999297
1.00275
0.991402
1.01632
0.996583
0.971663
0.985233
0.99535
1.00004
1.00744
0.982026
1.00251
1.00867
0.994856
0.984987
1.00251
1.00596
0.990908
0.988441
1.01188
1.01262
0.979805
0.992882
1.01114
0.99683
1.00251
1.00966
1.04026
1.01657
1.00645
0.988441
0.994856
0.998064
1.01583
0.987701
0.984
1.00325
0.998804
1.02471
1.00621
0.99831
0.994856
1.0146
1.0183
1.00226
1.00867
0.990168
0.991155
1.00892
0.991649
0.999791
0.989675
0.995103
1.0183
1.00028
1.01237
0.999297
0.998064
0.98696
0.996337
1.00251
0.97265
0.999297
0.982272
1.00423
1.01188
1.01657
1.00522
0.988194
1.00152
0.99535
1.00818
0.97561
1.00251
1.00695
1.01558
1.02989
1.01558
0.991402
0.99535
0.986467
0.992389
1.00473
0.993869
0.994856
0.979065
0.987947
0.999544
0.997817
1.0104
0.978078
0.99535
1.00127
1.00053
1.00028
0.98548
0.999297
0.988688
1.00941
1.00399
0.98548
0.993376
0.998804
1.02027
0.995596
1.00275
0.989921
0.999297
0.994609
1.00917
0.98622
0.990908
1.00152
1.00793
1.0178
0.984493
1.00744
1.03088
0.990415
0.993622
0.99757
1.00078
0.988194
0.978325
1.00473
1.01065
0.99535
0.995596
0.968455
1.00053
0.995843
0.994609
1.00744
0.992389
1.03187
0.991895
1.00917
1.00028
1.02521
0.997817
1.01336
0.99683
1.00769
0.993622
0.988194
0.984
0.98474
0.990415
1.00226
0.994856
1.00473
0.987947
0.985233
1.00941
1.02052
1.01336
0.99757
0.982272
0.999791
0.990662
1.02101
0.992635
1.00966
1.01262
1.00744
0.982026
0.988441
0.99609
0.991155
0.998557
0.999297
1.00473
0.991155
1.01805
0.986467
1.00226
1.00769
0.991649
0.990908
0.991402
0.996583
1.0146
1.00176
0.985727
0.982519
0.979558
1.00991
0.992635
1.03113
0.999544
1.00497
0.99831
0.980052
0.993622
0.99683
1.00423
0.992635
1.01558
1.00423
0.980792
1.02298
1.01336
0.99757
0.988688
1.00867
1.00769
0.989675
1.00695
1.01089
1.00053
0.98474
1.02989
1.00176
1.00645
0.991155
0.972403
0.998804
0.998557
1.00719
1.01756
0.972156
0.992389
1.01632
1.01262
0.971416
0.998557
0.971169
1.00769
0.988194
1.02545
0.993622
1.01756
0.987701
1.01509
0.998064
0.995103
0.984
1.00941
1.01534
0.995843
0.987454
1.02644
0.990168
0.988688
0.990415
0.988441
0.987454
0.987454
0.989921
1.01311
1.01139
1.01213
0.994116
0.997324
0.987701
1.01287
1.01065
1.0067
1.00966
0.999544
1.01237
1.00793
1.00448
1.00152
0.995843
0.991895
1.00053
0.978078
1.00423
1.00497
0.97413
1.00473
1.00892
1.01114
1.01237
0.992635
1.00917
0.987701
0.99683
0.997324
1.00349
1.00991
1.02422
1.00497
1.00497
1.00251
0.991649
1.00596
0.993622
0.980298
1.01237
1.01706
1.00867
1.00325
1.01188
1.00399
0.995596
0.977091
0.99609
0.993622
0.982026
0.997324
0.997817
0.99683
0.982272
0.990908
0.980545
1.00152
1.01558
0.987701
1.0067
1.01065
1.01262
0.994609
1.00892
1.01756
1.00028
0.994609
0.999051
0.992635
1.00423
0.988441
0.995843
0.998804
0.98696
0.989675
1.00645
1.01879
0.984987
0.988194
0.988441
0.993376
1.01361
0.99831
1.00695
0.984246
0.990168
1.00325
0.999791
0.99757
1.01114
1.0067
1.00102
0.988934
0.965001
0.993129
1.01336
0.968948
1.00078
1.02767
1.01558
0.983753
0.989181
0.975857
0.994856
0.999544
1.01311
0.992389
0.992142
0.982272
1.00744
1.01904
1.01509
0.990168
0.985973
0.990415
0.978818
0.987701
1.01361
1.00325
1.00053
1.00621
0.995103
1.00399
0.981779
1.00448
0.988688
0.995843
1.01213
1.01632
0.98474
0.99683
0.995843
1.01632
0.988441
1.00226
0.991649
1.00941
1.00621
1.00028
1.00719
1.00621
1.00645
1.01657
1.00325
1.02422
1.01756
1.02348
1.00102
0.989181
1.00892
1.003
1.00053
0.992389
0.993129
1.00892
1.00966
0.987701
1.00843
1.01731
0.991402
1.00374
1.01854
1.01361
1.01311
1.00028
0.993869
0.992389
0.994116
1.00201
1.00596
0.971169
1.01583
0.996337
0.983753
1.01089
1.01953
1.01114
1.00102
1.00769
0.997817
0.979805
0.992882
0.989675
1.00349
0.992389
1.00793
1.00769
0.989921
1.00226
1.00818
1.00349
0.995596
0.996583
0.982519
0.976351
0.99831
0.977584
1.00028
0.984987
0.995843
1.00645
0.978818
1.0067
1.01262
1.01854
1.01509
0.99683
0.99831
0.968208
1.00102
0.994609
0.999297
1.00374
1.00596
1.00522
1.01262
0.990662
1.01682
1.01583
0.999051
1.00004
0.982272
0.991895
1.04248
1.02249
0.996337
0.99757
0.988934
1.00941
1.00053
0.999297
1.00448
1.00004
0.995843
1.00547
1.00719
1.01361
1.01015
0.983259
0.994363
1.00843
1.00152
1.02274
0.984493
0.982026
0.99757
0.995843
1.0067
0.998064
0.999791
0.982272
0.99535
1.0146
0.994856
1.00399
1.00621
1.00818
0.989181
0.984987
0.997324
1.00004
0.983506
1.01336
1.00695
1.01386
0.976351
1.00349
0.992882
0.994116
0.969195
1.00201
1.01065
1.00769
1.01632
1.00522
0.974623
1.00596
0.976844
1.01361
1.00695
0.987207
0.983753
0.99757
0.998557
1.01361
0.994116
0.99831
1.01188
0.999791
1.00374
1.01188
0.985233
0.989181
1.01805
0.986714
0.99609
1.00374
1.00176
0.983506
1.022
1.00843
1.003
1.01706
1.00028
1.0183
1.00374
0.991155
1.00917
1.00374
1.00695
0.991649
1.00744
0.987701
1.01534
0.986714
1.00374
0.982272
0.998557
1.00004
1.01163
0.984246
0.99535
1.00078
1.00695
1.003
0.997817
0.993869
0.986714
1.00695
1.00004
1.02545
0.982766
1.00571
0.980298
0.996337
0.984
0.989181
1.00004
0.980545
0.973143
1.01065
0.984246
0.992635
0.983753
0.994116
0.982766
1.01287
1.0183
0.992882
0.994363
1.00102
0.98548
1.0067
1.00226
0.998064
1.00695
1.02323
0.99757
1.0183
1.01608
0.990908
1.01089
0.99831
1.01608
1.0104
1.01163
1.00374
1.01015
1.00078
0.989675
1.00349
0.982272
1.00744
0.995596
1.01336
1.00004
0.993622
1.00226
0.991402
0.99831
0.98622
1.00941
1.00473
1.00349
0.97339
1.00892
0.991402
0.990662
0.987454
0.997077
0.99609
1.003
1.00349
0.983013
0.982519
0.988934
0.995103
0.987947
0.986714
1.00991
0.994856
1.0331
0.98622
1.01089
1.00596
1.00127
1.01756
1.00843
1.00078
0.991895
0.99683
0.991649
0.988194
1.00448
1.01336
1.01682
0.995843
1.01682
1.00152
0.994116
1.01287
0.990415
0.994363
1.00793
0.995843
1.0067
0.999544
1.00127
1.01435
0.970182
1.01065
1.00349
0.98474
1.0178
1.00645
1.00571
0.983013
1.01953
1.01509
0.993129
1.00102
0.99535
0.983013
0.993622
1.00127
0.989921
1.00053
0.986467
0.978078
1.01583
1.00349
0.987207
1.03014
0.999297
1.00991
1.01089
0.994856
1.0183
1.02767
1.00226
1.00448
1.01608
1.01089
0.988194
1.00152
0.99683
1.01682
0.98696
0.993376
0.985973
1.00867
0.993376
1.00818
1.00127
0.997324
1.01682
1.02471
0.988441
0.991895
0.982026
1.01731
1.01163
0.979558
0.995843
0.980298
0.992142
0.970182
1.00744
0.989181
0.979065
0.994363
1.01188
1.0067
1.00176
1.00226
1.00251
1.00522
1.01262
0.983753
0.986467
1.00275
0.983506
0.997077
1.01089
1.00028
1.00004
0.989428
0.987454
0.980792
0.996583
1.00892
1.00127
1.00695
1.00176
1.01163
1.00645
1.003
0.997324
0.991402
0.979311
1.01139
1.01213
1.02348
1.00818
1.00275
1.00176
1.01015
0.990415
1.00275
1.01386
0.999051
1.01608
0.994856
1.02224
0.995103
1.00448
0.998064
0.982026
1.0104
0.991402
0.991649
0.988934
1.01706
1.03606
1.01361
1.00349
1.00275
1.003
1.00522
1.02101
0.975364
1.00497
0.988934
1.00325
0.988441
1.00004
0.981779
0.980052
1.01904
1.00349
1.00127
1.01213
0.99535
0.987207
0.994116
0.995843
1.00127
1.00843
0.999297
1.01361
0.990168
0.987207
0.991155
0.992142
0.97265
1.00695
0.999297
0.985973
0.992142
0.995596
1.01583
1.00004
1.01509
0.999297
0.999051
1.02372
1.01879
0.998064
1.00571
1.00547
0.974623
0.996583
0.988688
1.00621
0.995843
0.981039
0.992635
0.999791
1.00374
0.990908
1.00275
1.00522
1.01706
0.995103
1.00695
1.02693
1.00325
1.00053
1.00028
1.00941
1.00028
0.97487
0.98622
1.00349
0.999051
0.98622
1.00719
1.0146
1.01015
0.988194
0.985233
1.00473
1.00275
0.988934
1.00892
1.00547
0.988688
1.00399
1.01139
1.01583
1.00744
0.993129
1.01287
0.998804
1.01015
1.01114
1.01904
1.01114
0.987947
0.992389
1.02076
1.003
0.997324
0.994856
1.00127
1.00793
0.988194
1.02002
0.968455
1.00645
0.99535
0.99831
1.01089
1.00325
0.993869
0.999544
1.01953
1.01657
0.987207
0.986714
0.992635
0.997077
1.00004
0.998804
0.983259
0.999791
0.993622
0.997817
0.982272
0.980052
1.01089
0.984493
0.999051
1.003
1.00226
0.996583
1.01237
1.00892
1.00917
0.980052
0.991649
1.01139
1.02619
1.00201
0.999051
1.00571
1.00596
0.989921
1.00226
0.998557
0.990908
0.991895
1.00448
1.00053
1.00719
0.99535
0.992142
0.99757
0.995596
0.993129
1.0215
0.985233
0.983506
1.01509
0.998557
1.00374
0.989921
1.00226
0.982272
0.994116
1.00201
1.01213
1.01608
1.01805
0.990662
1.00102
1.00176
0.99757
0.98474
1.01287
0.989921
0.998064
1.00078
1.00497
1.01065
0.994116
1.01065
1.00176
1.01237
0.98474
0.994363
1.00917
1.00349
0.99831
1.01065
1.01435
0.98696
0.987947
1.00695
1.02743
1.01114
0.97561
1.00127
1.00571
0.988934
1.00892
0.991402
0.991895
1.00423
1.00571
1.01953
0.981779
0.991155
1.01361
0.99609
1.00374
1.0067
1.00818
1.02175
1.00867
0.99535
0.980052
1.01065
1.00497
1.00152
0.98474
1.01756
0.996337
0.993376
0.995103
1.00374
0.982026
1.02224
0.999791
1.0104
0.987701
1.00423
0.993129
0.998804
0.99683
0.979311
1.00793
1.00176
1.00004
0.991649
0.979065
1.00818
0.992142
0.976351
0.990168
1.02521
1.01657
1.00053
1.01114
0.990908
1.022
1.01632
0.977338
0.99683
1.00917
1.00744
0.979065
1.00522
0.995843
1.00399
0.99831
1.00793
1.01114
1.00226
0.999791
0.989675
1.0067
1.0257
0.995103
0.998804
1.01188
1.01534
1.00843
1.00152
1.02249
0.980298
1.00053
0.999544
1.00423
0.977091
0.987947
1.01534
0.997817
1.01015
1.01114
1.00917
1.02619
1.02496
1.00991
0.991155
0.994363
1.01015
0.994856
0.987207
1.00892
1.0146
1.01706
1.00053
0.99831
1.01904
1.00102
0.987701
0.994856
1.00423
1.01065
0.988194
1.00497
0.991155
1.00127
1.0067
0.999791
1.0183
0.989675
0.997817
0.996337
1.00843
0.990908
0.994116
0.983259
0.99757
0.984246
1.00251
1.00991
1.00991
0.993376
0.979311
1.00423
1.00596
0.995103
1.003
1.01879
1.00226
1.00053
1.0141
1.01015
0.991649
0.991649
0.988194
0.986467
0.989428
1.00473
1.01583
0.987207
1.01608
1.00251
1.00102
0.99831
0.989428
1.00497
1.00325
0.988688
0.99831
0.992142
1.01287
0.989921
0.998557
1.02693
1.00448
1.01583
1.00991
0.99757
0.977831
1.01386
1.00571
0.979065
0.990908
0.977584
0.998557
1.00399
0.999051
0.985233
0.985973
1.00078
0.986714
0.99609
0.99609
1.01139
1.00917
1.00744
0.993622
0.978818
0.992882
0.992882
0.983753
0.98622
0.995103
1.01213
1.00966
1.00473
0.99757
0.998064
0.982272
1.00645
1.00374
0.997077
0.991895
0.976104
0.98474
1.00349
0.994856
1.01237
0.992882
0.989181
0.987454
0.992389
0.995103
0.986714
1.00102
1.00645
1.01904
0.978818
1.03113
1.00596
0.992142
1.00127
0.99757
0.990908
1.00349
1.00028
1.01262
0.987454
1.01731
1.01139
0.971416
0.992142
1.00325
1.00226
1.01534
1.00695
0.984
0.990168
1.0368
0.997077
0.996337
1.00102
0.983259
1.00793
1.01336
1.02372
1.00078
0.992882
0.995103
0.981779
1.00448
0.987701
1.00843
1.01904
0.98696
0.99535
1.00127
1.00325
1.01583
1.00843
1.01756
0.996337
1.00867
1.00695
1.00078
0.983259
0.999297
0.995843
0.990908
1.00596
