0.977995
0.996476
0.99974
0.987654
0.960556
0.965357
0.97257
0.999333
0.940574
0.975179
0.995625
1.0082
0.975886
1.02021
1.05427
0.961992
0.987263
1.00771
0.994273
1.02921
1.02157
0.977242
0.994347
0.973269
1.00728
1.01176
1.02227
1.01413
1.00265
1.04249
1.01477
0.980708
0.943962
0.979131
0.96265
0.992946
1.009
1.02173
1.02071
0.996847
0.997446
1.00055
1.02399
0.98714
0.961842
1.05797
0.993994
0.997144
0.991686
0.975681
0.984839
1.0177
1.01337
0.991282
1.0116
1.00378
0.980467
1.00304
1.00677
1.02034
1.02085
0.978106
1.03354
1.0003
0.952321
1.04631
1.00768
1.01398
0.990624
0.959727
0.977504
1.02428
0.988944
1.04145
1.0306
1.02918
0.96129
0.964668
1.00094
1.01275
0.965253
1.00519
0.979533
0.933805
1.00883
1.04834
0.968642
0.986753
1.01149
0.989244
1.00861
0.945531
0.963399
1.01711
1.00042
1.01925
0.97667
0.968535
0.990149
1.00701
0.986754
1.01466
0.967381
1.06144
0.988343
0.97648
0.956766
1.0295
0.939814
0.9822
0.997584
0.99568
0.981668
1.03992
0.975968
1.01175
0.983638
0.995816
0.999139
1.03429
1.01224
0.957548
0.945522
0.985655
1.00013
1.00648
1.01844
0.928896
0.978199
0.993923
1.02672
0.959419
1.02938
0.969742
0.981795
0.977989
1.05341
1.02837
0.978362
1.00777
1.04086
1.03442
0.979949
1.00373
0.963127
0.983611
1.03896
1.04413
1.01224
1.04064
1.00535
1.00256
0.993906
1.03816
0.973082
1.00848
1.02983
0.998727
0.928582
1.0262
1.02215
0.97655
0.98767
0.979157
0.996133
0.997606
1.00191
0.979114
1.01188
1.00388
0.982385
0.99856
0.987192
0.999352
1.01044
0.991081
0.979779
0.991137
1.02015
0.993648
0.994711
0.973935
1.02069
1.02666
1.03102
0.982133
1.00229
1.01813
0.994591
0.99089
0.98789
0.995287
0.965701
0.961873
0.993737
0.973281
0.990577
0.989743
1.02864
0.998482
0.985143
1.02587
1.04145
0.953703
1.01004
0.990951
1.01636
0.950488
0.937015
1.00471
1.00202
1.03721
1.01878
1.00627
0.973612
1.0104
0.991207
1.00231
1.03287
1.02228
0.972848
1.01983
0.973596
1.01335
1.02464
1.02578
0.969281
0.982931
0.989112
1.04054
1.00478
0.970609
1.04098
1.00099
1.01741
1.01539
1.00405
0.979262
0.954941
0.997308
1.00421
0.983094
1.04695
0.988063
1.03768
1.02582
0.998321
0.970427
1.05092
1.0272
1.01416
1.01512
1.01107
0.972282
1.01148
0.981809
1.00651
0.981369
1.01982
1.02052
0.993982
0.972044
0.996925
0.982473
1.01755
0.974506
1.00362
0.970603
1.0008
1.01017
0.987245
0.99925
1.00837
1.00678
0.995375
0.994598
1.00653
0.995334
1.06047
1.01113
1.00097
0.993682
1.00589
0.955806
1.03077
1.03532
0.980291
0.97063
1.01787
0.989653
1.02033
0.973341
0.977075
0.991975
1.00617
0.96616
0.928493
0.990743
0.980144
1.03714
0.998901
0.998921
1.01725
1.01943
1.01403
1.03236
0.988701
1.0387
0.984439
0.991492
0.962472
1.00168
0.997382
0.968359
0.985915
0.98907
0.997612
1.01304
1.02301
1.00303
1.027
0.988132
1.03012
0.972477
0.997778
0.992485
0.982143
0.978254
0.998753
1.07081
1.01045
1.05674
0.9721
0.991828
0.991954
1.01276
0.965039
1.00823
0.954145
1.00257
0.998357
1.00898
0.98058
1.02862
0.973708
0.970956
0.996573
1.0273
0.997271
0.986664
0.998043
1.03077
0.978778
0.977476
1.00539
1.07277
0.996603
1.02916
0.997154
1.00093
0.985421
1.02764
1.03063
1.02367
1.0165
1.02317
1.05982
1.02185
0.979849
1.01472
1.01161
0.994786
0.977132
1.00379
1.02196
0.995536
0.962336
1.00331
0.979869
1.0343
0.982382
0.980279
0.992362
1.00001
1.0215
0.982158
1.00104
0.983775
0.975575
1.04486
1.00377
0.96463
1.01466
0.990789
0.991113
0.996664
1.00394
0.98359
1.00235
0.943078
1.00749
0.953896
0.977207
1.00775
0.967829
0.986634
0.996683
0.996993
1.02957
0.97
1.01175
1.00745
0.989121
1.02823
1.00789
0.989253
1.05715
0.972921
0.967943
0.977969
0.996311
0.984784
0.982181
0.981372
1.01376
1.00693
1.02791
1.04245
0.951243
0.960451
0.98902
0.97679
1.00251
0.982676
1.04369
1.00977
1.00673
1.02272
1.03835
0.987671
0.942111
0.990743
1.03638
1.06834
0.979463
1.03792
0.988902
0.975611
0.994082
1.00669
1.02627
1.05624
0.981534
0.99511
0.990988
1.02455
0.987034
0.991543
1.03143
0.971744
1.01689
1.02034
1.00664
1.01098
0.975791
0.998122
1.00866
0.988415
0.987099
0.95178
0.9783
1.02243
1.00866
1.00414
1.00631
0.974929
0.968333
1.00535
1.02665
0.968192
1.00444
1.0045
1.0174
1.00124
0.988156
1.03186
0.979198
0.984348
0.999333
0.972016
0.977641
0.968943
1.01881
0.992216
1.07755
0.991842
1.00796
0.995056
0.982997
0.98921
1.01465
1.01184
0.995035
1.01043
1.02753
0.997641
0.963316
0.975727
0.994173
0.965708
0.975409
1.00838
1.01352
0.996488
1.01319
1.00683
0.984576
1.00889
0.999607
0.995504
0.977777
1.04583
0.939488
0.972941
0.970136
1.00994
0.999962
0.995573
1.01599
0.992316
1.02763
0.995129
0.97247
0.985373
1.02349
1.03089
0.97125
1.01611
1.03601
1.07068
1.0115
0.96831
0.97258
1.02051
1.01734
0.981801
0.982598
0.996852
1.02284
1.03116
1.03057
1.01404
0.97192
1.0069
1.02238
1.0063
1.0064
0.977414
0.993862
0.982408
1.03991
1.0028
0.959654
0.982454
1.03642
0.968603
1.03541
0.947954
0.978239
1.00586
0.983584
0.975411
0.980861
1.0188
0.97839
1.02031
0.998829
1.01823
0.973304
0.986801
0.978419
1.02584
0.987017
1.03478
1.02902
0.999366
0.982739
1.02128
0.985949
1.00382
0.995936
0.998148
0.991524
1.00789
0.985942
0.984862
1.00703
0.98588
0.986686
1.00278
1.02802
1.03135
1.00555
0.972681
1.03647
1.00007
0.974193
1.01676
0.996721
1.00409
1.04754
0.994566
1.01996
0.994217
0.982775
0.980452
0.995433
1.04221
0.995508
1.00494
1.02385
1.01989
1.02116
1.01005
1.02094
1.00609
0.997129
0.961411
0.972289
0.969154
0.959646
0.988382
0.982166
0.976665
0.954168
1.0128
1.02306
0.999576
0.99071
0.979731
1.02912
0.974726
1.01792
0.969199
0.983534
0.987339
1.04186
1.0003
1.02411
1.01293
1.01885
0.976867
0.996279
1.00709
0.966726
1.00014
1.01575
0.978145
1.00184
1.0174
0.997109
1.01961
1.00092
0.979596
0.99987
1.03932
0.996855
0.987191
1.0136
0.998687
0.998637
0.958954
0.995031
1.00687
1.00242
0.967028
1.00656
0.984373
1.00443
0.971956
0.944679
0.995527
0.961845
1.01245
1.0283
1.00238
0.989078
1.02078
0.964461
0.991067
0.993484
0.993072
1.00724
0.999448
1.01247
0.959209
1.01602
0.979632
1.00505
1.0254
0.988243
1.01883
1.00277
1.02655
1.02595
0.983467
0.993478
0.981205
1.04368
0.990608
1.03825
0.988833
0.992184
1.02561
0.961667
1.01478
1.01591
1.01586
1.00105
0.972061
1.00974
0.976547
1.02917
1.05194
1.04608
1.00658
0.971507
1.00726
1.02906
1.01333
0.991383
0.997136
0.98443
1.01213
0.981036
1.0262
0.990966
1.0223
1.02244
0.972108
1.0108
1.03614
1.04021
0.983718
0.991447
1.01078
1.06695
0.991282
0.961975
0.980864
0.996914
1.00981
0.983336
1.04627
0.976139
1.03001
1.00494
1.02143
1.00406
0.9978
0.994738
1.04737
0.98554
1.01802
1.02573
1.01738
1.0359
0.932233
1.02924
0.988015
1.03087
1.00156
0.977012
0.966849
1.01304
0.978706
0.979316
1.0207
1.01724
1.0003
1.03486
1.02596
1.00129
1.00386
0.988581
1.03153
0.986749
0.989643
1.01301
0.958089
0.96807
0.994495
0.981756
1.02435
1.0296
0.961359
0.993096
0.987982
1.00703
0.974121
1.00084
0.99996
1.00463
1.03047
0.981524
0.975966
0.98856
0.972317
0.99724
1.04583
0.981085
0.993443
0.982491
1.0353
1.02333
1.00553
0.968165
1.0181
1.00203
0.99586
1.015
0.990982
0.996586
1.00743
0.944782
0.986404
1.01099
0.996465
0.99685
0.99531
1.03181
1.01336
1.02209
1.0222
1.03531
0.999118
0.986968
1.02994
1.00363
0.996858
1.03837
1.04467
0.997808
1.00279
1.02184
1.01375
1.02391
0.96513
0.990031
0.99436
1.00407
1.01479
1.01352
1.00762
1.00528
0.989942
0.987386
1.01237
1.00921
0.993636
0.985004
0.994998
0.941693
1.05447
0.992418
1.01668
0.992394
0.953271
1.01272
1.02659
1.02473
1.02051
1.00617
1.00042
1.04062
1.02305
0.988874
1.04352
0.965224
0.987305
0.993644
1.02578
0.999457
0.995652
0.987246
0.98542
0.975036
1.00221
0.972142
0.979486
1.02355
1.00808
0.98657
1.04034
1.03091
1.00512
1.00858
0.961462
0.993885
0.984829
1.00113
0.948704
1.00172
1.03446
1.04406
1.00799
0.976434
1.0121
0.973764
0.95849
0.977762
0.982203
0.969389
0.969124
1.04328
0.980679
1.01606
0.956012
0.965113
1.01419
1.00448
0.974092
0.975716
1.0193
1.01524
0.989481
1.00237
0.977294
1.00628
0.99189
1.03081
0.987611
0.982673
0.927966
1.03239
1.02138
1.00294
0.957952
0.963731
0.988495
0.980998
0.962205
0.945624
1.02122
1.00374
1.00696
1.02398
1.03246
1.01883
0.961489
0.983363
0.998138
0.986269
1.01135
0.99393
1.02246
0.991707
1.01613
1.0176
1.01968
1.00055
0.957379
1.03656
0.978842
0.993208
1.00237
0.996552
0.952654
0.992474
1.02564
0.937251
0.976548
1.02242
0.979336
0.995084
1.02617
0.995094
1.02465
0.998949
1.01124
0.983171
1.02109
0.974659
1.02688
1.00773
1.02757
0.951612
1.01428
1.01072
0.942259
1.04287
1.02788
1.01994
1.02403
1.00031
1.00236
0.997601
1.00227
1.04499
0.985046
0.997942
1.03857
0.971818
0.992943
0.968903
1.0067
0.958935
1.01648
1.03226
0.95518
1.01793
1.01049
1.00319
1.03328
1.00799
0.997219
1.0417
0.986373
1.02422
1.03658
0.967796
0.958489
0.994507
1.02002
0.984767
0.990437
0.970175
0.995148
0.958925
0.987376
1.00387
1.00788
0.997061
0.991065
0.986913
1.01789
1.01833
0.995622
1.05106
1.0065
1.02686
1.00922
0.974163
0.977212
0.956756
0.986376
0.996373
1.00896
1.01255
1.0006
1.01842
0.999277
0.963039
0.954225
1.00692
1.01948
1.0123
0.959218
0.972863
0.974933
1.0179
0.996012
1.00522
1.01622
0.98021
1.00707
1.01576
1.00199
0.983659
1.02011
1.00159
0.985117
0.990592
0.993539
1.04185
0.998582
0.951243
1.01435
1.02251
1.01377
0.99994
1.06835
0.98826
0.977912
0.973389
1.02542
0.977108
0.997314
0.98789
1.02238
1.02102
1.00427
0.991158
0.977226
0.970976
1.00843
0.989291
0.965787
0.991117
0.965632
0.992999
0.999838
1.00123
0.979556
1.00787
1.01135
1.01593
1.0042
0.993524
0.979104
1.03329
1.02957
1.0181
1.00381
0.990542
0.963099
0.998781
1.04174
0.99593
1.03054
1.04406
0.984934
0.96077
0.975477
1.00184
0.948955
1.00777
0.997702
0.997444
1.04972
1.01753
0.961791
0.966295
0.997317
1.00601
0.960812
1.00082
0.967632
1.01223
0.998166
1.01632
0.986134
0.994121
1.00906
0.995383
0.978114
0.982637
0.982867
0.97811
1.01563
1.0239
0.958536
0.986166
1.03041
0.960725
1.01037
0.970464
0.971342
0.985112
1.01706
1.01255
1.02966
0.94522
0.96265
0.994129
0.998616
1.00306
1.0006
0.979073
0.955113
0.997315
1.02959
0.995907
1.05763
1.00177
0.992245
0.991649
0.965572
1.02819
0.986638
1.00177
0.996397
1.00062
1.04365
1.0179
1.01332
0.974529
1.00385
1.00125
0.98237
0.955253
1.0262
1.01396
1.00073
0.989018
1.01083
0.951819
0.995093
0.977214
1.01168
0.989215
1.01265
1.00171
1.0371
1.01783
0.998879
0.986604
1.05478
0.969858
0.992264
1.00392
0.99116
0.968308
0.970294
0.980386
0.97864
1.00875
1.03929
0.977616
0.980485
0.986931
0.978031
1.0225
0.981243
1.02256
0.985447
1.00884
0.995968
1.01502
0.984341
0.979186
1.02963
1.00859
0.968501
0.965736
1.02166
1.01074
1.01635
0.937527
1.0205
1.04542
0.94434
0.958242
0.998396
1.04552
1.03536
0.955479
0.978587
0.999517
1.02519
0.99106
1.00032
1.00497
1.00631
0.979527
0.999808
1.00353
1.05802
1.02553
0.96451
0.980254
0.967716
0.961969
0.959894
0.972671
0.977091
1.01902
0.956075
1.00655
0.963546
0.989644
0.98516
1.02259
1.01045
1.01149
1.0107
1.012
0.98543
1.01021
0.962086
1.05754
0.994406
0.987557
0.979596
0.985468
1.03381
0.999181
1.01768
0.970828
1.00346
0.988684
0.968672
0.967217
0.980392
0.993368
1.03919
1.03569
0.984823
0.989851
1.03197
1.04038
1.01342
1.0032
0.950627
0.969842
0.969683
1.04803
1.03935
1.00566
0.973488
1.00385
1.0002
1.03579
0.997334
0.977921
0.996293
1.00332
1.03532
1.05447
1.01494
1.01108
0.99996
1.00094
0.972474
0.998934
0.974944
1.04083
1.00978
0.975191
0.97595
0.958946
0.989353
0.993532
0.985014
0.984461
0.991931
0.976134
1.05079
0.972051
0.992937
0.982934
1.02486
1.01939
0.9817
1.02906
0.982612
1.04951
1.00474
1.0117
0.99607
0.973866
1.02711
0.960893
0.977315
1.03935
1.01676
0.992919
0.96013
1.02875
0.990065
0.980872
1.01989
0.990317
0.969484
0.946945
0.929259
0.983535
0.985531
0.948316
1.02612
1.00147
0.971027
0.986383
0.948295
1.00918
0.979184
1.0101
0.993987
1.00154
0.978447
0.97118
1.01662
0.97609
1.0501
0.994658
0.9897
1.0487
1.01138
1.00322
1.00809
1.01785
0.946432
0.985903
1.03197
1.03292
0.97518
0.988484
1.03415
1.02324
1.01327
1.01555
1.00091
1.02359
0.977921
1.01111
1.00678
1.00982
1.04675
1.00009
1.037
1.01573
0.980238
0.977572
0.945141
1.01144
1.00582
1.02568
1.02844
0.983031
1.02408
1.01522
0.987649
1.02116
0.987455
0.998487
0.984188
0.935677
1.03555
0.986
1.02069
1.05594
0.979735
0.992254
0.989877
1.00396
0.97476
0.998819
1.01944
1.03005
0.966376
1.00507
0.999422
0.972061
1.00354
1.01773
1.06413
1.00193
0.969685
1.02724
1.01978
0.944989
0.923608
0.940153
1.00046
0.963293
1.02257
1.00178
1.01527
1.00008
1.01684
0.977451
1.0234
0.951272
1.00711
1.01873
1.00308
1.05318
1.01892
0.997182
1.03413
1.05676
1.02488
1.02108
0.985851
0.970544
0.970092
1.01935
0.988468
0.99403
0.993542
1.02657
0.945459
0.989039
0.981814
1.03508
1.00789
1.00129
0.998736
1.04832
1.01608
0.972896
1.01837
0.973426
0.98211
0.941346
0.992969
0.997338
0.954149
1.0174
1.02701
0.958453
1.04579
0.984845
1.01125
1.01439
0.9997
0.959851
1.0158
0.957678
1.0305
1.01105
0.996169
1.02715
0.98269
1.00327
1.01259
0.995985
1.03331
0.976685
0.969732
1.0012
1.01194
0.981988
1.01722
1.02219
1.06185
1.00847
0.971606
0.998709
0.984097
1.00313
1.02334
0.971138
1.04738
0.978226
0.965699
0.967189
0.970709
1.02518
0.987011
0.962499
0.972976
1.02394
0.982554
1.01425
0.959714
0.978281
1.01334
0.981175
0.978059
0.982111
0.996644
0.999823
1.03737
0.992196
0.960102
1.02762
0.992466
0.994881
0.931909
1.01206
0.990322
0.98627
1.01589
0.951888
1.01114
0.977311
0.981128
1.00457
0.969161
1.02822
1.01618
1.02918
0.997469
1.01578
1.00607
1.00115
0.978781
0.971297
1.0311
0.992756
1.04037
0.999133
1.02641
0.976453
1.005
1.02266
0.99815
1.01111
0.994097
0.973037
0.976721
1.00845
0.955642
1.00707
0.982744
0.979792
0.958708
1.0051
1.01821
1.0055
1.02286
1.06474
1.02417
1.03063
0.955087
1.02078
0.969583
0.974007
0.969672
0.999402
1.00536
0.967119
1.02446
0.99358
0.987651
0.993281
0.985833
1.0148
1.01019
0.996773
0.982941
1.00416
1.04087
1.00135
1.02075
0.953848
0.970139
0.952214
1.04859
1.0042
0.949886
1.04258
1.02176
0.996881
0.984627
1.00791
1.02801
1.00257
1.00013
0.992039
0.967161
0.996612
1.00828
0.965145
0.981229
1.01663
1.03808
0.991086
1.00556
0.995585
1.0111
0.991429
0.980576
1.01498
1.00065
1.01342
1.02148
1.05732
0.982697
1.00482
0.980355
1.00709
0.993026
0.949369
0.998536
0.992679
1.01321
1.0122
0.99655
0.960257
1.00068
1.00213
0.972319
1.04154
1.02893
0.999336
0.968854
0.951114
1.03227
0.978893
0.999006
0.990961
0.943376
0.971957
0.985948
0.968876
0.981489
0.991563
0.967584
0.996718
0.958461
1.03314
1.02688
1.02989
1.03078
0.959156
0.989248
1.00185
1.0539
1.00564
0.988237
0.989252
1.01377
0.995747
1.00509
0.969081
0.980715
0.954643
1.03365
1.01412
0.990985
1.00481
0.990098
1.02744
0.972513
1.01916
1.02338
1.01806
1.02186
0.996207
0.984849
0.978086
0.997271
1.00608
1.01172
1.00969
1.0103
0.990663
1.02059
1.00084
1.00139
0.984006
1.00629
1.01543
0.96435
0.969878
1.00241
0.962504
0.980359
0.95635
1.01566
0.990615
0.992628
0.985638
1.00417
0.976168
1.0096
0.958888
0.999473
1.00552
1.0131
0.988274
0.949166
0.985294
0.962384
0.968599
0.977861
1.01848
1.00297
1.01388
1.00699
1.00122
1.03389
0.996287
0.960888
1.00038
1.01665
0.982377
0.969636
0.955919
1.00168
0.960761
1.00518
0.977842
1.00404
0.977389
1.01871
1.05779
0.977568
0.982317
0.9869
1.06173
0.974275
1.04409
1.0194
1.00993
0.985517
1.01269
0.977684
1.04532
0.960608
0.972326
1.00574
0.990588
1.02402
0.994385
0.998313
1.06254
1.00501
0.968745
0.977673
0.966466
1.01605
1.00684
1.01087
1.02811
1.02457
1.00013
1.01972
1.0285
1.03138
1.03863
0.986453
1.00732
1.04138
1.0069
1.03702
1.01802
0.998904
1.00045
1.015
0.981341
1.01494
0.99967
1.02523
1.01368
0.997099
1.00917
1.00477
1.00455
1.00842
1.047
0.970536
0.991562
1.00335
0.996709
0.979241
0.996924
1.02722
0.993561
0.980575
0.995407
1.01137
0.993694
0.976334
1.0016
1.02152
0.988487
0.993654
0.98494
0.965307
1.0421
0.994365
0.948306
1.01025
0.969286
0.951891
1.02333
0.988217
1.02192
0.978237
0.985079
1.01191
1.00028
0.970775
0.995492
1.00641
1.00103
0.974445
0.991224
0.996415
0.959064
0.983244
0.979824
0.962802
1.02574
1.02443
1.01281
0.983629
0.993402
0.971388
0.972841
0.996872
1.06122
0.970722
1.0236
0.983198
0.962435
1.04141
1.00568
1.02167
1.0305
1.00721
1.00605
1.00227
0.987581
1.0111
1.01996
1.02121
1.01206
0.984741
1.01792
1.01154
0.973862
1.00015
0.963554
1.00011
1.01704
0.963057
0.975137
0.98053
0.97381
0.994756
1.00784
1.00035
0.972922
0.968547
0.97086
1.01349
0.989805
0.994334
0.997525
1.00158
1.01293
1.00705
0.993361
1.0297
1.03004
1.03323
0.997441
1.02317
0.983145
1.00226
1.04103
1.04
1.05702
1.02892
0.995253
0.967515
0.995173
1.04398
1.0498
1.01428
0.99827
1.02427
1.02087
0.981664
0.992275
1.02184
0.956162
1.02646
0.999601
0.995507
0.97877
0.976357
0.985523
1.02401
1.00037
0.99272
1.00193
1.02684
1.01721
0.998732
0.96356
0.974991
1.00462
0.982409
1.06209
1.01489
0.999642
1.00077
0.995899
0.9983
1.01595
0.968457
0.952087
1.04075
1.05177
0.990219
1.02413
0.981898
0.945145
0.951344
0.992705
0.98643
0.994471
1.01
1.00946
0.982075
1.00657
0.999111
1.02298
1.03953
0.997073
1.0234
1.00218
0.973142
1.01993
1.01197
0.985046
0.995342
0.999067
0.951145
0.977841
1.00801
1.00311
1.00847
1.00694
1.05689
1.0132
0.974449
1.01715
0.988673
0.983326
0.982608
0.957351
1.00505
1.02197
1.02389
1.00214
0.971421
1.0278
1.00091
1.00019
0.983592
0.968343
0.989088
0.965906
0.985532
1.06046
1.01114
1.0215
0.94147
0.981475
0.991512
1.00064
0.983377
1.00217
0.992281
1.00155
0.973147
1.01523
1.00792
0.997638
1.00917
1.03752
1.03489
0.979929
1.00952
1.07059
0.914051
0.998521
0.992903
0.988022
0.98925
0.97357
1.03226
1.01138
0.994718
1.02048
1.01309
1.02497
1.02984
1.04064
0.998584
0.994406
1.01219
1.04395
1.03859
0.98215
0.942396
0.991341
0.974389
0.988999
0.989589
0.968867
1.0221
0.99766
0.998577
1.02125
0.991765
1.03449
1.00541
0.999574
1.00194
1.00489
1.01374
0.955833
1.01082
0.989233
1.02571
0.97297
1.02112
0.951638
1.00689
1.01082
1.01734
0.963274
1.00156
1.00282
1.01952
1.02099
1.01154
0.998563
1.00554
0.978225
0.991403
1.00698
0.993405
1.0098
0.969895
1.0067
0.956909
0.981757
1.01847
0.966029
0.982164
1.00737
0.979293
1.02663
0.978924
0.992695
1.05327
1.0285
0.981449
1.00187
1.04032
1.05788
0.962446
0.986722
1.00768
1.01206
0.989093
0.999416
1.01736
1.0265
0.981283
1.04946
0.962274
1.03068
0.995233
0.974163
0.997466
1.00881
1.01977
0.946397
0.997923
1.01488
0.972611
0.992257
0.99384
1.00595
0.966107
0.985826
0.991856
1.0419
1.00917
0.994574
1.01002
0.97734
0.972121
1.01808
0.989743
0.988727
1.01674
1.00623
1.00473
1.05181
0.990949
0.982315
1.00575
1.00495
1.04418
0.952857
1.02785
0.967417
1.00381
1.0106
1.01522
1.0172
1.02656
1.02585
1.05465
1.00353
0.986073
0.946911
1.04144
1.02127
0.988108
0.974096
0.951583
0.996992
1.04343
0.992425
1.00781
1.05729
0.992799
1.00737
0.987483
0.985653
1.0141
0.960613
0.989265
0.981045
1.03371
0.990541
1.00419
0.999511
0.948627
0.980725
1.00597
0.9746
0.921429
0.990116
1.01689
0.971783
1.00922
1.03947
0.994717
0.948982
0.99935
1.03905
1.00448
0.995261
0.99874
1.03171
0.98764
1.00343
0.984526
0.99957
0.99713
0.996856
1.00098
1.03037
0.986141
0.964526
1.01777
1.00381
0.985599
0.999632
0.998225
0.982058
0.947591
0.978972
1.01054
0.986546
0.996709
1.01269
1.00643
0.945484
1.03164
0.989032
1.03236
0.980771
0.990321
0.987858
0.992034
0.982903
0.997205
1.03275
0.988363
0.98889
1.00913
0.993163
0.989227
0.991761
1.02629
1.01852
1.00283
0.984822
0.990257
1.023
1.0038
1.01055
1.00288
1.0058
0.9875
0.949129
0.955402
0.970702
0.986478
0.990379
1.00437
1.00978
1.00448
1.02268
0.984487
1.01207
1.01699
1.00476
1.01889
1.01098
1.01122
0.983921
1.00579
1.00417
0.969792
0.955962
1.00404
1.01089
1.00591
1.04014
1.01249
1.01977
0.989179
0.968815
0.998436
0.989311
0.985496
1.00148
0.983636
0.982121
1.02115
1.00225
1.03552
1.01254
1.02433
0.991926
0.996742
1.00567
0.976813
1.00107
0.990748
1.01651
0.995369
0.982486
1.01367
1.02108
1.01899
1.03674
1.00181
1.01444
1.00757
0.979658
1.00004
1.02907
1.01729
1.08735
0.998229
0.986736
0.971557
1.03086
0.957844
1.03551
0.995231
0.968993
1.03506
1.03771
0.984811
1.00535
0.968403
1.00531
1.01461
1.00231
0.988121
0.997136
1.0483
1.00544
0.978839
1.00295
1.00362
0.995931
1.04721
0.930941
1.02668
1.04598
0.985943
1.00741
1.02545
1.00411
0.98298
0.990901
0.970091
0.981494
1.00629
1.04138
1.03562
1.06208
0.991876
1.01962
1.00656
0.988909
0.994668
1.0565
1.01231
0.991712
1.02067
1.01009
0.973616
1.06182
0.985558
1.04396
1.00768
0.998263
0.987202
1.01565
0.979817
1.01888
1.02172
0.990699
1.0179
1.04448
1.04833
1.00137
0.990223
0.994544
1.03075
0.959129
0.971235
1.02728
1.00105
0.997232
1.04907
1.00334
0.936624
1.05203
0.994656
0.95948
1.05334
1.05888
1.03641
0.989174
1.01537
1.01462
0.981637
0.994102
0.94727
1.01034
1.03226
1.02774
0.987287
0.9745
1.00831
0.998591
0.999009
1.0363
1.03793
1.00568
0.97588
0.989804
1.05177
0.978687
0.968621
1.00593
0.992496
0.982476
0.999706
1.04021
1.00433
0.975238
0.959397
1.03169
0.989694
0.991854
0.968534
1.01898
0.982976
1.02072
1.00625
0.99956
0.989584
1.01249
1.01686
1.02688
0.994152
1.0315
0.975005
1.00834
1.06413
1.02064
1.01549
1.01199
1.01537
1.03431
1.00142
1.00435
1.01489
0.969761
0.960456
1.01651
1.02324
1.03568
0.98413
1.00083
1.00339
0.967156
1.03088
0.991623
0.953967
0.979773
1.03761
0.983286
1.00326
1.01856
1.00791
0.99372
0.977764
0.984698
1.02314
0.987297
0.990099
0.999843
1.01623
0.968252
1.03095
0.990817
1.02674
0.986944
0.979938
0.991883
1.03957
1.06141
1.03571
1.01409
1.00556
1.01051
0.994898
1.02379
1.01685
1.01542
0.945184
1.02825
0.97927
1.05398
1.00667
0.969391
0.981403
0.982077
0.980585
0.947213
1.01708
1.00136
1.00523
1.0062
0.978822
0.991202
0.974517
0.993142
0.985575
1.00892
0.983313
1.02224
0.989171
0.988309
1.0078
0.9823
1.00608
0.995064
0.993441
1.01272
0.96302
0.972793
0.979267
0.995867
0.999501
1.01165
0.944641
1.09483
0.96255
1.00382
1.03417
0.963679
1.05813
0.982141
0.944887
1.04452
1.05004
0.975152
0.992826
0.982953
1.08018
1.02489
0.990631
1.01682
1.02278
0.979626
1.01943
0.995738
1.01684
0.973775
1.0013
0.981793
1.04375
1.02101
0.953656
0.969015
1.03199
1.00194
1.03935
0.962763
1.00469
1.03561
1.01423
0.960437
0.974598
0.981961
1.02587
1.00354
0.97672
0.985013
1.00729
1.01155
1.02592
0.980674
1.00462
1.02062
1.00141
0.979574
1.02674
1.01091
1.00967
0.981235
0.962404
0.940797
0.964714
0.964126
0.962953
0.992505
1.00792
1.00616
0.978425
0.991571
1.08285
1.01258
0.975728
0.974849
1.00952
1.02548
0.985834
1.01205
0.989006
0.942058
0.993946
1.00083
1.0109
0.977686
1.03548
0.988045
1.01926
0.962576
1.00473
1.03132
0.99886
0.990777
0.99961
1.026
1.01892
0.927333
0.969419
1.01294
1.02194
0.996225
1.03868
0.974817
1.04139
1.00481
1.02674
0.991818
1.01333
1.01914
0.987694
0.988681
1.03964
0.983829
1.01403
1.05635
0.993302
0.99637
0.964194
0.980411
0.994969
0.979536
0.972642
1.01578
1.0106
0.997409
0.964128
1.01885
0.973406
1.03738
1.03562
1.01159
1.0292
0.993265
1.02032
0.964147
1.01085
1.03265
0.93907
0.958415
0.976647
1.01718
0.985753
1.03759
1.01834
1.00412
1.0107
0.977307
0.975481
0.99307
0.96148
0.96709
0.93697
0.955775
1.05766
1.01281
1.02841
1.0005
1.00686
0.988324
1.05579
0.979154
1.05157
0.945415
1.02528
0.969294
1.01401
1.03243
0.949445
1.00893
0.990833
1.00941
1.01545
1.01119
1.01647
1.00949
0.950852
1.03096
1.09027
1.03169
0.98004
0.984835
1.02283
0.981618
1.02462
0.970779
0.998928
0.952453
0.999639
0.981989
0.994136
0.984775
1.04678
1.02099
1.00374
1.02521
1.01479
0.971469
0.937505
1.01992
0.990656
0.967545
0.981406
0.996579
0.960077
1.00667
1.03829
1.04447
1.00442
0.937619
1.04248
0.955652
1.03426
1.025
0.967547
1.03865
1.0393
1.01993
1.02854
0.998966
0.953118
1.01666
1.00095
0.994074
1.04669
0.977428
0.981052
1.02727
1.0076
1.05529
1.00307
1.00471
1.03066
0.992775
1.00155
1.0278
1.01457
1.05203
0.983054
0.999715
0.960211
1.02421
0.983513
0.996592
1.00029
0.966947
1.0069
1.02364
0.98555
0.950615
1.01887
1.01492
1.01175
0.954795
1.01593
1.00881
1.0393
1.02113
0.94724
1.05479
1.00292
0.996364
0.984328
1.02205
1.06699
0.963619
0.978578
0.97393
1.00418
1.0374
1.01509
1.01267
0.992399
1.01195
0.987715
0.972841
0.995835
1.02269
0.980732
1.02877
1.00821
0.995407
1.0203
1.01171
1.03329
1.00151
1.02092
0.976216
0.987285
1.00277
0.986494
0.9915
1.02885
0.99983
1.00873
0.983759
1.01673
1.02854
1.0046
1.00539
0.98417
1.00596
0.996399
0.979384
0.979996
1.00414
0.962464
1.02361
0.99342
1.01209
1.00849
0.984143
1.00191
1.02854
1.02358
0.994741
0.98054
0.979972
0.983596
0.970857
0.989665
0.959224
0.988958
1.02229
1.04215
1.03314
0.963033
1.03501
1.00052
1.00984
1.01724
1.04571
1.001
0.986673
1.04103
1.06711
1.02795
1.00777
0.965487
1.01542
0.968905
1.00825
1.03616
0.983152
0.974587
0.976321
1.00903
0.997561
1.03074
0.972823
1.02754
1.00715
0.99709
0.996055
0.980704
1.00311
0.992638
1.00947
0.992668
0.993882
1.01578
1.02131
1.00225
1.02582
1.02291
1.02725
1.05548
1.00614
0.965099
0.977731
0.985317
1.00309
1.02564
0.994738
1.01922
0.975858
1.05484
1.0382
0.974813
1.00714
0.995277
1.00171
0.956763
0.981996
0.971824
1.05008
1.02739
1.00395
0.979675
1.01393
0.999034
0.980674
0.998463
1.01931
1.021
0.961676
0.990093
0.965353
1.03417
1.00645
0.990684
1.01177
0.975945
1.01592
0.983408
0.968037
1.0369
1.02586
0.997263
1.02916
1.01661
1.00342
1.0234
1.00546
0.950566
1.02663
1.03261
1.02696
1.00052
0.982691
1.0104
0.992894
0.991298
1.03034
1.03445
1.01359
0.994381
1.03639
0.994036
1.01411
0.998786
1.03909
0.984924
0.998953
0.970244
0.994919
1.00814
0.994714
1.0439
1.03027
1.03463
1.00134
0.988511
1.01659
0.980231
0.996167
0.987412
0.991673
1.03726
0.995562
1.03579
1.03704
0.949551
1.01566
1.01002
1.00886
0.979275
1.00562
0.984557
0.978771
0.98303
1.02877
1.0059
1.01811
0.95799
1.02188
0.988852
1.02093
0.994421
1.015
0.966025
0.965444
0.99308
0.988733
0.990067
1.02261
1.00319
1.01971
1.02216
1.0067
1.02389
1.01632
1.04709
0.960303
0.997112
0.964076
1.00782
1.0055
0.974868
0.967883
1.00722
1.03618
1.02997
1.00379
1.01312
1.02632
1.01326
0.984794
0.993038
0.968991
1.00631
0.979682
1.03093
0.987406
0.985495
1.04278
1.02334
1.01321
1.00944
1.00885
0.989743
1.02875
1.02444
0.990037
0.990218
0.98451
0.943016
1.00697
0.998271
0.977146
0.986544
1.03818
1.00151
1.02796
0.970151
0.979828
0.990626
1.02031
1.00371
1.01551
0.984297
1.01652
0.977251
1.04186
0.977454
1.00294
1.01187
1.00523
1.01105
0.994301
0.983185
1.02807
0.997822
0.946164
0.940016
0.982511
1.02533
1.00396
0.977097
0.947246
1.01495
1.0378
1.02942
1.01779
1.02385
0.976138
0.963807
0.999491
1.00902
1.00599
0.942916
1.02029
0.986676
0.979586
1.00602
1.03658
0.988219
0.987328
0.981919
0.990584
0.973175
1.03584
1.01518
1.01143
0.953181
1.03017
0.986208
0.990137
1.02164
0.974208
0.978251
0.986004
1.01296
1.00397
0.988682
1.01179
0.979244
1.01291
0.996226
0.997746
0.979634
0.998995
1.00154
0.962225
0.980964
0.981556
1.00749
0.995967
0.991777
1.00768
1.00704
1.00468
1.01667
1.02353
0.99199
0.97303
0.974886
0.987297
1.01174
0.949533
0.967091
0.979093
0.989433
1.00695
1.01563
1.01994
1.04255
1.03725
0.990179
0.977685
0.976503
1.0105
0.955436
1.03337
1.00701
0.993359
0.965723
1.00846
0.99161
0.96964
0.918111
0.98869
1.01856
1.01005
1.03115
0.997325
1.01095
1.00592
0.956387
1.04638
1.00509
0.999359
1.00867
0.95304
0.996793
0.99188
1.02199
0.96026
0.963642
0.996362
0.98808
1.0259
0.942618
1.00448
0.978992
1.0162
1.04069
1.03588
0.982949
1.01349
1.02206
1.00054
0.99309
1.00644
1.00951
1.02581
1.01534
0.96821
1.01539
0.998205
1.03728
1.00903
1.01337
1.00467
1.02779
1.01351
0.960688
0.989253
1.03176
0.996301
0.979119
0.975046
0.983176
1.0345
1.01681
1.00067
0.966161
1.01723
0.963149
0.993903
0.972132
0.987513
1.01593
1.00946
1.02979
0.96458
1.00242
0.950278
1.01685
1.00925
1.00329
1.03032
1.00822
1.03639
1.00226
0.968399
0.973402
0.996067
0.964397
1.02176
1.00698
1.0055
1.01939
1.00432
1.00419
0.964905
1.02126
0.985379
1.01979
0.985288
1.00389
1.01038
0.99613
0.912112
0.98704
1.03614
1.0086
1.02162
1.01119
1.00029
1.01511
0.992851
1.02912
0.98301
1.00458
1.02341
1.00524
0.993021
0.978305
0.983394
0.966371
1.03441
0.976185
1.01738
0.98211
0.989084
0.931006
0.990152
0.963776
1.02873
1.00856
1.04663
1.00542
1.00376
0.992111
1.0275
0.992301
1.00665
0.937751
0.970998
0.981286
1.02096
0.974841
0.956705
0.985504
0.995152
0.99492
1.03056
0.979861
0.99857
1.00032
1.01921
0.96664
0.997576
0.958206
0.962689
0.974968
0.98816
1.01939
1.02493
1.01952
1.00734
1.04604
1.02935
0.994872
1.00144
1.04568
0.953041
1.03339
1.02764
0.978423
0.996101
1.00512
0.96131
0.974998
1.03534
1.00653
0.990059
1.03301
0.969703
0.981883
0.966515
0.994299
1.02472
1.02488
0.96316
0.934457
0.955824
0.984887
0.978262
1.00969
0.98459
0.973465
0.937355
0.978716
1.03402
1.00146
0.967792
0.970063
1.03784
1.02202
1.01744
0.971654
1.01102
0.986387
1.00377
1.00203
0.956222
0.985038
0.956277
0.996391
1.01267
0.984225
1.03422
0.994817
1.03351
1.00934
1.00487
0.964631
1.01602
1.04791
1.0402
0.990917
1.01137
1.04646
0.996954
0.959702
0.995894
0.97047
0.981179
0.977072
0.96964
0.962074
1.02907
1.01732
1.0091
0.986648
0.969844
1.01961
0.968904
1.00587
0.967131
0.982834
0.992905
0.971156
1.00053
0.976661
0.997446
1.03226
0.979265
0.995744
1.01085
0.977083
1.04017
1.00652
1.0483
0.965016
1.0038
0.971194
1.0647
1.02025
0.971226
0.96322
0.992088
0.984421
0.962217
1.00282
0.963738
0.991694
1.02223
0.983344
1.02893
0.980123
0.993348
1.00939
0.981485
0.971749
0.999645
0.967877
0.995789
1.01821
1.00005
1.00684
1.01891
0.9876
0.951277
0.98431
0.999416
0.970754
0.991313
1.03471
0.981649
0.971429
0.98439
0.973029
0.985514
1.00723
0.996354
1.02844
0.975257
0.998438
0.976663
1.00256
1.00445
0.982767
0.986363
1.01028
0.965002
0.951257
0.986725
0.99004
1.03944
1.01024
0.938812
0.989297
1.00936
0.98967
1.02182
0.999812
1.0044
1.03062
0.980865
1.01413
0.99876
1.0134
0.97723
0.950892
0.977923
1.06155
1.00098
0.975926
0.950234
1.01137
1.03443
1.02509
1.04069
1.03661
0.969571
0.990049
1.04799
1.02757
1.00038
0.969984
0.984636
1.00829
0.987315
0.958417
1.03067
1.01352
0.953944
0.993417
1.02927
0.944587
0.978019
1.05346
1.04043
1.02461
1.02137
0.957329
0.989532
0.986288
1.00028
0.971483
1.00513
1.00161
0.979439
0.982673
0.995193
1.04442
1.01728
1.00076
1.0107
0.984771
1.0076
1.03936
0.989084
0.977081
1.00797
1.0578
1.02197
0.956383
1.0236
1.0015
1.00961
1.02101
1.01639
1.03118
0.998986
0.997245
1.00709
0.994656
1.00489
1.00832
0.99766
1.03652
0.958613
0.996092
1.00163
1.04144
0.964241
1.01885
0.996476
1.01151
1.02654
0.953625
1.04326
1.00117
1.00048
0.989884
0.999068
0.966956
1.02842
1.00486
1.01181
1.04842
0.970644
1.00901
0.978889
1.00487
1.06206
1.03145
1.00517
0.989717
0.964945
0.991182
0.952752
1.00332
0.996001
1.01022
0.983826
0.988253
0.998142
0.952062
0.979452
1.00827
1.04843
1.05471
1.01307
1.04159
1.01529
1.04387
0.98996
1.00707
1.00385
1.03839
0.986671
0.953278
1.03111
0.979291
0.982578
1.01895
0.976392
0.982943
0.99573
1.02589
0.999329
0.988846
0.998739
0.993351
0.965898
1.00347
1.04918
1.01988
1.02024
1.02301
0.980791
0.973311
0.984618
1.01977
0.967414
1.03342
0.968241
1.06504
1.01934
0.998344
0.99638
0.937254
0.973863
1.02499
0.967673
0.987546
1.00936
1.02503
1.01159
0.950432
0.970481
1.03431
0.986574
0.960171
1.05164
1.04997
0.965837
0.995348
0.973859
1.03632
1.01879
0.993318
0.975084
1.0079
0.990084
1.00156
0.989125
0.993699
0.994383
0.993102
1.03088
0.95214
0.965918
1.00213
1.01228
0.985117
1.00604
0.985071
0.986999
1.00313
1.01238
1.03845
0.95135
1.01965
0.979295
1.02628
0.959667
0.999676
0.991236
1.02155
0.985486
0.98236
1.00271
1.01079
1.00989
0.974738
0.998943
0.990333
1.01716
0.986872
0.991914
1.00872
0.981296
1.02305
1.04502
1.01952
1.00752
1.00082
1.02449
1.03496
0.999532
1.07222
0.945807
1.00815
1.03226
0.971978
0.991578
1.00066
1.01241
1.01032
0.987182
1.01938
0.998569
0.986868
1.00097
0.974196
0.993117
0.953981
0.973354
1.03143
1.00927
0.995853
0.994244
0.967349
1.04547
1.02471
0.96154
0.989335
1.04213
1.02186
0.993281
0.973472
1.00691
0.989285
0.96492
1.02441
0.997796
0.990603
1.03538
1.01356
1.0267
1.02362
1.01564
1.03637
1.00149
0.982361
0.995257
0.977641
1.0125
0.986643
1.00638
1.03053
1.00445
1.05623
1.04147
1.04271
0.996213
0.992126
0.987336
1.02429
0.975903
0.987705
1.02986
1.00061
0.975169
0.957457
1.02462
1.02674
1.02976
1.03533
1.00093
0.979423
1.00074
1.03416
1.01013
1.027
1.01399
1.02101
0.988081
1.02763
0.970164
0.955833
0.961266
1.02801
1.02589
0.967789
0.97285
0.983407
1.03585
0.989796
1.0248
1.01086
1.00913
1.03197
0.947019
1.01015
1.00353
1.01047
0.978151
0.988345
0.98838
1.04249
0.988485
0.99282
1.00132
1.01485
0.965825
1.0143
1.02472
0.973165
1.00796
1.0163
1.05871
1.01964
1.02709
0.977465
0.990367
0.991151
1.03849
0.979648
1.00729
1.00791
0.992963
1.00285
1.01704
1.064
1.00392
1.00355
0.993837
1.02148
0.979246
0.988439
1.03899
1.00938
0.999495
1.03706
1.02752
0.993366
1.02286
0.996841
1.09521
1.06726
1.04676
0.98348
0.998419
0.996656
1.00325
1.00296
1.05646
1.00821
0.972129
0.998305
1.00608
1.03494
0.985765
1.02721
0.996377
0.930234
1.02254
0.983119
1.01764
0.999644
1.00083
0.983344
1.00822
1.04424
1.01032
1.05273
0.987435
0.999985
1.00962
1.03467
1.00785
1.04854
1.01349
1.00977
1.0627
1.03195
0.98883
1.01868
1.0199
1.02754
0.982961
1.01065
0.942097
1.03178
1.01504
0.976688
1.02631
0.97917
0.943138
1.00595
0.966724
0.993858
0.97019
0.989524
0.999547
1.03168
1.03008
0.9725
0.977689
0.999472
0.980541
1.00812
1.02946
1.00494
0.964898
0.972454
1.01193
0.976801
1.00605
0.972153
1.01479
0.972467
0.96535
1.02003
0.980845
0.984301
0.983256
1.00354
1.0054
1.00731
1.02922
1.01514
0.948356
0.988803
1.05035
1.01072
1.00974
0.956554
1.02112
0.990988
1.06289
0.984813
0.973423
0.99291
0.957906
1.06204
0.97797
0.991804
1.0087
1.00417
1.00273
1.03165
1.00836
0.954973
1.00575
0.965837
1.02656
1.01542
0.983916
0.995798
0.993991
1.01113
1.02445
0.991187
0.997673
1.00451
0.996085
1.02971
0.989977
0.963084
0.998371
1.07403
1.08762
0.989057
0.976943
0.997668
1.00358
1.06825
0.954803
1.01738
1.05452
0.996973
1.00436
0.994916
0.983318
1.01618
0.972083
1.01703
0.979608
0.977003
1.00569
0.962117
1.00332
1.01785
1.02016
0.962884
0.984682
1.03561
1.02933
0.982468
1.00263
1.03659
1.03072
1.02338
1.02383
1.00175
0.958424
0.994718
1.01308
0.960881
0.971516
0.98272
1.00516
0.980086
1.023
0.980282
0.923905
1.01221
0.994595
0.982217
0.953543
1.0263
1.00085
1.00863
0.98501
1.00728
1.00383
0.996238
1.02143
1.02754
0.965853
1.04433
0.976933
0.965387
0.982997
1.01295
0.975993
0.941421
0.970162
0.993716
0.992535
1.03378
1.02228
1.01193
0.994275
1.00158
0.945453
0.983106
0.98378
0.999104
0.963946
1.03139
1.02473
0.970511
1.01473
1.03495
1.0333
1.01754
0.99675
0.948432
0.998487
1.0035
1.01385
1.01612
1.02258
1.01154
1.02266
1.01984
1.02936
0.959899
0.961572
0.961751
1.03351
0.974776
0.963684
1.01519
1.02705
0.994629
0.993198
0.992581
1.01347
0.985537
0.98447
0.999831
1.06428
0.961462
1.00651
1.03259
0.987721
0.95732
1.01913
1.01665
0.980517
0.977196
1.00546
1.00285
1.01467
1.00242
1.0045
0.965399
0.98336
1.02115
1.00761
0.996369
0.991726
0.95379
0.98393
0.99418
0.993168
0.997611
0.990674
0.979891
1.01231
0.973748
1.0135
1.02606
0.983026
1.00494
1.03067
1.0005
0.986931
1.0219
1.03309
0.929933
1.00538
0.999835
1.05306
1.03409
0.989638
0.968011
1.01042
1.03642
1.00974
0.972075
1.00222
1.00413
1.00455
0.994192
1.01374
0.999787
1.00109
0.991934
0.99737
1.04476
0.971001
0.998126
0.961699
1.03818
0.966992
1.00033
1.00071
1.03048
1.00357
0.972642
0.974135
1.00504
0.964615
0.99422
0.953492
0.983541
1.01679
0.982238
1.0215
1.0105
1.01103
0.959602
1.0021
0.995914
0.996224
1.05716
1.0248
0.997089
1.00742
0.972953
1.02295
0.99773
0.974498
1.04069
1.00403
0.982472
1.00813
0.986236
0.982488
0.98321
1.00143
1.02919
1.00512
0.99778
0.989433
1.01969
0.976068
0.974194
1.00785
1.00654
0.992456
0.966208
1.01123
1.05808
1.01636
0.99787
1.03617
1.02183
0.992761
0.98693
1.03585
0.989433
0.986406
1.00983
0.98243
0.963587
1.05805
0.982264
1.00536
0.99859
0.970845
1.00222
1.0403
1.06439
1.00481
1.01554
0.977547
0.984849
0.990677
1.0461
0.986701
0.972907
1.02385
0.994088
1.03581
1.03604
0.972917
1.04072
0.973799
0.971175
1.0059
0.998246
1.03882
0.975666
0.999927
0.998142
1.02138
0.993745
0.97678
1.05931
1.06655
1.04025
0.978573
1.01588
0.985646
1.00052
0.990498
1.00247
1.00032
0.966141
1.04267
1.00513
1.02008
0.971066
1.02291
1.04456
1.0638
0.963201
1.05367
1.00801
1.00119
0.994395
1.00426
1.03842
0.974903
0.979478
1.02546
1.0177
0.98268
0.994939
1.03228
1.01164
1.01188
1.02799
0.958559
1.0085
1.00398
0.981189
1.00756
0.990019
0.977825
0.972594
1.02039
0.985454
0.943443
1.01047
1.01739
1.00018
1.00327
0.960018
1.03056
0.986131
0.994441
0.964366
0.943924
1.01241
1.00501
1.04965
1.00993
0.980158
1.0549
0.988008
0.976536
1.00704
1.03302
1.03072
0.989523
1.01417
1.01071
1.01477
0.974034
0.99277
0.984668
0.990565
0.968529
0.98359
0.973233
1.00915
1.00643
1.05059
1.02163
1.00922
1.01037
1.0313
0.993874
1.01505
1.013
1.00524
1.02821
0.958172
1.02919
0.965696
1.0171
1.00707
0.957783
0.947768
0.996773
1.00978
1.05893
0.998375
1.0506
1.03571
1.033
1.00048
0.977395
0.988982
0.986399
1.00714
1.02949
1.04891
0.998714
1.01566
1.02153
1.01722
1.02562
1.00578
1.01274
0.976176
1.02023
0.955044
0.999361
1.01414
0.955954
0.984897
0.962208
0.977884
1.01306
0.980001
1.01612
1.02606
1.01561
0.991324
1.05969
0.979719
1.01527
0.980511
1.03753
1.00847
1.0409
0.965757
0.993695
0.956592
0.997372
1.01572
1.02908
0.990459
1.01977
0.978852
0.943251
0.969676
1.00401
1.00783
0.975073
0.987089
1.00718
0.999412
0.970971
1.00089
1.00824
0.942295
0.99489
1.00142
0.989901
0.982104
0.994996
1.01896
1.0013
1.00967
1.04043
0.995215
0.98902
0.984708
0.993195
1.00366
0.97356
1.00169
1.02604
1.00679
1.01314
0.994989
0.99094
1.00977
0.986066
1.01714
1.0396
0.981255
0.962161
0.995496
0.99507
1.03091
0.990041
0.985949
1.01471
1.0115
1.03729
0.993316
1.00773
0.970009
1.00382
0.971124
1.01354
0.999317
0.962384
0.968124
1.02194
1.01081
0.954495
0.968254
1.00955
1.0185
0.977517
0.985035
0.991373
0.956627
0.979224
0.958354
1.02411
1.01292
1.03851
0.960831
0.990654
0.999192
1.02968
0.966225
0.99627
1.02111
1.00524
0.988705
0.994133
0.987164
1.01319
0.987178
1.01434
1.00236
1.01103
0.982108
0.972875
1.00544
1.02849
0.956391
1.01955
1.01854
0.974637
0.957964
1.03473
0.979673
1.0122
1.01677
0.984536
0.969346
0.985606
0.996754
1.01862
0.962726
1.01932
0.986238
1.00278
0.993064
0.997307
1.00243
0.982034
1.01932
0.998979
1.03095
1.04841
0.996553
0.992881
0.971819
0.998532
1.01806
1.00627
1.00279
1.0146
0.997618
1.02127
0.978899
0.987845
0.9893
1.02914
1.00104
1.03555
0.974008
1.01768
1.01101
0.984862
1.04778
0.985485
0.972782
1.0374
1.0396
0.99824
0.971112
0.964671
1.00499
1.0399
1.02015
1.01663
0.996467
0.988055
1.0206
1.00318
1.027
0.99188
0.994926
1.01315
0.978472
0.99027
1.00389
1.06326
0.993639
1.02325
1.01949
1.00549
0.971799
0.965499
1.00076
0.981068
1.03007
0.982714
1.01115
0.985303
1.06444
1.00513
1.0246
0.986408
1.00775
1.04493
0.955429
1.00873
0.968661
0.98788
1.03615
1.01193
0.99272
0.989398
1.01938
1.01068
0.985972
0.990719
0.980193
0.976859
0.976191
0.989945
1.00002
1.00075
0.986216
1.05843
1.05769
1.02882
1.01098
0.989667
1.01382
0.988932
1.03783
0.9887
1.00978
1.00496
1.03225
0.997968
1.00606
0.955934
1.01359
1.00922
0.999436
1.02148
1.01142
0.965214
1.02225
0.965542
1.0223
1.0281
1.00039
0.996464
0.983979
1.02763
0.957042
1.03603
0.96308
1.05134
0.968296
0.977323
1.01623
0.988337
1.05457
0.975508
1.0128
1.02308
1.04083
0.985231
1.01602
0.999472
0.975282
1.01499
1.00852
0.992487
1.03488
0.994433
1.00295
1.02611
0.991079
0.984825
1.02084
0.981364
1.01931
1.01022
1.03796
1.01665
1.01159
1.01711
1.01515
0.991121
1.01371
0.976798
1.00429
1.02914
1.05642
0.991623
0.959624
0.979822
0.975081
1.03976
0.974908
1.02305
0.950032
1.00148
1.01894
1.01026
0.947378
1.01397
0.968685
1.0125
1.0393
1.01145
0.996832
1.01569
1.02412
1.00781
0.96891
0.978866
0.993875
1.02508
0.981564
0.971026
1.02887
1.03713
1.00185
0.998283
0.99293
1.02757
1.00274
1.00379
0.985071
0.992257
1.0123
1.05279
0.976737
1.00185
1.028
0.991174
1.02093
1.0221
0.988003
1.02443
1.05069
1.01933
1.00153
0.945096
0.99587
0.998766
1.01905
0.977273
1.00748
0.98417
0.934054
1.00574
1.01351
1.00144
0.983361
0.971973
0.956542
1.0217
0.997822
0.954814
0.954391
1.01293
1.01863
0.997433
1.0196
1.02863
1.02167
1.01351
1.00429
0.996795
1.02574
1.00742
1.01148
0.99736
0.999724
1.04803
0.986421
1.0551
1.05878
0.982959
0.997638
1.02383
1.01451
0.980423
1.03718
1.00894
1.01756
0.982771
1.03802
1.00328
0.961351
0.973484
1.01319
1.02091
1.04475
0.958127
1.03662
1.04307
0.976623
1.04454
0.944497
0.986359
0.998629
0.980239
1.00394
1.02795
1.01583
0.999164
0.965524
1.04267
0.956356
1.01531
1.02142
0.989993
1.03066
0.997803
1.03579
0.980064
1.00321
0.961571
1.01569
0.995461
1.03702
0.996991
1.04352
0.992308
1.00027
1.01709
1.00431
0.979135
1.00962
1.03324
1.06138
0.995158
1.01216
0.994518
0.969668
1.03724
1.00341
0.978336
0.994378
0.94295
0.981947
1.0033
1.01297
0.974984
1.02771
0.98445
1.04513
1.00269
0.992885
0.963882
1.03037
1.03393
0.994097
1.04118
0.939449
1.02031
0.977976
1.01861
0.983594
0.997852
0.970292
1.03643
1.01575
0.983546
1.04769
0.9498
1.01618
0.999458
1.00781
0.994785
1.01902
1.01041
0.985286
0.997663
0.98693
1.03869
1.04459
0.988958
0.969583
1.00153
1.00702
1.03224
0.999079
1.04055
0.996048
1.01246
0.999841
1.02452
0.993974
1.02289
1.00448
1.01537
1.02958
0.973608
0.97142
1.00228
0.993334
0.980747
1.0129
0.990298
0.922651
0.937459
0.983232
0.99901
0.967675
0.984576
0.97746
1.00764
0.996236
0.989134
0.996698
0.962298
0.980818
0.978132
1.01915
1.01334
0.975815
1.00914
1.04732
0.97194
1.03057
1.00348
1.00745
0.992091
0.99833
0.993599
0.987055
0.955274
1.02187
0.983793
1.0503
0.996139
0.993321
1.00857
1.01838
0.996061
1.00404
0.967588
1.00833
0.97804
0.980052
0.970253
1.02353
0.98699
0.983165
0.984212
0.966337
1.01373
0.940847
0.969074
0.990317
0.987957
1.02379
0.992168
0.963662
0.991678
0.996026
1.02828
0.989293
0.943763
0.986482
1.05374
0.972935
1.00456
1.01616
0.969309
1.00887
0.979404
0.983802
1.07405
1.03081
0.992463
1.02351
1.00997
1.02569
0.999886
0.971053
0.996087
1.00828
0.997706
1.01622
0.964696
1.00327
0.981664
1.03374
1.05777
0.988834
0.992843
1.04058
1.02112
0.994629
0.998985
1.04341
1.00067
1.02675
0.964905
1.00987
1.05447
0.997339
0.99365
1.00931
1.00158
0.995143
0.997696
1.01212
1.01673
0.988154
1.02386
0.970674
0.970595
1.00104
1.00147
0.996027
0.977139
1.02071
0.953337
0.961944
1.00625
1.00887
0.989798
1.01866
0.986526
1.03714
1.00626
1.02337
0.982046
1.01363
1.01644
1.00833
0.972653
0.989387
1.00563
0.966605
1.04143
1.02214
1.01357
0.96698
0.971504
0.990121
1.00838
1.06608
1.03184
0.998049
1.03285
1.03569
0.98936
1.002
1.0211
0.957355
1.00073
0.995273
1.01027
1.02277
1.01395
0.984272
1.00005
0.969973
1.003
0.990571
0.980789
1.01521
1.00372
0.998955
0.971696
1.00283
1.02455
0.978694
0.972084
0.978919
1.00079
1.00176
1.01273
1.00728
0.983386
1.02564
1.00231
1.01114
0.980077
1.00541
0.984045
1.00229
1.03901
1.03385
1.01029
0.98801
0.97216
1.0016
0.977972
0.971258
0.990102
1.0003
1.01059
1.02774
1.02872
1.04848
0.962093
0.964486
0.993084
0.979994
0.994731
0.980727
0.996271
1.01675
0.977049
0.98883
0.989849
0.997613
1.01435
0.9683
1.00146
1.0211
1.01023
1.00381
1.00221
1.06936
1.01217
1.03021
0.965007
1.00484
1.02685
0.987553
0.985938
0.985697
1.03554
1.03272
0.990693
1.00531
1.03376
1.00109
0.957049
1.05039
0.991599
0.971375
1.02131
0.988759
1.02461
0.991101
1.00417
0.967168
1.0076
1.04098
0.961977
0.992748
0.974488
1.01461
0.993284
0.984445
1.02112
1.02889
0.992156
1.02849
0.998338
1.00427
1.04257
0.985593
1.0365
0.908443
0.993608
0.996739
0.981638
0.997632
1.03414
0.989614
0.994713
0.975613
0.98582
0.982886
1.02245
0.98509
1.02597
1.00189
0.97842
0.979057
0.971878
0.970466
1.04037
1.00608
0.971878
1.00259
0.973546
1.00355
0.989003
1.04072
1.00343
0.976629
0.961672
1.03533
1.01815
1.00008
0.999544
0.963713
0.954699
1.01483
0.988533
0.992792
0.998932
0.977026
0.957529
1.02236
0.956342
1.00014
0.989224
1.00217
0.990626
0.972161
1.04162
1.00394
0.993127
1.01766
1.0086
0.992032
1.04726
0.966539
0.957006
0.995556
1.03117
1.00638
1.00029
1.04747
0.930105
1.02209
1.04517
1.01193
0.997143
1.01179
0.97654
1.02917
1.01957
1.00518
1.00026
0.994699
0.992845
0.99418
0.981121
1.05244
1.02124
0.989184
0.956862
0.969505
0.965336
1.0083
0.970419
0.984572
0.965322
1.02497
1.03502
0.99916
1.01504
1.00414
0.979119
1.00144
0.987795
1.02305
0.985038
1.03292
1.02209
0.985499
1.00477
0.999732
1.00164
0.992797
1.03639
1.02554
1.00979
1.01009
1.0255
1.01735
1.00134
0.995517
1.00537
0.940237
1.01888
1.00863
1.02814
1.00508
1.00187
1.01316
0.991857
0.978869
1.00565
0.974087
1.01771
0.963923
1.00883
0.958515
1.02972
0.974109
1.00081
1.00733
0.997233
0.96158
0.984595
0.993732
0.989958
0.990219
1.01282
1.0323
1.01445
0.982122
1.04752
0.997602
0.98614
1.03787
0.967962
0.972417
0.983644
0.986195
0.988784
0.971928
0.990454
1.02142
0.990029
0.989496
1.00279
1.01269
0.979683
0.95418
0.98549
0.959961
0.984783
0.998349
0.997355
0.954901
0.997555
0.980886
1.0032
1.03126
0.949069
0.986219
0.997509
0.955946
0.999189
0.984434
0.986304
1.01707
0.96157
0.997698
0.989291
1.01627
0.969011
1.00292
0.996255
0.991785
0.989874
0.994188
1.00467
1.00717
1.03767
1.00544
0.977831
0.99995
1.03223
1.00535
0.972706
0.969943
0.982141
0.961351
1.00933
1.02025
1.00917
1.04129
1.04227
0.998434
0.967831
0.969033
1.01277
1.02174
1.0234
0.977478
0.99069
0.970647
1.02066
0.965991
0.986657
0.989927
0.986481
1.0335
1.009
1.03388
0.967203
1.02521
0.976141
0.930749
0.994887
1.00871
1.01731
0.963884
1.01073
1.02118
0.954293
1.00362
1.00562
1.00426
0.982894
1.00377
0.988205
0.986607
0.993396
0.95822
1.05969
1.02909
0.967271
1.05711
0.974172
0.945988
0.978544
0.968014
0.950199
0.989108
1.0013
0.995309
0.996049
0.978079
0.986615
1.00867
1.01607
1.01191
0.992611
0.983381
1.01099
0.996588
1.00217
0.99715
1.00993
1.04386
0.995776
0.933559
0.985702
1.00296
1.03167
1.04327
0.983055
0.977568
1.04005
0.998724
0.970084
1.00202
0.98141
1.01352
1.03169
0.97379
0.976569
0.985755
1.01773
1.02908
1.06199
1.01937
0.957101
0.994694
1.00772
1.01
1.04587
1.05843
1.01932
1.0189
0.978977
1.00893
0.985135
1.01374
0.987437
0.989369
0.972292
0.998718
0.978389
1.0015
0.975866
1.05104
0.977272
1.00394
0.965221
0.999109
1.01415
0.990388
1.0061
0.95354
1.00562
1.00583
1.02698
1.00397
1.03329
1.00475
1.01532
0.991283
0.94386
1.04114
1.00588
0.977545
0.975996
1.01701
1.04601
1.00664
1.00312
1.01968
1.00501
0.98164
1.06184
0.990369
1.04577
0.994485
1.05518
0.973008
1.02301
0.997262
1.00809
1.03252
1.01934
0.984026
1.0068
0.979874
0.983046
1.02654
0.98676
0.983279
0.995339
0.985277
0.988073
0.995543
0.982088
1.00678
0.973672
0.94995
1.06155
1.02195
1.018
0.987365
0.968717
0.977405
0.952053
0.982966
1.01828
1.01326
0.972911
1.04257
1.02674
0.950375
0.988909
0.987595
1.00313
0.989262
0.990564
1.01732
1.01799
0.993903
1.03468
1.05069
1.02666
0.941309
1.01806
1.05574
1.03306
0.983453
1.05288
0.99886
1.04535
0.969785
1.00043
0.992412
1.01003
0.985358
1.04866
0.983617
1.00125
0.991943
1.01284
0.96838
0.989898
1.00187
0.997056
0.972334
1.05577
1.01115
1.04708
0.988284
1.01921
1.02955
0.989602
0.998916
1.01128
0.963276
0.967304
0.988017
0.965497
1.00332
1.03268
1.0145
0.973848
1.02861
1.00121
1.0241
1.03526
0.997019
1.05099
1.0175
1.03318
0.97178
0.964995
0.977669
1.05547
1.01594
1.01708
0.988311
0.981509
0.984584
1.03617
1.01318
1.04807
0.980632
0.995399
1.03992
0.991433
1.00078
1.04278
1.03611
1.01845
0.961619
0.993328
0.996161
1.01483
0.970556
1.02041
0.996446
0.992968
0.998299
0.958549
0.97709
0.974379
0.993862
1.03045
1.00595
0.929668
1.00078
0.981919
1.01539
0.996821
0.990635
0.987444
1.00794
0.96289
0.971442
1.00908
0.973342
0.982211
1.00055
1.01149
1.01034
0.989067
0.973266
1.02072
0.979098
1.06629
1.01791
0.980115
1.01857
1.01133
0.950678
0.979465
0.991724
0.990516
0.955719
0.972881
0.942925
1.04445
1.00499
0.988816
1.00893
1.01704
0.947072
0.959224
0.977488
1.00791
0.979952
1.03643
1.01607
1.01441
0.983521
1.00007
1.00645
0.967581
0.998123
1.03464
0.995524
0.954471
0.98334
1.00588
0.98911
0.976705
1.02719
0.998343
0.975661
1.06633
0.994194
1.00851
0.988287
1.01589
1.03759
1.00361
0.974551
1.00735
1.00793
1.01768
1.00548
1.00027
0.999901
0.988996
0.977632
0.992323
0.978445
0.981249
1.01526
0.976301
0.999724
1.04913
1.00105
1.00583
0.979783
0.995809
1.00842
0.99751
0.998548
1.01055
0.962204
1.00498
0.984757
0.995933
1.03348
0.972391
1.01119
0.994179
1.0091
0.98482
0.944143
0.976512
1.00639
1.01698
1.02897
0.997104
0.973573
1.02624
1.04062
1.04785
1.02419
1.055
1.01463
0.996828
0.996904
1.05533
0.93648
1.05356
1.01793
1.02072
0.985541
1.01054
0.977142
1.02364
0.991895
1.00609
0.970313
0.984502
1.01873
0.988085
0.968794
1.02522
0.976643
1.04256
0.978968
1.01258
0.964105
0.966966
1.01147
1.03524
1.02351
0.974772
0.9747
0.977807
0.988162
1.00604
1.02458
0.968079
0.987561
1.00048
1.02641
1.01603
1.00481
0.990341
0.993448
1.07064
1.01986
0.970956
1.0436
1.02336
0.995817
1.01923
0.993831
0.990209
0.988167
0.954689
0.971966
0.990475
1.01528
0.98881
1.0264
0.976942
0.978443
0.981145
1.02283
0.989384
1.01614
0.99103
1.01008
1.01502
0.955349
1.01102
1.00958
0.955029
0.973158
1.01007
0.983215
0.975704
1.00305
0.995428
1.021
0.985473
1.007
1.01492
1.01062
1.00168
1.03026
0.997998
1.02772
0.986241
1.02799
0.983541
0.999534
1.00031
0.977621
0.983745
0.988693
0.956466
1.02176
0.967549
0.957449
0.951139
1.02757
0.995201
0.950836
1.03276
0.996772
1.02932
1.01582
1.01513
0.998411
0.971094
1.01176
1.023
0.987625
1.01796
0.980474
1.03233
0.97494
1.00841
0.965889
1.04924
1.03984
0.981854
0.961952
1.01299
1.00568
0.973322
1.00613
1.02532
1.01976
0.980842
0.975034
0.972373
1.01249
1.02848
1.0191
1.00417
1.02319
1.02077
1.00286
1.04095
1.01233
0.994319
0.992644
0.999863
0.990083
1.02321
0.97324
0.960243
0.994309
1.02105
1.019
1.02082
0.97607
0.982878
1.03158
0.968161
1.01622
1.01223
1.00036
1.0051
1.03326
1.00199
0.993495
0.999896
0.989754
0.995205
0.996247
0.990351
0.97764
1.00152
0.984344
1.02914
1.00388
1.0284
1.02926
1.0297
0.973261
0.9735
0.961595
0.999008
1.00938
0.964023
1.01081
1.02503
1.02346
1.00705
1.01355
1.00661
1.01927
0.972926
1.03552
0.984498
0.998068
1.04298
1.00076
0.998264
0.967599
0.982257
0.995324
1.00739
1.01
1.00959
0.997667
1.00307
1.0083
0.970999
0.96158
1.06694
1.00213
1.00079
1.00781
0.976988
1.01285
1.02519
1.06724
0.995092
0.988123
0.99394
1.0538
0.993778
1.01679
1.0111
0.947152
0.979505
0.983092
0.944103
1.00253
0.995465
0.975666
0.961002
0.985921
0.960585
1.00984
0.956992
0.992705
0.999985
0.982431
1.03436
0.979415
1.02271
1.03583
1.0172
1.03117
1.0135
1.02152
0.984462
0.986674
0.988007
1.02766
1.01792
1.00803
1.00665
1.01641
0.997594
1.03594
0.987249
0.974269
0.982529
0.9702
1.04155
1.0115
0.99521
0.998281
1.0132
1.01993
1.03529
0.985989
1.02764
0.998891
1.03826
0.972894
1.01943
1.01399
0.986313
0.980681
0.990883
1.00009
0.970617
0.942314
0.982252
0.984448
0.982419
0.96985
0.938459
1.03165
0.973109
0.992374
1.03201
0.975936
0.986842
1.05415
0.968031
0.985976
0.969894
1.00517
0.967469
1.01127
1.00038
0.972763
1.01116
1.01599
1.003
1.00095
0.998297
0.977187
0.993954
1.00888
1.01873
0.948457
1.034
1.00963
1.02213
0.976408
1.02221
1.03555
1.03617
1.02875
0.977801
1.00034
0.980227
0.978497
1.01745
0.982189
0.998792
0.985124
1.02108
0.991339
1.00564
1.04558
1.04284
1.02588
1.05031
0.98659
1.03574
0.999012
0.963902
0.998025
0.988995
1.01629
1.00149
1.02017
1.04058
1.00166
1.00942
1.02206
0.971001
1.04188
1.01569
0.959523
0.961412
0.989308
1.02602
0.957478
0.957434
0.989304
1.0017
0.978403
0.97599
1.0021
0.982624
1.01931
0.989156
0.99697
0.994721
0.979696
1.01763
1.00362
1.02446
1.01317
0.981944
1.0182
0.955599
1.00192
1.00471
1.01144
0.990467
1.01863
1.02048
0.992082
1.02143
1.00176
1.02248
0.987995
1.01249
1.00374
0.982274
0.949714
0.990615
0.993564
1.01731
1.01558
1.03345
0.972783
0.972405
1.01862
0.98409
1.01085
1.03634
1.03433
0.99483
0.987617
1.02468
0.975919
0.947899
0.993316
1.00534
1.01237
1.00873
1.03183
1.02943
1.01938
1.02589
1.00475
1.00197
0.984409
1.07368
0.995001
1.01783
1.0271
0.959131
1.00406
1.00177
0.993115
1.00543
1.02622
1.01637
0.970517
0.96014
0.960921
0.998642
1.04866
0.960922
0.979832
1.01501
1.03904
1.0039
1.04237
0.963798
1.00477
0.980991
1.00631
1.02013
1.01786
1.00078
1.0206
1.00673
0.991737
1.02219
0.987987
1.0139
1.00107
1.01317
0.982807
1.007
1.02302
0.989884
1.05355
1.02904
0.994475
0.996221
1.00131
0.966954
1.00453
1.01754
1.01819
0.982308
0.984492
0.983684
1.04208
1.02102
0.991345
1.06187
0.983542
0.956699
1.02154
0.991033
0.94445
0.928165
1.0393
1.01374
1.01302
1.00072
1.00831
0.970436
1.01754
1.00835
0.992298
0.988419
0.98212
1.05028
1.01369
0.961207
0.974123
0.997287
1.00826
0.987659
1.02307
1.00909
0.978901
0.991748
1.01238
1.01894
1.0463
0.983089
0.955518
1.01513
0.960837
1.02554
1.00537
1.01686
1.00129
1.0186
0.99868
1.00378
1.00622
1.05888
0.966242
0.996571
0.9721
1.01306
1.01652
0.987999
0.994462
0.999898
0.991989
0.991061
1.05015
1.00023
0.995768
1.00819
0.979366
1.01745
1.00725
1.06308
0.976183
1.01026
1.00621
0.999881
0.948112
1.00623
1.009
0.97871
0.98872
1.07241
0.999788
0.973769
0.98827
0.964153
1.00669
0.991512
0.984627
0.979386
1.01338
0.99328
0.969561
0.970058
1.01651
0.991786
1.02513
1.01562
1.00636
1.00093
1.0133
0.975669
0.959358
0.978913
1.01532
0.984819
0.96945
1.02578
1.00694
1.03724
0.99799
1.0251
0.998237
1.0097
0.993578
1.00179
0.948988
1.02404
0.995134
1.01479
0.944169
0.971225
1.02329
1.01958
0.996379
0.998833
1.03083
0.957783
0.999559
1.00316
1.02348
0.983657
1.02945
1.04144
0.993957
0.996785
1.03035
0.964351
1.00338
1.0174
0.992029
0.969953
1.03248
0.975314
1.0361
0.99489
0.954333
0.991509
0.965655
1.05236
1.02306
0.979996
1.03338
1.0538
0.995065
0.983611
1.0167
0.996538
0.99418
0.966035
0.959
0.994591
0.982519
1.02378
1.00273
1.02084
1.01062
0.979934
0.995482
0.965894
1.00993
1.03305
1.0141
0.992791
1.00492
1.02427
1.00971
1.01031
1.00472
1.00683
0.999145
1.00382
1.01614
1.01575
0.990215
1.02068
0.998124
0.995922
1.028
0.991166
0.961035
0.990471
0.991261
0.987424
0.9742
1.02144
0.999328
1.001
1.01336
0.98568
0.972987
1.04417
0.977041
1.01184
0.952074
1.00383
1.01497
0.990123
1.0347
1.00173
1.00226
0.987025
1.01168
1.01784
0.990343
1.0093
0.98306
1.04294
0.992256
0.96902
0.974493
1.02982
0.930046
0.949854
0.978596
0.971425
1.0004
1.02963
0.999104
0.961459
1.01046
0.995251
1.02316
1.01019
1.04352
1.00762
0.960838
0.96002
1.03395
1.00209
1.05026
0.99268
1.03642
1.0038
0.945856
1.01106
1.02596
0.992519
0.976472
1.00232
0.992463
1.004
1.02555
0.956816
1.00712
0.985432
0.971408
0.997301
1.01124
0.994933
0.975958
1.00363
1.00662
0.978859
0.985997
0.976221
0.972059
1.03504
0.949812
0.985556
0.997575
0.983337
1.01144
0.992792
1.0049
1.03152
0.970961
0.946957
1.02148
0.99172
0.982933
0.993122
1.02188
1.01858
1.0211
0.97252
1.02011
0.98251
0.998352
1.00883
1.02073
0.986335
1.00154
0.993731
1.01506
0.990264
1.0283
0.988494
0.985651
1.01923
0.979429
1.00122
1.05026
1.00463
0.97648
1.00298
1.02583
0.991959
1.02281
1.01721
1.00775
1.02752
0.975167
0.973877
0.994479
1.02527
0.972668
1.01658
0.972984
1.00296
1.02581
1.04242
0.993803
0.996648
0.967627
1.04003
0.969439
0.996693
1.01843
1.0073
1.0042
1.00194
1.01944
0.982939
0.997717
0.997304
0.995141
1.04857
1.00893
0.996566
0.952358
1.01564
0.997096
1.03444
1.01753
0.992795
0.959542
0.956498
1.04731
1.04266
0.975517
1.00908
1.02222
1.02066
1.02253
1.01413
0.997707
0.965519
1.02982
0.991179
0.99934
0.980781
1.03476
0.991787
1.01137
1.00268
0.994594
0.971114
0.990901
1.00761
0.989957
1.01897
1.03551
0.976835
0.981798
1.00218
1.00285
1.02279
0.981155
1.02254
1.00994
1.04225
1.02528
0.987342
0.987418
0.997384
0.999152
0.96611
1.00523
1.03517
0.990531
1.0068
0.972693
1.03531
0.986419
1.01918
1.00129
0.986128
1.01442
1.01452
1.03236
1.01747
0.973855
1.03582
0.981901
0.993553
1.01427
1.02068
1.01477
0.991595
0.975461
1.04828
0.980751
1.00176
0.97998
1.0108
0.968919
1.01328
1.01733
0.985805
1.00383
1.01494
1.02067
1.02444
0.945356
0.985001
1.00842
0.971312
1.00116
1.00279
0.992117
1.05995
0.988796
1.02018
1.02738
1.00178
0.964374
1.02598
0.986966
0.991404
0.981611
0.982665
0.999639
1.0065
1.02305
1.0289
1.00478
1.00524
0.987523
0.987421
1.00035
0.94847
1.01977
0.999482
1.01958
1.03766
1.01736
1.04712
1.04412
0.992242
0.974466
1.03702
0.994383
1.02023
0.999733
0.989938
1.02973
0.966188
0.982542
1.01164
0.996726
1.01191
1.03092
1.01221
0.998423
1.01776
0.988103
1.01744
0.953857
1.02843
1.04619
0.995587
1.0258
1.00016
1.00182
0.984544
0.967443
1.0178
0.989376
0.992512
1.00674
0.975276
1.02778
1.01838
0.984955
0.986204
1.0336
0.983686
0.994344
0.98234
0.987104
1.00184
1.05945
1.01242
0.971521
0.986888
1.04512
0.99549
1.00533
0.998768
1.02875
1.00211
1.02645
0.987779
1.00141
0.993858
1.01055
0.982827
0.99586
0.993533
0.969743
1.01718
1.033
0.985978
1.03983
0.971309
1.05031
1.0325
0.988399
0.976816
1.0034
0.966701
0.965899
0.978912
1.02654
1.001
1.02231
1.02824
0.987198
1.02267
0.995288
0.948571
1.02387
1.02465
0.977637
1.01663
1.00121
1.02454
1.02464
0.967226
1.01981
0.993624
0.979101
0.997349
0.984685
0.981451
1.01931
0.984137
0.986272
0.996802
1.0164
0.966886
0.99075
1.00598
1.01264
0.981083
1.03533
0.940026
1.03656
0.985399
0.968939
1.01972
0.975347
1.00742
0.936751
1.02693
1.00368
1.02507
1.01362
0.995635
1.02372
0.96135
1.01413
0.978407
0.996394
0.965649
0.99793
0.977529
1.021
1.01208
0.979341
1.02698
1.00384
0.972145
0.990661
0.987592
1.00826
0.972512
0.973123
0.980818
1.04925
0.972245
0.987743
1.03913
1.03518
0.983669
0.978641
0.996421
0.977197
1.00064
0.992611
0.992236
0.963592
0.984802
1.03499
0.999057
0.99635
1.00238
1.00025
0.988473
1.03066
0.998653
1.01908
0.97113
1.00101
0.978594
1.0002
0.942078
0.954949
1.00031
0.973487
0.980646
0.969357
1.0292
0.974313
0.983976
1.00137
0.977138
0.992321
0.983843
0.979843
0.973258
1.01975
0.970926
0.982253
0.993853
1.00235
1.02475
1.0216
0.994369
0.972693
0.985889
0.952842
1.04324
0.959723
1.01571
1.00355
1.00076
1.01263
1.0141
0.985553
1.02007
1.01194
1.00392
0.990687
1.03363
1.02819
0.964441
1.02789
1.00362
0.995921
1.02627
0.995925
0.992359
1.03813
0.994884
0.990366
0.967103
1.01579
0.98304
1.03866
0.993365
1.03255
1.02082
1.0093
1.02453
0.996957
1.02309
1.0429
0.96762
1.0324
1.00592
1.0125
0.987638
0.980403
0.991309
1.02319
1.03413
0.978303
1.00533
1.04454
1.03347
0.952985
0.986824
1.00129
0.984594
0.989391
0.994594
0.996017
1.02013
1.00459
0.966341
0.979058
1.00535
0.986914
0.99013
0.959229
0.99863
0.957955
1.02105
0.997596
1.00453
0.958305
0.959045
0.990424
0.977001
0.965712
0.928146
1.00902
1.01853
0.975359
1.02758
0.955689
1.03698
1.00454
1.00828
1.03373
0.99871
0.969335
1.03331
1.01956
0.970322
1.02999
0.985898
1.023
1.0455
1.04431
0.979206
1.02051
0.97149
1.01245
0.9753
1.0145
1.0088
0.949679
1.00046
0.974814
1.03224
1.02535
1.01487
1.0252
0.987757
1.00733
0.998743
0.967089
0.97498
1.00457
0.990372
1.04539
0.991333
0.953102
1.00798
0.961788
1.03313
1.02098
1.01463
0.988702
0.997061
0.990936
0.981954
0.99998
0.967326
0.993694
0.990571
1.02212
1.00259
1.001
0.997764
0.999929
0.99176
0.989453
0.98383
1.02488
0.97095
1.00953
1.01728
1.00563
1.02072
0.977691
0.982171
0.971433
1.014
0.957679
0.95905
1.01849
0.968282
0.979559
0.999384
0.936023
0.983612
0.964533
1.02896
0.985812
0.990823
1.03529
0.985543
0.992353
0.999942
0.987588
1.01831
0.983893
0.983718
1.01714
1.00208
0.988434
0.994875
1.01376
0.97598
0.960147
1.01037
0.990128
1.0185
0.993903
1.0138
0.990824
1.0106
0.997676
0.994083
1.03181
1.0115
1.01816
0.982708
0.991965
1.00137
0.994508
0.981979
1.00027
0.991161
0.949834
0.977436
0.984366
0.997271
1.00851
0.994575
1.0188
0.957397
1.00792
1.02963
0.986717
1.03616
0.966077
0.982825
1.01174
0.983107
0.998314
1.03331
0.944941
0.965678
0.972735
0.972479
1.04815
0.945904
1.02104
1.00151
1.0239
1.03327
0.960344
1.00717
0.998781
1.01762
1.01255
1.00075
1.00213
1.00342
1.01523
1.03551
0.980608
0.967409
1.01215
1.024
0.991089
1.05792
0.967391
1.02098
1.00921
0.990411
1.02415
0.977865
0.985694
1.00608
0.998011
0.94749
1.01257
1.00849
1.01955
0.998736
0.997082
0.96499
0.965627
0.962806
1.01122
1.01947
0.997071
0.971024
0.966361
0.982377
0.948331
0.986002
1.01333
1.02227
1.06123
0.975648
0.986442
0.968152
0.993416
0.991795
0.982461
0.941796
1.01099
1.02075
0.987838
1.00179
1.02754
0.968303
0.993949
1.00414
1.00411
1.03155
1.04481
0.947889
1.02435
0.999123
0.981768
1.00499
1.02229
1.02131
1.0128
0.984137
0.980871
0.996378
1.0171
0.996286
0.981282
1.02146
0.993892
0.983657
1.00829
1.04574
1.03283
0.968263
0.955173
1.00301
0.973362
0.983793
1.0407
1.02815
0.99674
0.985266
0.983153
1.00025
0.977059
1.01113
1.00601
0.967084
1.04051
0.991856
0.986062
0.97749
0.981224
1.05802
0.989889
1.00305
1.03097
0.992813
1.03221
1.01965
0.968175
1.00424
0.974984
0.990738
0.952845
0.952353
0.966849
1.00781
1.00516
0.990639
1.00014
0.986227
1.01008
1.02574
1.01624
0.998982
0.963714
1.05507
0.973003
0.96305
0.972731
0.970395
1.01107
0.973103
1.00956
0.992253
1.01698
1.01492
0.949533
0.973546
1.01071
1.00974
1.00806
0.981553
0.963466
1.00133
0.981163
0.986892
1.0332
0.981456
0.986962
1.00186
0.978438
1.02211
1.02435
0.978429
0.976812
0.987598
1.01548
0.993446
0.93572
1.03611
1.01041
0.998596
0.997519
0.984988
1.00642
0.987589
0.975817
0.954614
0.995638
0.989323
1.00499
0.973904
0.997341
1.01342
1.01787
0.99764
0.961593
1.01709
0.987527
1.02108
1.00505
1.01735
0.982856
0.956759
0.996498
1.0182
0.977239
1.00632
1.00763
0.962353
0.974897
1.01075
0.995299
1.00416
0.990312
1.01158
1.02108
1.02649
1.05423
1.0481
1.00968
0.965716
1.00371
1.03333
1.02575
0.955877
1.0028
1.00646
1.02858
1.00812
0.970696
0.994043
1.0212
0.993262
0.977365
0.98129
0.91965
0.978428
0.958394
1.03015
1.00112
1.00232
1.04133
1.01756
1.04242
1.01866
1.00371
0.97117
1.02228
1.01552
1.0196
1.02532
0.983934
0.995597
0.952451
0.990701
0.994033
1.00087
0.987152
0.982727
0.976095
1.00154
1.00549
0.967659
0.993836
1.0291
1.04528
0.975652
1.03884
0.983129
1.00796
0.974072
0.983473
0.975674
1.00617
0.999507
1.01441
1.0528
1.01274
1.0152
0.980809
1.02831
0.992277
0.971858
1.01978
0.978983
0.981663
1.00386
1.00522
1.05823
1.01412
1.02754
1.02179
0.972317
1.01773
1.01346
0.977952
0.998322
0.991018
0.985594
0.986226
0.953924
1.01226
0.985617
0.97259
0.991143
0.991503
0.973836
1.01621
0.971296
1.02061
0.97803
1.05493
0.992221
0.991582
1.00836
0.98836
0.952473
0.948737
0.981206
1.01124
0.993439
0.9956
1.01213
1.01097
1.02593
1.04224
0.997289
1.00552
0.946107
0.993751
1.00052
1.03222
0.97873
1.01915
1.00756
0.993397
0.991435
1.0102
1.00581
0.998504
0.99372
0.999176
1.00158
0.995755
1.02835
0.987048
0.932054
0.996389
0.984577
0.997442
0.965581
1.00148
0.999789
0.988693
1.02486
0.989321
1.00858
1.04221
1.02
0.969401
1.04206
0.987609
1.02489
1.02972
0.996805
0.975145
1.02326
0.973847
1.01141
1.02592
1.01981
0.986427
0.973571
1.03922
1.00187
0.957524
0.995689
1.01457
1.00274
1.03911
1.03883
1.00292
1.00992
1.01147
0.992949
1.01908
0.959155
0.936495
1.0236
0.972271
0.985294
1.01986
0.972083
0.96186
0.96031
1.01807
1.01337
0.965465
1.00124
1.02558
1.06359
1.01519
1.01995
0.998977
1.04526
0.980019
0.97862
0.987421
0.983119
1.03239
0.941254
1.04403
0.991312
0.965803
1.01534
1.03376
1.05371
0.996887
1.05719
1.00505
1.00134
1.01856
0.986519
1.01145
1.02053
0.993271
0.96774
1.03294
1.01919
1.03318
1.00636
0.936144
1.01161
0.939706
1.00665
0.997984
1.03517
0.956836
0.999021
0.960699
1.00855
0.990439
0.971708
0.986185
1.00942
1.01147
1.00043
0.99319
0.996693
1.04922
1.02143
0.985271
0.972129
1.00827
1.04349
0.977406
1.02891
1.02044
0.968082
0.975056
1.02368
0.979436
1.01867
1.02395
1.00218
1.03886
1.00432
1.00821
1.01318
0.973822
1.015
1.04162
1.01826
1.00412
0.986034
0.967663
1.05811
0.996207
0.995482
1.01265
1.0244
1.02242
1.03349
0.982509
0.990792
1.01882
0.97478
1.02802
1.00536
1.04739
1.01237
1.00395
0.951358
1.03325
1.00275
1.00662
1.02423
0.966399
1.01088
0.97507
1.01603
1.01639
1.00978
1.02058
0.98847
1.0561
0.987782
0.994479
0.991635
0.977139
1.01602
1.01522
1.01765
0.989641
1.01094
0.993624
1.00181
1.03612
1.02119
0.987176
1.02604
1.00291
0.997568
0.967951
0.964835
1.03054
0.991319
0.95848
0.986508
0.966204
0.988859
1.02981
1.06634
1.0227
0.977858
0.985504
0.991202
1.02959
0.966709
1.02646
0.995387
0.996532
1.01325
1.00275
1.03251
1.0333
0.959021
0.99683
1.00649
0.986957
1.00343
1.01314
1.00776
0.939712
0.95984
1.03235
0.958126
0.959357
1.00996
0.992788
0.993844
0.987881
1.01133
1.02143
1.01017
0.982256
0.976786
0.999119
1.04002
1.0586
1.04191
0.957613
0.993839
0.994381
1.00955
1.01776
1.02456
1.01516
0.966922
0.966071
1.0005
0.997442
0.97004
0.987356
0.981781
0.955907
0.963055
1.00522
1.07109
1.0031
0.983564
1.01964
0.974002
0.991423
1.04125
1.0103
0.984327
1.01171
0.991804
1.05931
0.981149
1.00863
1.0201
1.0047
1.01801
0.977203
0.986825
1.00202
0.995955
0.993405
0.977131
1.00622
0.9773
1.01799
1.0323
0.960297
0.954559
1.02562
1.00877
1.0142
0.992149
0.968856
0.99225
1.00591
0.975584
1.02118
0.977716
1.03626
0.983941
1.01177
1.01674
1.015
0.996934
0.996615
1.01484
0.98478
0.995807
1.05429
1.01339
0.983587
0.959252
1.00235
1.01392
1.01449
1.00016
1.01505
0.990702
1.00132
0.979088
0.967849
0.998148
0.996391
0.987332
0.955591
0.99258
1.01203
0.976904
1.01484
1.02443
0.998861
1.02858
0.999824
1.01817
1.02671
0.986313
0.992583
0.986487
1.0077
1.01831
0.986199
0.98306
0.980866
1.02233
0.977781
0.976649
1.01176
0.99633
1.00442
0.984103
1.04486
1.017
0.97566
1.00189
1.00909
1.01562
0.942559
0.993681
0.990433
1.01256
0.957675
1.01039
0.976397
1.04233
0.95943
1.00481
1.0008
1.01109
0.999129
0.966177
1.01131
1.00697
1.01803
0.973162
1.06463
0.980982
1.01008
1.02001
0.997054
0.984633
0.984261
1.07105
1.01972
0.968962
1.00725
1.00402
1.01456
0.998393
0.981554
0.990024
0.983253
1.02646
1.00463
0.994691
1.01435
1.01878
0.987223
1.03454
0.971163
0.944481
1.02066
1.00586
1.09143
1.00524
0.941353
0.982448
1.02273
0.992382
0.985589
1.01559
1.00563
0.997355
1.01697
0.993904
0.947762
0.985649
0.960705
1.00102
0.973726
0.998666
0.961399
1.02348
0.993381
0.990747
1.02331
0.992148
0.941076
1.01683
0.988542
0.989109
1.0042
0.980067
0.990529
0.985674
1.02399
0.990824
0.987357
0.988353
1.02155
1.03358
1.00632
1.02731
0.992322
1.03488
1.01626
1.01758
0.976333
0.983186
1.04028
0.984258
1.00998
0.971201
0.983738
0.965308
1.02043
1.03891
1.0288
0.974504
0.994008
0.998787
0.976689
0.970727
0.995479
0.98362
0.98475
0.995016
1.05877
0.983867
1.00907
0.985213
1.01497
1.00815
0.987848
0.980639
0.988288
0.987773
0.934457
1.02466
0.990202
1.0176
1.0069
1.01037
0.959812
1.00719
1.02623
0.981127
1.01152
0.99883
1.03384
1.02196
1.03688
0.991262
0.987979
1.04063
0.999097
0.974269
1.0021
0.964221
0.993871
0.931383
0.972544
1.00527
0.9702
0.978017
0.989444
0.971054
1.00868
1.00271
0.980494
1.05414
0.987574
0.983135
1.04307
1.04106
1.03722
0.997947
1.01435
0.982394
1.03291
1.02243
0.981874
1.00797
1.03529
1.00109
0.992727
1.02295
1.01408
1.02364
1.04823
1.01281
0.957135
0.960142
1.01888
1.06884
0.999568
1.05598
1.02744
1.04062
0.98265
1.01162
1.00906
0.967933
1.00795
1.02161
0.972157
0.944373
0.999718
1.06355
0.976097
1.02322
1.01537
1.0393
1.00031
0.988917
1.04229
1.01491
1.03504
1.01291
1.04767
0.989979
1.0136
1.03369
1.02987
0.977196
0.98151
0.997472
1.02401
0.972914
1.01603
0.973411
0.977765
1.03319
0.987717
0.97927
1.00049
0.974347
1.03561
1.04299
1.05544
0.997483
0.987012
0.965979
0.997879
0.960673
1.0136
0.965565
0.994006
1.01383
1.02448
0.96183
0.986652
0.999656
0.985289
0.980382
1.01606
0.986827
1.03389
1.05168
1.02157
0.983536
1.00982
0.988885
0.96026
1.01411
1.03742
0.976491
0.970718
1.02328
1.01468
1.01393
1.02059
1.03501
1.01764
0.999168
0.966788
1.03439
0.987674
1.00203
0.967226
1.02207
1.01536
0.964705
0.998352
0.985178
1.00328
1.02641
0.99644
0.980657
1.0269
0.995884
1.0256
0.975706
0.976033
1.0222
1.0266
0.994221
0.978108
0.999842
0.970482
0.991841
1.01662
0.96539
1.0025
1.02053
1.02444
0.983665
0.973115
0.977939
1.02102
0.996916
1.00687
0.999731
1.00538
0.980543
1.04316
1.01103
0.951307
0.966101
1.00053
1.01563
0.959751
1.02794
1.00305
0.965757
0.981192
1.00389
1.0027
0.998865
0.967104
0.954042
0.932083
1.00117
0.978391
0.982515
0.964831
0.996212
0.995135
0.985893
0.98875
0.995115
0.986352
1.00184
0.979304
1.03172
0.991001
0.921369
1.02767
1.01288
0.99211
0.996936
1.02196
0.99579
0.996598
0.978807
0.965581
0.977845
0.970321
1.03465
0.988897
0.974998
1.00016
0.991992
0.983301
1.06256
1.01945
1.00776
0.988
1.02161
0.986819
0.972129
0.962879
1.02268
1.03691
0.990415
0.965987
1.0166
1.01935
1.01852
1.01024
0.986043
0.999896
0.989018
1.00697
0.960529
1.00288
1.00518
1.02153
1.03035
0.978792
1.02105
0.991697
1.00941
1.02698
1.03715
0.977846
1.01937
1.02633
0.983778
0.989055
1.00475
0.996879
0.995521
1.01582
0.99785
1.00159
0.973028
0.964564
1.01557
1.01396
0.989266
0.970458
1.01677
0.98048
1.02982
1.03629
0.985447
0.994598
0.998111
0.965897
0.975024
1.00744
1.01065
1.03121
1.0264
0.973018
0.999814
1.01366
0.984494
0.984283
0.989335
0.996329
1.03932
1.00893
0.981597
0.977141
0.956389
0.977233
1.00867
1.01644
1.02434
0.990957
1.00457
1.0137
1.00355
1.02879
0.995345
1.01839
0.960731
1.03591
0.993972
0.994783
0.997923
0.956368
1.00762
0.995366
1.02175
1.00822
0.985192
0.976478
0.981892
1.01157
0.963669
1.00261
0.971842
0.997589
1.00022
0.975799
1.02312
0.985853
1.01932
1.00656
1.01116
1.0129
1.01317
0.988644
0.989123
0.984038
1.01382
0.980661
1.00576
0.988885
1.02865
0.988562
0.995098
0.995163
0.992822
0.981548
0.996539
0.988221
1.01557
1.00779
0.99611
0.959723
0.959566
0.997621
1.01304
1.01574
0.983642
0.986154
1.00778
0.982103
1.00599
0.976031
0.994023
1.00604
0.97124
1.01143
0.969301
0.982253
0.992126
0.987433
1.03899
1.0247
0.943745
1.01159
1.01253
0.988807
1.01649
1.05234
0.972646
0.973555
0.999401
1.00873
0.992137
1.01521
1.02674
1.02697
0.956882
0.996492
1.03929
1.01463
1.02614
1.03127
1.0122
1.01016
1.05437
0.965785
1.00312
0.957589
1.0406
0.988598
0.988238
1.0888
0.976625
0.970611
0.972191
0.976559
0.99141
0.950842
1.03761
1.0085
1.032
1.01914
1.03353
0.984933
0.988652
1.0104
1.02575
1.00437
0.986984
1.01424
1.03069
1.01887
0.97759
1.02322
1.01467
0.986416
0.975966
0.982701
0.969773
0.986034
1.00379
1.01435
0.991946
1.00865
1.02956
0.977279
1.03903
0.997002
0.976148
1.01437
1.04811
0.980729
1.00137
0.969387
0.977412
0.98014
1.00469
0.958242
1.00274
1.00078
1.01987
1.02094
1.00199
1.04206
0.940315
0.963227
1.01951
1.02495
0.965674
1.00438
0.982344
0.980305
0.975417
0.974148
1.0019
0.981882
1.00994
1.02976
0.95769
0.981711
1.00339
0.973194
1.0666
1.01908
0.97673
0.970681
1.01933
0.983376
0.989585
1.0246
0.987645
0.985959
0.950992
1.03415
1.07167
1.01048
1.01001
0.988128
1.04626
1.02796
0.985668
0.978871
0.981199
1.01744
0.974402
0.997473
1.01138
1.01281
1.01173
1.04767
0.958475
0.958259
1.01414
0.9988
1.01098
0.98594
1.00099
1.0241
0.983374
1.04113
1.00021
1.02613
1.00752
0.996023
0.994261
0.985098
0.976907
0.981645
1.0447
1.00137
0.957332
1.0445
0.992031
0.993003
0.97446
1.04381
1.05083
1.00805
0.964878
0.930463
0.994981
0.978691
1.02029
0.985775
1.01379
0.961899
0.976621
0.982768
1.00579
1.04164
0.999072
1.03611
1.01852
1.00745
0.9884
0.932428
1.00645
1.0253
0.99894
0.943922
0.989426
1.01252
0.964639
1.02874
0.999068
1.0315
1.00337
1.00138
1.0422
1.02162
1.01652
1.00138
0.984713
0.978328
0.998232
0.985979
1.01558
0.964507
0.939057
0.993389
1.02416
0.962189
0.969377
0.965994
0.973191
1.01922
0.98829
0.990284
1.0308
0.978231
0.994718
1.01424
1.00747
1.03769
0.991316
0.92476
1.01341
0.99626
1.01478
1.01588
0.986896
0.966359
1.0274
1.01608
0.994176
0.984079
0.991247
0.922348
1.05069
1.03513
1.0482
0.99785
1.00383
0.976651
0.983608
0.991113
0.978697
1.01143
1.01695
1.02366
1.02374
0.964575
1.0262
0.965035
0.990113
1.02718
0.999027
1.02406
1.03235
1.02687
0.993223
0.982285
1.00196
0.923279
0.940745
1.04846
0.983156
1.01261
0.991593
1.00127
0.9795
1.00059
0.997126
0.978647
0.977314
1.01171
0.963706
1.02153
0.936363
0.982522
1.04687
0.999558
0.973588
0.968962
1.02766
1.0076
1.01435
0.990208
0.98521
1.0275
0.973032
0.976781
0.990445
0.997923
1.00587
1.03967
1.01085
1.03088
0.974472
0.945944
1.01411
0.996167
0.971814
0.947268
1.01416
0.989376
1.00266
0.994177
1.00067
0.946698
1.01841
0.993663
0.965714
1.01663
1.02064
0.925595
0.994076
1.00974
0.938188
1.04517
0.963024
0.991193
1.00234
0.985638
1.00555
0.978895
0.984227
0.964322
0.976864
1.0108
0.966293
1.02323
1.02259
0.974392
1.02493
0.939276
0.997782
1.00044
1.05983
0.98685
1.02432
0.99678
0.966376
0.989307
0.990955
1.0217
1.0036
0.989144
0.999479
0.994178
1.03703
0.983588
1.00085
1.0324
0.992891
1.02974
0.98627
1.00877
0.987902
0.99919
0.990281
0.998806
0.947044
0.978024
1.03539
1.01909
0.965426
1.03335
1.0431
1.02485
1.03089
1.00687
1.00418
0.975931
1.01651
0.990631
1.03679
1.01684
0.949512
1.05303
0.988731
1.05263
0.983952
1.00355
0.983023
1.0263
0.970085
1.0562
0.970914
0.983392
0.997078
1.02728
1.00648
1.00436
1.02894
1.02976
0.987696
1.01289
0.99777
1.01966
1.03829
0.973041
0.954732
1.05278
1.01736
0.983991
0.95233
1.00628
1.00796
0.991546
0.977888
1.02546
0.975449
0.971937
0.986118
1.00344
1.02172
1.00116
1.0413
0.998045
1.03139
1.03937
1.01203
1.05366
0.994048
0.989194
0.971609
1.01562
0.981205
0.960274
0.991481
0.997646
1.02011
0.963564
1.02761
1.00975
0.957685
1.02346
0.983316
1.02516
0.966033
0.981028
1.01904
0.996313
1.0031
1.0144
1.02215
1.0438
0.991354
1.01824
0.99719
1.01997
0.995021
0.996505
0.98716
1.00598
0.984587
1.00672
1.01087
0.987585
1.03664
0.98091
1.02947
1.05451
1.01743
0.970264
0.998652
0.983136
1.05847
1.03764
1.00579
1.01085
0.979314
0.982363
1.01382
1.0374
1.01272
0.963506
1.01818
1.0052
0.996019
1.03501
0.985394
0.988196
1.03756
1.01059
1.00618
1.01625
1.01891
1.02617
0.996654
0.982012
1.02172
0.982674
0.994879
1.01611
1.01896
0.952431
1.00651
0.96424
1.03125
0.976155
1.01126
1.05555
0.990357
1.06019
0.993682
0.984969
1.02206
0.935595
0.914586
0.974105
0.981004
1.03541
0.973996
1.01295
0.965898
0.966511
0.970123
0.974318
1.00804
0.994582
1.02876
0.996742
0.938349
1.00383
0.999507
1.02286
1.04787
0.995884
1.03409
1.01661
1.0082
1.03841
0.992361
0.989512
1.03077
0.99872
0.968164
1.01838
0.989227
1.00123
0.962052
1.01925
0.993161
1.0138
1.01027
1.00755
0.977332
1.02193
1.00795
0.990466
1.00576
1.05183
0.971656
0.995405
0.980642
1.01957
1.00445
1.0047
0.968826
1.03529
0.990819
1.01098
1.01895
1.02624
1.03745
0.983486
1.0214
0.99309
1.02173
0.983088
0.966354
1.04466
1.02098
1.04909
1.00405
0.971548
1.00324
1.01476
1.04368
0.952479
0.995256
0.972533
0.983909
1.01736
1.00847
0.978596
1.01178
0.998756
0.996656
0.996805
0.954938
1.03288
1.02427
1.01496
1.00525
0.985015
1.02422
0.986698
0.994146
1.01582
1.01237
1.02865
1.04436
0.970541
0.996471
0.974617
1.01844
1.02361
0.951177
0.995151
1.0247
0.996937
1.00016
0.987731
0.99881
0.982282
1.01011
1.00963
1.00987
0.9956
0.980302
1.02144
1.03733
1.04168
0.970666
0.993771
1.01128
1.01689
1.00035
0.982012
1.01336
1.00244
1.01128
0.983712
1.0079
1.08404
0.986656
1.01688
1.01126
1.0287
1.00532
0.994304
1.0047
0.985698
0.955234
1.01155
1.00606
1.01927
0.966582
0.979939
1.03983
0.967395
0.947209
1.00761
1.02594
1.0094
1.03149
1.01611
1.00049
0.991375
1.00591
1.0123
1.02051
1.02908
0.972494
0.984253
0.932366
1.00973
1.03525
1.02322
0.991518
0.981566
1.02615
0.979329
1.00971
1.00501
1.0129
0.991641
1.04949
0.976234
1.00138
1.01974
1.03672
1.02988
1.01374
1.0148
0.961327
1.04021
1.05346
0.966343
0.99862
1.02482
1.05279
0.998166
1.00665
0.992722
1.02775
1.04517
0.935519
1.00076
1.00438
1.0129
0.988946
0.925819
1.01306
0.955446
0.98743
0.982667
1.01512
1.02531
0.99931
1.00578
1.01162
0.997628
0.999597
0.97318
1.02044
1.01736
1.02259
1.00352
0.99716
1.03804
0.964941
0.967783
1.01514
1.02678
0.998844
0.973597
1.00733
0.976425
1.01153
0.979812
0.988906
1.02626
1.03152
1.00854
1.01667
0.990507
0.986197
1.02127
1.02972
0.988823
0.966735
1.02808
1.01963
1.01643
1.037
0.95943
1.00701
1.00185
1.01938
0.99428
1.00944
0.991079
0.98892
1.00283
0.993957
0.993241
0.996997
0.984303
1.01528
0.999863
0.985048
1.02104
0.961524
1.01786
0.981643
0.998875
0.97082
1.01447
0.965797
1.00024
1.00846
0.980316
0.989463
0.961182
0.986327
1.03669
0.97694
0.975942
0.971613
1.00175
1.04355
0.96138
1.0033
0.961803
0.983164
0.963728
1.01161
1.00166
0.982902
1.00923
1.00626
1.01498
1.02213
0.999928
1.0155
0.972519
0.989828
1.02678
0.978761
0.970537
1.00413
0.994568
1.03641
1.01613
0.978738
1.03252
0.98181
0.96873
0.982973
0.999969
1.00437
1.0237
1.02654
0.980866
1.01754
1.02529
0.938055
0.981446
1.07328
1.01242
1.01903
1.02272
0.996125
1.01422
1.00608
1.0159
0.993611
0.997587
0.974163
1.03484
1.01305
0.994218
1.01192
1.02708
0.983619
0.966895
1.00683
1.0442
0.979311
0.985462
0.977298
1.00852
1.04119
0.974725
1.01472
1.01176
0.991549
0.949284
0.987871
0.949282
0.98275
0.985232
0.983465
1.00213
1.02812
0.974216
0.997633
1.03401
1.03156
1.01983
0.995345
0.968362
0.997377
1.04197
1.02357
1.01577
0.97757
1.00469
1.03471
1.01163
0.970736
1.01358
1.01257
1.04149
1.03685
1.00749
1.02815
1.01556
0.983814
0.95444
0.986062
0.941877
1.00912
0.994395
1.01555
1.01977
1.01546
0.998696
0.985024
0.946388
1.04371
0.978535
0.98335
0.974871
0.95308
1.06395
1.01097
1.0106
0.953376
1.00293
1.02585
0.951007
0.965883
0.981361
1.03023
0.960036
1.00247
1.00041
1.00379
1.02607
0.989289
1.00202
1.00475
1.01319
1.04107
1.02202
1.03093
1.02341
0.978336
1.02014
0.996302
1.03579
1.00154
1.04016
1.013
1.02561
1.03825
1.00321
1.00219
0.991287
0.993325
1.00069
0.994008
1.02828
0.979873
0.980506
0.984601
1.05123
0.97195
1.03909
0.990694
0.996682
0.987426
1.01134
0.986015
0.996776
1.04041
1.01922
0.977648
0.972322
0.979418
1.00096
0.935736
1.01043
1.00311
1.01861
1.01034
0.991912
1.03166
1.04952
0.952878
1.02308
0.981963
1.00697
1.01793
0.983897
1.02293
0.928834
1.05843
0.982022
1.05832
0.99967
1.04598
1.00768
0.984535
0.980009
1.0293
1.00318
0.977928
1.03488
1.02613
0.99079
1.02104
1.00535
0.975536
1.00062
1.00751
1.00571
0.973281
1.01586
0.996536
0.990634
1.02463
0.98957
0.98891
1.02173
0.966456
0.952873
1.00858
1.01806
1.04992
0.995913
1.03519
1.00192
0.988899
0.973173
0.981933
1.00652
1.00915
0.973719
0.979608
0.998484
1.04777
0.992726
1.00528
1.00279
1.01507
0.998839
1.00253
1.01431
1.03886
0.994448
1.0054
0.977023
1.00779
1.02
1.01169
0.995949
1.01077
0.990335
0.948767
0.985694
1.01852
0.987918
1.01173
0.971958
0.975675
0.984623
1.03911
0.988771
1.00559
0.991669
0.986029
1.02775
1.00583
0.982594
0.931924
1.00727
0.99967
0.952834
0.986225
1.00148
1.03255
0.957552
0.999861
0.979642
0.96782
1.00263
0.981287
1.01357
1.00678
0.97352
1.00621
0.967587
0.990222
0.98983
0.987982
0.982816
0.992674
0.997695
0.982357
0.969984
1.00017
0.986465
0.974335
1.01355
1.01297
0.970475
0.994119
1.07096
1.01566
1.01794
1.0049
0.980455
1.04193
1.041
0.970293
0.9846
1.01213
1.01985
0.989866
0.994406
0.984741
1.00046
1.01679
1.0042
0.977952
0.978252
0.982717
1.0142
0.917518
0.977763
1.01771
0.983865
1.03547
1.00001
1.00797
0.961441
0.989882
0.984601
1.01433
1.00331
1.01069
0.982662
1.0135
0.973876
0.947251
0.985353
1.01728
0.950467
1.04003
0.975626
0.994914
1.01133
0.998983
0.987394
1.01445
0.999846
0.990041
1.04187
0.988873
1.03073
1.00899
0.96974
1.02866
1.00131
1.01838
1.03865
0.964273
0.950905
0.973765
1.01624
1.04145
1.01963
0.970713
1.00198
0.974944
0.983339
1.0003
1.01419
0.984521
0.987816
1.00579
1.00849
1.03422
1.00066
1.02688
1.018
0.989227
1.03698
0.988407
0.994982
0.967133
1.00245
1.01835
1.00506
1.01543
0.948577
1.00879
1.01939
1.02424
1.01443
1.01885
1.00104
1.02495
0.967308
1.02117
1.00977
1.01574
0.987233
0.962376
0.980339
0.946701
0.986808
1.0058
1.02274
1.04471
0.973181
0.967593
0.968013
1.00079
1.00415
1.03575
0.982458
1.02851
0.966579
1.03912
1.07055
1.00888
0.922895
1.00862
1.01744
0.95162
0.99411
1.03546
1.00325
1.03725
0.980542
1.02187
0.986784
0.988486
0.968611
0.999346
0.978212
1.01709
1.00724
1.01729
0.994924
0.976225
1.03106
1.05246
1.02522
0.973253
0.979667
1.01381
0.998508
0.972031
0.935861
0.989046
1.02504
0.987611
0.92685
0.9659
1.01103
1.02665
0.991929
1.01969
0.996799
1.00757
0.991311
0.96333
1.02512
0.987079
1.01507
1.02419
1.02836
0.982995
0.986086
0.99225
0.940174
1.00212
1.0003
1.00236
1.0082
0.951515
0.994508
1.00524
1.00303
0.982943
0.953451
1.03436
0.949563
1.02188
1.04918
0.966225
1.01958
1.03115
0.982681
0.985475
1.00661
0.992896
1.03717
0.999853
0.965467
0.982056
0.975467
1.00313
1.01908
0.988683
0.986752
0.982699
0.951267
1.0623
1.01088
0.979019
0.99081
1.00213
0.973676
0.986186
1.00253
0.998716
1.00077
1.02668
1.01282
1.04217
1.04162
0.973745
0.997719
0.971925
1.01187
0.976807
0.992613
0.970454
0.973333
0.995023
1.01104
1.00175
1.02499
0.93602
1.00216
1.04107
0.962568
0.992826
0.962091
0.983554
1.01554
0.956653
1.02517
0.994589
0.952627
0.996482
1.00378
1.00221
1.00488
1.0377
1.00142
0.998787
0.995107
1.02341
0.996423
1.06933
1.02967
1.00877
0.981299
1.03734
1.04066
1.02845
0.95979
0.997567
1.00126
0.974182
0.994715
1.02797
1.00986
1.01809
0.997776
0.988129
1.00576
1.00938
1.00563
1.03489
1.02187
1.00333
1.00602
0.976158
0.989604
0.978011
1.00767
0.966261
1.01241
1.02922
1.03769
1.00048
0.998486
1.05499
0.974698
1.01167
0.962707
1.006
1.00718
0.977229
0.979987
1.00976
1.00763
1.00517
0.968986
0.978586
0.973392
1.01331
1.00718
1.00568
0.98644
0.99325
0.988454
1.01045
0.971519
0.992944
1.02685
0.991959
1.01661
0.9716
0.962779
0.973341
1.02102
1.00584
0.9592
0.987946
1.01443
0.988559
1.00114
0.972149
0.975631
1.02455
1.01414
1.03574
1.01885
0.988483
1.00213
0.987501
1.01837
1.00776
1.0084
0.981953
0.98247
0.9862
1.02522
0.941353
0.978008
0.981878
1.02324
0.963501
0.968228
0.980671
0.981256
0.969936
1.0039
0.964041
1.00937
0.985115
0.977314
0.977022
1.03658
0.986232
0.995105
0.956116
1.00607
1.01882
1.02688
0.986929
0.978078
1.01652
0.997407
1.03624
1.00345
0.958754
1.00505
1.01294
1.00258
0.972872
0.989658
0.975949
0.972031
1.03126
0.988753
1.01338
0.989775
1.02071
1.02499
1.04333
1.00916
1.03817
0.968457
1.02539
1.00262
0.982246
0.958274
0.98514
1.04144
1.01878
1.03777
1.01102
1.02575
1.00376
1.00217
1.00404
1.01131
1.01331
1.00935
1.02394
0.969088
1.02806
1.02389
1.007
0.997994
1.03957
1.03165
0.975283
0.982852
0.989196
0.99927
0.977848
1.01147
1.01568
0.980939
1.00964
1.02665
0.990876
0.949957
1.00371
1.01734
0.947166
0.991503
1.02189
1.00095
1.028
0.999335
0.999898
1.0311
1.00427
1.05763
0.999511
1.00924
1.00429
1.06283
0.968612
1.02955
0.989141
0.990322
1.01598
1.01507
1.02778
1.04085
0.997547
1.04954
0.976982
0.982398
1.01805
1.02499
0.995003
0.99878
1.00401
0.998881
0.972649
0.967202
1.00492
1.0052
1.00553
1.05539
1.02608
0.982045
0.971155
1.00413
0.989467
1.00888
0.987906
1.01814
0.955159
0.997617
1.00649
1.00874
0.982878
1.05436
0.970149
1.02046
1.02559
0.99858
1.00152
1.00102
1.02047
1.02019
1.02847
0.993666
1.01013
0.968044
1.01734
0.998359
0.977658
0.989275
0.954473
1.01159
0.990347
0.956139
0.953982
1.00962
0.995365
1.01522
0.98847
0.977731
0.989556
0.986429
0.979055
1.04989
0.96351
1.02705
1.06319
0.981947
1.00556
1.00957
1.01606
1.0135
0.975585
1.01666
1.03651
0.927919
0.990677
0.999052
0.96852
0.997614
0.984565
1.01322
0.985114
0.960976
1.0337
1.0283
0.972319
1.00366
1.0342
1.03706
0.994198
1.0292
0.982885
0.987663
0.943589
0.973305
1.01574
1.03762
1.00444
1.02118
0.953546
0.993287
1.02972
0.974612
0.948182
0.978567
1.06319
1.02704
1.02688
0.99281
1.01584
1.04228
1.0398
1.04991
0.975547
0.998779
0.981245
1.01286
0.986986
0.973484
1.00881
1.02742
1.01322
0.986711
1.03826
0.984424
1.01664
1.02159
1.02177
0.989114
1.00585
1.00433
1.05633
1.02357
0.974294
0.980976
1.00353
0.963951
0.978886
0.994761
1.01816
1.00401
1.00843
0.981103
1.03006
0.979587
1.00902
0.992237
1.0045
1.02926
0.962703
0.976723
0.99669
0.97259
1.04558
1.03674
0.991595
1.00178
0.960234
1.02476
0.992344
0.963446
1.03551
0.980836
0.997264
0.982096
0.987166
0.976237
0.991748
1.00933
1.01133
0.993182
1.01882
1.01105
1.02662
1.01305
1.01759
1.02797
1.02827
1.04517
0.961779
1.06316
0.962628
1.00078
1.03152
0.985008
1.04335
0.988654
0.988738
1.02856
1.0117
0.977614
1.01647
1.02165
1.03775
0.980798
1.04266
1.02712
0.953391
1.02647
1.03351
0.965328
0.969919
0.997335
0.995113
0.991114
0.977039
1.01467
0.978168
1.00979
0.981989
0.950237
0.990284
0.990934
1.02126
1.02273
1.01137
0.977462
0.985057
1.00017
1.01008
0.9774
1.00638
0.979434
1.02663
1.02995
1.00889
0.957554
1.00578
1.01351
1.01933
0.968185
0.983787
0.976624
0.959156
0.970154
0.966755
1.01238
0.98725
0.955137
0.97537
0.999758
1.04121
1.03481
1.0209
0.994754
0.959524
1.02094
1.01474
0.950937
0.979985
1.04045
1.00708
0.971814
1.01585
0.986101
0.978709
0.962413
1.00317
1.03985
1.01423
0.962051
1.00619
1.00454
1.00933
1.0489
1.01305
1.00979
