1.08021
0.986032
1.0283
0.968433
1.15013
0.921137
0.903867
1.01676
0.900114
0.985183
0.967071
1.06677
0.939891
1.04817
1.0565
0.998309
1.04776
1.12513
0.939708
0.956213
0.962482
1.02828
1.055
0.986019
1.01132
1.09462
1.06981
1.01475
1.05617
1.10993
0.99116
0.979924
1.0702
1.01322
1.06972
1.05401
0.905451
0.947337
1.04852
0.894371
1.05434
1.05658
0.917617
0.986379
1.03922
1.0507
1.00352
0.972977
1.07298
1.04367
0.99048
1.06492
1.10186
1.05581
1.15918
0.824402
0.93029
0.944598
1.04417
1.04705
1.08258
0.914102
0.906366
1.09704
0.99932
0.900378
0.952152
0.903579
0.966227
0.910206
0.906126
0.926574
0.973201
0.978327
1.07738
1.01013
1.0912
1.05836
1.11324
1.05821
0.861926
0.989504
1.12618
0.884555
1.06023
0.830254
1.04685
0.892182
0.937666
0.947997
0.930273
1.15389
1.1037
1.12667
0.91975
1.07767
0.984004
0.992444
1.02429
0.889743
0.808223
1.06288
1.08947
0.970067
0.984773
0.910877
1.11717
1.0209
1.05016
0.998546
1.08583
0.9231
0.945192
0.952094
1.04496
0.948891
1.02776
0.76421
0.939484
1.01697
0.954372
0.985292
0.974324
1.00381
0.968437
1.12147
1.05907
0.920495
1.16724
0.980714
1.05781
0.858964
0.901674
1.22985
0.976132
0.994874
0.821265
0.908022
1.01851
1.13394
1.04141
0.861136
1.1124
0.84735
0.881739
0.923825
0.92399
1.11129
0.953818
0.89354
0.967937
1.10626
1.20101
0.947265
0.907287
0.908603
0.851721
1.05383
1.19968
1.00673
0.899284
1.03329
0.84338
1.09947
1.0863
0.903165
0.852359
1.08319
0.954986
1.01911
0.918317
0.993321
1.04429
1.12824
0.997602
0.949509
1.03329
0.960284
0.990273
0.966944
1.05264
1.02832
0.918136
0.924743
0.962406
1.02818
1.14374
1.03807
1.02772
1.09025
1.06536
1.01587
0.991747
1.05562
1.02007
0.97382
1.0309
0.938125
0.977333
1.00491
0.798402
1.08306
0.952511
1.03716
1.00498
0.95964
1.17725
0.91611
0.914891
0.964794
0.909638
1.00902
1.12177
0.946916
0.967165
1.01554
1.03828
1.12682
1.09473
1.09166
0.990122
0.909296
1.00899
0.970473
0.971407
1.09439
1.16466
0.997554
1.05013
1.02134
1.18092
1.14139
0.988736
1.00238
0.979862
1.00156
0.924088
1.03088
1.00706
0.824599
0.929629
1.12595
0.991254
0.944967
0.871402
0.864047
0.936186
0.985487
0.959191
1.00838
0.942216
1.00083
1.03436
0.978295
1.01897
0.952177
1.08834
1.02179
0.872941
1.00314
1.02428
1.10363
1.20096
1.06394
1.06637
1.11983
0.834727
1.01576
1.11131
0.968618
0.979854
0.950009
1.01881
1.12239
1.11598
1.08095
1.11995
0.95516
1.02279
0.998381
1.0812
1.0266
1.12759
1.08553
0.881219
1.00407
0.910915
0.989693
1.12669
0.920366
0.944993
0.913829
0.924674
1.08827
0.978042
0.892464
0.990319
1.0448
0.932461
1.07639
0.990854
1.00834
1.0382
0.890155
1.08695
1.08647
0.916727
0.885801
0.970446
1.04765
1.01064
0.920776
0.993626
1.00939
1.06969
1.01756
1.08704
0.932312
0.93255
1.12034
0.997717
1.14054
0.975087
0.888873
1.05134
1.05235
0.89786
0.885928
1.01645
0.931309
0.855249
1.19079
1.02699
1.00999
0.94486
0.979116
0.919479
0.99309
0.935911
0.903809
1.03202
0.931822
1.18853
0.962674
1.14344
0.890134
1.08147
1.1102
0.890071
1.07896
0.959531
1.05363
1.08765
1.15827
1.02313
1.02802
0.933257
1.03212
1.10677
0.883224
0.96843
0.996431
0.916707
1.10839
0.942407
0.786745
1.02754
0.954329
0.980888
0.907076
0.997451
1.0682
0.90463
1.0892
0.976315
1.06819
1.02062
0.942155
0.885133
1.16042
1.03895
0.959288
0.892261
1.08403
1.02431
1.15433
0.961177
0.878554
0.981356
0.914997
0.977812
1.03113
0.909751
1.07376
0.960085
0.96071
0.923704
1.20601
0.931674
0.998002
0.909366
1.00616
0.878033
1.05322
1.05536
0.907072
0.950772
1.02278
0.986656
1.07727
1.18989
1.08462
0.943978
0.862568
0.933969
1.12768
0.879803
1.0473
0.985065
1.03113
1.09742
0.872994
1.00813
0.988717
1.07581
1.08589
1.03017
1.00195
1.03043
0.985938
1.05117
1.0498
1.12812
0.990828
0.987811
0.965021
0.970614
0.884131
1.00085
0.89166
1.11223
1.13634
1.12843
0.962845
1.04548
0.916864
1.06428
1.06718
1.06372
1.04336
1.21648
1.07821
0.988351
1.10862
0.912618
0.939624
0.983555
0.930136
1.06163
1.13619
0.984699
1.00995
0.919401
1.0241
1.02483
1.11409
0.980468
0.966037
0.981912
0.982206
1.03713
0.947167
1.01017
0.94011
0.924976
0.955179
1.04897
1.00902
1.01022
1.14361
0.993249
0.955856
0.960938
1.04513
0.976288
0.971767
0.981188
1.05223
1.0042
0.965242
1.10592
0.880649
1.06243
0.874506
1.1443
0.99947
1.03384
0.98463
1.09201
0.991808
0.953313
1.10794
0.891619
1.00917
1.12412
0.983611
1.0981
1.01636
1.04731
0.886687
0.998724
1.08349
0.901648
1.04788
0.956507
1.0579
1.07359
0.964734
1.10627
1.02126
0.986847
0.989823
0.999328
1.01337
1.03256
1.07483
0.988074
1.20511
1.17056
1.02194
1.01885
1.0081
0.926286
0.95398
1.04032
1.06668
0.940126
1.06427
1.07477
1.00453
1.04075
0.873057
0.975637
1.03829
0.959585
0.958072
0.991515
1.0928
1.02616
1.06669
0.96715
1.07013
1.07035
0.932356
1.15606
0.938875
1.06087
1.02749
0.911911
0.940233
1.04692
0.917493
0.936348
0.927582
1.29062
1.06558
0.968094
0.89584
1.07186
0.998509
0.864374
0.957232
1.08929
0.899459
1.07694
0.924919
1.06251
1.04782
1.03685
1.15506
1.01065
1.06734
1.03054
0.983743
1.09716
1.01069
1.15721
0.908237
0.946272
1.04298
0.959383
1.06558
1.08692
0.893164
0.947879
0.974447
0.847637
0.920566
0.94649
0.979395
0.86341
0.921053
1.07694
0.93893
1.13651
1.06245
1.09585
0.990948
0.897486
0.997315
1.05325
1.10587
0.958576
0.920861
1.04076
0.935012
0.946562
0.947531
0.980456
0.86038
1.0473
1.01599
0.93803
1.04954
1.10923
0.963564
1.0336
0.928172
1.13078
0.983634
1.04214
1.04298
1.00673
0.969702
0.884203
0.984481
0.998618
1.14565
0.904008
1.0431
0.872805
1.09272
1.17993
1.0824
0.943773
0.991225
1.06133
1.04207
0.979786
1.05838
0.980503
0.918623
1.10108
1.09374
0.961457
1.02211
1.13817
1.01178
1.10509
1.06879
1.11771
0.911627
1.01398
0.862584
1.06893
1.05072
1.01834
0.952622
1.00066
0.983518
0.897243
1.09052
1.00762
0.953881
1.03422
1.01752
0.957856
0.968381
0.962764
1.13408
1.05203
1.12704
1.09814
1.01175
1.09588
1.03258
1.06972
0.958738
1.18175
1.14786
0.940683
0.919716
0.874522
1.06444
1.01812
0.913229
1.01768
0.949123
0.998476
1.1324
0.903977
1.03199
1.00402
1.04547
1.06688
0.920036
1.11535
1.07941
1.03478
0.980126
0.987002
0.96073
0.928332
1.06343
0.962271
0.985553
1.06739
0.869667
0.943987
0.999245
1.07129
0.903873
1.03327
1.00756
0.978206
1.00353
0.822772
0.933446
0.999711
1.04643
1.02142
0.981268
0.958256
0.878045
1.14848
0.932923
0.919357
1.08771
0.999933
1.01112
1.01347
1.04669
1.03946
0.994378
0.996533
1.07111
1.05882
1.09383
1.02868
0.900451
0.96269
0.978752
1.0702
1.13887
1.04558
1.03662
0.94919
0.951552
0.946002
0.945747
1.16019
0.918022
0.851775
0.996723
0.93387
0.933125
0.965013
0.953534
1.02908
1.04762
0.909677
0.808543
0.990864
0.877913
1.03452
0.945635
1.01703
0.864335
0.922525
1.06334
0.919334
1.04792
1.17526
1.115
1.09504
1.16147
0.952969
1.17711
1.01026
1.00737
0.951127
0.997942
1.04289
0.974511
1.01537
0.789262
0.980969
0.971533
1.00195
1.09577
1.04978
1.17629
0.968638
1.00116
1.0486
1.05904
1.17588
1.07792
1.0583
1.05571
1.05397
0.975634
0.883317
1.01859
1.06036
1.04291
0.861395
1.16597
0.899386
1.07721
0.978409
0.988013
0.927896
0.939231
0.847411
0.962168
0.903722
0.848524
1.01725
1.21329
0.979981
1.06407
1.03415
1.04878
0.930542
0.977623
0.953504
1.02015
0.974183
0.879606
0.958523
0.897254
0.971452
0.954293
1.00666
1.02106
1.01071
1.06013
1.03893
1.07096
0.93649
1.01188
1.02975
1.04634
1.00815
0.896793
1.05771
1.05103
1.09114
0.951944
1.10147
0.981058
1.05329
0.983605
1.02874
0.983122
1.06587
1.03344
0.971318
1.02389
0.949934
0.976027
1.04971
1.06032
1.03395
0.96681
0.935334
1.03662
0.988526
0.99953
1.10882
0.839535
1.12485
1.03489
1.03157
1.14321
1.05931
1.02635
0.910348
1.0822
1.16113
1.04378
1.06216
0.880759
1.06237
1.04394
0.936666
0.824174
1.03149
0.916451
1.18812
1.11385
0.945115
1.02668
0.880499
0.833441
0.723229
1.15108
1.08809
1.06351
0.961107
1.13878
0.876072
1.02639
0.931631
0.942895
0.99796
1.01295
1.12321
0.940774
1.04308
0.855263
0.986857
1.01781
0.946498
0.823
1.0193
0.987924
1.0087
0.930136
1.07051
0.819533
0.975311
0.958211
1.0916
1.05412
1.06142
1.04101
1.12466
0.856189
0.917631
1.00879
0.914431
1.00165
1.04097
0.973002
1.0666
1.05905
1.08292
1.09483
0.795379
0.87016
1.0384
0.917604
1.02346
0.969234
0.984903
1.00906
1.1243
1.06133
0.872878
0.98159
0.904688
1.07572
0.994163
1.0864
0.930114
0.923933
0.892239
1.00002
0.915358
0.978315
1.09679
1.13766
0.963792
0.894612
1.08758
0.961005
0.963555
1.11584
0.955889
1.00036
0.991467
0.901504
0.976893
1.09457
1.1021
1.04433
0.90335
0.948879
1.11147
1.03355
0.997805
1.08204
1.13823
1.15816
1.05866
1.0545
1.02928
0.979447
0.931704
0.85668
0.978281
0.9674
1.07436
0.980425
0.98897
0.880956
1.0004
0.926778
1.05908
0.841383
1.06513
1.02906
1.03597
0.996895
0.90095
0.967039
0.936414
0.988425
0.955695
0.949091
1.10654
0.965206
0.922329
0.95531
0.985617
0.934551
1.03643
0.907944
0.825231
1.05325
0.974148
1.07723
1.06306
0.953022
1.01113
1.06386
1.06698
1.02118
1.06593
0.962527
0.903622
0.911416
0.955955
0.867291
0.974159
0.972699
0.958762
0.716532
0.981785
0.971747
1.02282
1.04202
0.938438
1.01123
1.05674
1.0093
0.996669
0.98519
1.09347
0.996293
1.05042
0.913959
1.0677
0.920231
1.04134
0.983811
1.01581
0.967218
0.977771
0.98064
0.93642
1.1035
0.818733
0.999889
1.11535
0.974211
0.963687
1.06717
1.05493
0.999227
0.940874
0.93466
0.996056
0.965433
0.885777
0.954451
1.12449
1.03839
0.879741
1.06543
0.991252
0.969132
0.984704
0.980573
0.933227
1.0389
1.02882
1.17091
1.01583
0.994677
0.83394
1.04084
1.07539
1.04783
0.867086
0.92071
0.982772
0.938384
0.910146
0.980677
0.92542
0.864246
0.885215
0.978298
1.03855
1.03398
1.01726
1.03418
0.903316
1.02153
0.97527
1.10307
1.05677
0.981239
0.815235
0.995996
0.949208
1.02678
1.04171
1.09071
0.937287
1.03042
0.934639
1.10888
1.15391
0.928386
1.05707
1.04266
1.14374
0.812102
1.07099
0.947296
1.00227
0.986582
0.993769
1.08022
0.970918
0.998763
0.949014
0.942218
0.908086
1.09922
0.976419
1.06953
0.915458
1.03828
0.884987
0.960108
1.03554
0.950786
1.06099
0.988382
1.00711
0.935157
1.02277
0.895179
1.07543
0.967202
0.821845
0.868781
0.853726
0.914718
1.0503
1.00524
0.965042
1.03641
1.08039
0.90091
0.937451
0.944422
1.06005
0.976884
1.04983
1.11065
1.10472
0.956623
0.97909
0.897208
1.23768
1.09713
0.920071
1.05112
1.20136
0.976533
1.07502
0.908223
1.04634
1.12842
1.10015
0.91611
1.09672
0.999316
0.903276
0.995431
0.978546
1.01946
1.0195
1.0667
0.854875
0.943005
1.1651
0.994103
1.032
1.02304
1.01842
0.974306
0.993778
1.09391
1.09454
1.13647
0.98076
0.996802
1.05752
0.989935
1.05405
1.05098
1.153
0.946779
1.02711
0.924676
1.06372
0.844074
0.905367
0.977285
0.865094
1.0489
1.08105
0.976652
1.03856
1.14338
0.908972
1.01943
0.949402
0.914361
0.928249
0.871955
0.947176
0.974518
0.941297
0.928859
0.954054
0.977061
1.00039
0.958313
1.06956
1.01247
0.956626
1.06521
1.16799
0.932518
0.961303
0.941154
0.949465
1.05321
0.953067
1.05955
0.767235
0.998999
1.1063
0.937137
1.10098
1.0011
1.01367
1.13711
0.962009
0.9864
1.10642
0.952411
1.01504
0.955929
0.992238
1.03709
1.11557
0.976412
1.05763
0.984847
1.06602
1.05211
1.12829
0.950958
1.08581
1.0927
0.983255
1.0415
1.02453
1.03561
1.05009
0.959589
0.894084
0.908637
0.889192
1.15934
1.03569
0.956792
0.928043
0.98042
0.878406
1.02687
1.06525
0.895229
0.987908
0.998993
0.97033
0.900349
0.889553
0.987244
1.0475
0.930724
0.985135
1.0187
1.04598
1.03649
0.937918
0.963411
0.93604
0.961837
0.923161
1.12424
0.885787
0.892718
1.04858
1.01459
0.976611
1.15399
0.958413
1.07081
1.12573
1.04621
0.887022
0.998548
1.00358
1.11556
0.955527
0.881976
0.937148
1.01176
1.09224
0.963515
1.10855
0.986646
0.866234
0.924631
0.950212
1.08371
1.03576
1.01676
0.966063
1.17087
1.12686
1.04388
1.00242
0.957573
1.11444
1.1438
0.886608
0.929135
1.06446
1.06745
1.1141
0.972116
0.997637
1.04656
1.00031
0.99942
0.964203
1.00761
0.929683
1.02886
0.9563
0.946028
1.08979
0.953884
1.08754
0.972307
0.954941
0.982449
1.04828
0.98064
0.928256
1.04309
1.05555
1.0676
0.920256
1.12703
1.02248
1.05063
1.04994
0.881236
0.928098
1.00724
0.949041
1.09177
1.04225
1.01444
1.02348
0.877996
1.00618
1.15733
0.961958
1.09331
0.980899
0.999362
0.938821
1.02984
1.04371
0.983481
0.950711
0.987932
0.97969
1.00614
0.871805
0.934379
1.0146
0.944849
0.962097
0.954011
1.01634
1.05221
0.953043
0.986459
0.920332
1.16927
1.02493
0.950357
1.0376
1.15931
0.952504
0.989709
0.897906
1.05476
1.11367
1.01363
1.00144
0.986333
1.00982
1.15634
1.07424
1.10619
1.02312
1.1258
1.0883
1.154
1.1341
0.939393
1.04137
0.92176
1.02367
1.01975
0.885241
1.09132
1.03565
0.949016
0.957912
0.972938
0.968518
0.874905
0.85865
0.976965
1.0104
0.808589
1.00002
1.08058
0.971599
0.941606
1.03317
0.852242
1.03322
1.08629
1.06031
0.983593
0.930715
1.00326
0.969533
0.915484
0.966179
1.00491
0.87447
1.10394
1.08635
0.931696
0.994034
1.05531
1.15458
1.01458
0.971485
1.10377
1.01574
1.00381
0.956164
0.893299
1.10632
0.936067
1.04175
1.14554
0.999849
1.10118
1.0499
1.08096
0.936696
0.895673
0.942004
0.960506
0.94379
1.03054
0.807657
0.972898
0.884176
1.00291
0.92672
0.971108
1.00858
0.928755
0.869016
0.937338
0.974817
0.997335
1.06851
1.06107
1.08481
1.06431
0.858793
1.14294
1.02378
0.957065
0.978002
1.05177
0.98241
0.960164
0.962892
1.11729
0.919312
0.983363
0.954706
0.923736
1.0244
1.01465
0.908588
1.01283
1.08589
1.06468
1.05761
0.994155
1.16676
1.10784
1.09545
1.07555
0.975067
1.02433
0.950908
0.903495
1.00213
1.04612
0.934856
1.17915
1.08954
0.897827
1.05621
0.993829
1.01366
0.867842
0.962124
1.04591
0.949409
1.12432
0.894744
0.871685
0.930485
1.00313
1.02953
0.938134
0.902765
0.911915
1.15988
0.974112
0.988586
0.952551
0.992303
0.870561
1.03175
1.11239
0.833919
1.16291
1.06516
0.979704
1.05249
0.993073
0.896038
1.08282
0.997863
0.947541
0.95458
1.00629
0.97403
1.03801
1.04206
0.940733
1.08507
1.03133
0.954416
0.986206
1.09246
0.877087
1.07189
1.00398
0.920131
0.992403
0.942214
0.931013
1.10206
1.04949
0.910821
1.05787
1.03716
0.984643
0.977991
1.09241
0.93955
0.93934
0.971497
1.00927
0.927765
0.97413
1.01221
1.04981
1.04661
1.02264
0.775989
1.07633
1.04864
0.848345
0.940284
0.995145
0.833596
1.08242
1.02475
1.11275
1.12618
1.12745
0.964889
1.15799
1.05057
0.989423
1.15429
1.07393
1.06885
0.977828
0.951495
0.981932
1.03095
0.973495
1.02448
1.14574
0.97438
1.06348
1.04773
0.984351
0.861762
1.03096
0.94063
1.01895
0.963202
0.998716
0.837355
1.04496
0.987574
1.20969
0.926934
0.998765
0.964561
1.00973
1.09254
1.06379
0.91054
0.974494
1.03604
0.961221
1.05404
0.914531
1.18826
0.946944
0.856612
0.996179
0.877887
0.813316
1.10475
0.978252
0.956688
1.01635
1.01557
1.1207
0.984739
0.958112
1.01744
0.971729
1.04732
0.923946
1.0107
0.932742
0.984056
1.05214
1.07324
0.923683
1.05221
0.957373
0.955545
1.04136
0.97528
1.1317
0.937782
1.0129
1.01621
0.98825
0.983069
0.9411
1.05029
0.96765
0.933972
1.18816
1.03554
1.05535
1.01146
0.879896
0.83931
1.04555
1.10799
0.824121
0.865921
0.881323
1.02095
0.931047
0.973813
1.03495
1.08092
1.02381
1.01787
0.879759
0.894669
1.05172
0.952161
0.922839
0.907669
1.04879
0.976593
0.977801
0.838081
1.01999
1.04109
0.913144
1.08895
1.10787
1.01298
0.974077
1.00502
0.930348
1.07895
1.03465
0.971464
1.02945
0.996469
0.95076
0.954688
0.998363
1.00657
1.08575
0.990445
1.00963
1.00907
0.996792
1.01895
1.00043
0.96904
0.961931
1.07117
1.00233
0.948173
0.957244
0.990748
1.04885
1.06933
0.848903
1.02153
1.07277
1.04977
0.97013
1.1136
0.881877
0.967502
1.08545
1.07829
1.08986
0.998096
0.86737
0.947584
1.10264
1.05736
1.10754
0.960555
0.939655
0.915673
0.940385
1.03738
0.967289
0.91669
0.952437
0.861644
1.15237
0.910781
0.980791
0.925867
0.93467
1.0272
0.968134
0.985777
0.984212
0.928736
0.970698
0.961124
1.08376
1.06371
0.98298
0.973917
1.02906
0.970962
1.02614
1.04402
0.816475
1.01685
0.915184
1.01265
0.864722
0.841029
0.911935
0.90753
1.06027
0.968242
1.09281
0.96371
1.1125
0.886514
0.920776
0.904115
0.923121
0.891729
1.04042
1.04867
1.10871
0.990565
0.912799
1.04782
1.09433
0.974882
0.914946
0.94746
1.0517
1.12106
0.93687
0.98865
0.953237
0.9052
1.08736
0.891464
1.07154
0.92896
0.969766
1.03346
1.00099
0.866212
0.987891
0.914958
1.00645
1.01007
1.06677
0.995409
0.930514
0.961885
1.03552
0.826983
1.01591
0.929601
1.01701
0.951468
0.896767
0.956213
0.935841
0.955705
0.925489
1.04106
1.0692
0.926715
1.03536
0.913718
0.828823
0.852683
0.934045
1.02765
0.963425
0.954023
1.07376
0.96977
1.02586
1.05899
1.04975
0.91972
0.93304
0.89918
1.01802
1.04197
1.00516
1.02676
0.86388
1.0362
1.00223
0.936237
0.967201
1.14007
0.82322
0.915428
0.979268
1.1031
1.15521
0.827135
0.884719
1.00969
1.02111
1.03147
1.08759
0.94002
0.763389
0.972558
1.03062
0.882039
1.02751
0.995495
0.988762
1.02624
0.97089
0.868642
1.16333
0.97297
1.11597
1.06449
0.984774
0.930034
1.07762
0.885441
1.018
1.10557
0.864846
0.960541
0.928262
0.976585
1.00934
1.04769
1.00804
0.96949
0.94044
1.10668
0.95394
1.02966
0.973319
0.967133
1.06557
0.961224
0.854331
0.983631
1.03827
0.936776
0.955209
0.952089
0.886016
1.03961
0.849306
0.986979
1.08323
1.05066
0.979232
1.00651
1.05842
1.10355
1.05585
1.0517
1.09114
1.02295
1.06762
1.07305
1.05896
1.02791
1.13844
0.962366
0.994748
0.953517
1.07792
0.947263
0.959748
0.957149
0.930995
0.976083
1.09341
1.00719
0.899802
1.00682
0.903178
1.03513
0.886041
1.03299
0.801394
1.08629
0.970677
1.03324
0.908099
1.02885
0.925542
0.925355
0.995588
1.03474
0.92115
1.10845
1.00011
0.89434
0.809944
0.865966
0.939607
0.988846
0.952444
1.14693
0.964596
0.958679
1.02449
1.0606
0.9595
0.866786
0.985338
1.09066
0.958104
1.01515
0.957965
1.00772
1.01017
0.979154
0.963463
1.10424
1.00252
1.00185
0.892336
0.952718
1.00065
1.01305
1.06168
1.06686
1.05088
0.907001
1.06624
0.896192
0.880371
1.048
1.02326
0.982332
1.10886
1.12372
0.964435
1.07229
0.873114
0.972678
1.11351
1.1251
0.885314
1.02643
1.04998
1.00221
1.10502
1.15114
1.18345
1.02361
1.0847
1.05784
0.87097
0.975757
0.976127
1.0846
0.871979
1.03753
1.0164
0.965957
0.867022
0.969997
1.08375
1.02247
0.874783
0.996208
1.00937
0.989526
1.01796
1.0577
0.970157
1.01533
1.06673
0.999378
1.12181
0.910583
0.886323
1.08842
0.998951
1.00965
1.05733
0.922088
0.963111
0.922624
1.03393
1.02678
0.975225
1.06996
1.07064
1.15301
1.12658
1.06512
1.01283
1.10083
1.05015
1.01616
1.13616
1.07427
0.916435
1.07439
0.963905
0.992521
1.09771
1.07942
1.03709
1.064
0.821623
0.92938
1.14821
1.01092
1.02478
0.934054
1.02956
1.11783
1.0336
0.911279
0.912451
1.14301
0.988582
0.890538
0.892381
1.04969
0.923886
0.854236
1.00011
0.861789
1.07197
1.04057
1.02874
0.875245
0.962881
1.12816
1.03399
0.784417
1.07715
0.911676
0.885824
1.1191
0.989538
0.934896
0.978814
0.943964
1.01778
1.16518
1.06642
0.870292
0.977967
0.925713
1.0453
0.917146
0.987314
1.07706
0.922303
0.959317
1.02878
1.04357
1.00089
1.20011
0.992019
1.10484
1.08712
1.02613
1.01261
0.957762
0.927244
0.775997
1.00414
0.937715
0.934591
0.992287
1.03241
0.95464
0.901021
1.07935
0.990216
0.948844
0.984516
0.987814
0.937105
1.02684
1.016
1.05281
1.09856
0.989083
1.20386
1.02903
1.01515
1.01607
0.883225
1.16258
1.00053
0.83341
1.06743
0.948117
0.958155
1.08974
1.00654
0.979514
1.08913
1.11045
1.09213
0.870889
0.912404
0.950445
0.946508
1.01247
1.0118
0.901448
1.08712
0.994019
0.976732
0.825772
1.07196
0.915331
1.16897
0.924418
1.01682
0.986714
1.09891
1.15358
1.10086
0.952694
0.930326
0.903527
1.01325
1.08793
1.13533
0.94645
1.07089
0.933572
0.981119
1.05103
1.02812
1.0573
0.94557
0.983513
1.04314
0.990554
0.993895
1.11531
0.924988
1.00266
1.1258
1.07254
1.06472
1.01399
0.987128
0.909098
0.951878
1.05504
0.959771
1.13674
1.05401
0.965959
0.993853
0.981546
1.01883
0.9317
0.997128
0.919407
1.09401
1.05931
0.957269
1.10737
0.977133
0.989923
0.953946
1.07634
0.891718
1.04861
1.06579
1.08957
1.08166
0.874838
0.916243
1.07774
1.06584
0.925456
0.925927
1.09292
0.833925
0.844579
1.03072
0.940264
1.08826
0.966058
0.959143
1.03599
1.00802
1.00842
0.99839
1.05085
0.951618
1.07483
0.947555
1.11428
0.874764
1.01014
0.978796
1.05108
0.947064
1.20196
1.06209
1.04892
1.085
0.952673
0.844787
1.12849
0.972109
1.06303
1.0073
0.818153
0.987185
1.15278
0.906708
0.880613
1.04411
0.999078
1.08304
1.11297
1.12162
0.948312
0.916436
0.874704
1.04848
0.922761
0.997045
0.899962
0.836333
0.962657
1.05771
0.892522
0.914851
0.937398
0.916983
1.09395
0.929045
0.971931
1.08622
1.00815
1.00386
0.945157
0.961924
1.11758
1.07406
1.05608
1.04092
1.03714
0.964603
0.961141
0.963352
1.0161
0.997349
1.02747
1.04824
1.00183
0.954433
1.11051
0.943477
1.01329
1.10056
0.998722
0.913498
1.03889
0.952239
1.09683
0.995974
1.04586
1.04377
0.956056
0.91883
0.873542
1.05489
0.988315
0.888925
1.04112
0.874284
1.00705
1.12589
1.01367
1.00381
1.02399
0.953893
1.01613
0.956446
0.982372
1.05506
0.87791
1.01916
1.00072
1.05
1.08547
0.970064
1.05503
1.04934
1.0211
1.00296
1.04949
0.963814
1.10687
1.02892
0.841892
1.04041
0.862252
0.902924
1.11734
1.02298
0.966084
1.00275
1.05717
0.966213
0.961902
1.0285
0.877945
1.07654
1.03723
1.05568
0.988081
1.1154
1.00208
0.976399
1.0946
0.868961
0.894401
1.12543
0.971281
1.04706
1.06459
0.924677
0.925651
0.932798
1.06447
0.904188
1.14096
1.01206
1.05198
1.01749
0.896278
0.952769
1.06844
1.08977
1.02182
0.938468
1.05816
1.13327
1.08136
1.02963
1.01193
0.997367
0.92703
1.05802
1.10231
0.871244
0.947983
0.967856
1.10035
1.10119
1.1665
0.850434
0.967914
1.05746
0.981856
0.955613
1.00892
0.872173
0.99312
1.0881
1.03001
1.02586
1.22621
1.00258
0.894439
1.07994
0.968606
0.949127
1.19355
1.08329
1.02604
1.0349
0.922155
0.989324
1.10558
1.08493
0.974162
0.886738
0.924022
1.01356
1.11917
0.961793
1.00193
1.03721
1.16731
1.05054
0.903902
0.834203
1.0889
1.06673
1.1196
1.01353
1.13136
0.906935
1.21207
1.03438
1.00544
0.908125
1.12607
1.03264
1.05703
1.10654
1.06753
0.98856
0.878664
1.09268
0.993967
1.05681
1.19886
1.01969
0.948977
1.01652
0.898702
1.03447
0.909042
0.985765
0.919181
0.969778
0.952147
1.00809
1.03131
0.975236
1.12632
0.868008
0.975712
0.9459
0.944514
1.07289
0.967366
0.924303
0.98558
0.891868
0.902619
0.844134
0.953707
1.09965
1.06237
1.1392
0.857277
1.13508
0.988405
0.95514
1.05868
1.04443
1.06581
0.896887
1.08018
0.95242
1.04354
0.947704
1.05735
0.988334
1.0359
0.975394
0.925503
0.95476
1.04132
1.00786
0.99195
1.18304
0.913208
0.966203
1.03125
0.963051
0.86929
1.02456
0.999722
1.10383
0.95459
1.10536
1.0049
1.03467
1.00865
0.92645
0.994971
0.980018
0.995131
0.955209
0.998111
1.00839
1.03309
0.906795
0.924841
1.01124
0.911947
0.8818
0.963742
0.964989
0.97422
1.08898
0.982917
1.12953
1.11274
1.04581
0.949298
0.943482
1.04834
0.866376
1.02112
1.08045
0.929848
0.946613
1.00283
1.15779
0.925651
1.00816
0.948264
0.848593
0.885059
1.0063
0.801586
1.0234
1.0332
0.894679
0.951816
1.01369
1.00354
0.998951
1.0675
0.840271
0.921797
0.757488
0.925301
1.03112
0.968054
1.03024
0.955712
0.933302
1.02928
0.885393
0.969239
1.02502
0.971567
1.00629
0.848165
0.96315
1.00724
0.957533
0.90902
1.04772
0.970119
1.00614
0.833928
0.838142
0.981912
1.07787
0.956723
0.997912
1.23847
1.09897
1.13417
0.843326
1.04088
0.896238
0.983183
1.00601
1.11959
1.06422
0.982846
0.938624
1.12183
0.93053
0.879
1.03074
1.04957
1.06112
1.06139
1.03634
0.807881
1.03586
1.13591
1.06675
0.980148
1.01077
1.00671
1.08012
1.04416
1.00458
0.996623
1.09429
1.04098
1.09602
0.986429
0.867027
1.0293
0.954013
1.00832
1.06204
1.05514
1.05391
1.15673
0.861927
1.01982
0.958385
1.18696
1.00866
0.981764
0.962322
1.02146
1.11569
1.13509
1.1214
0.963304
0.983231
1.00049
1.02421
0.994184
1.04558
0.908625
1.00863
1.03674
0.970527
1.05872
0.993209
1.14733
0.853316
1.00499
1.08415
0.95178
1.07894
0.949237
0.984317
1.0372
0.997202
0.950174
1.13159
0.86412
0.869548
1.0006
0.74994
1.00159
1.0044
0.998188
0.901025
1.05497
1.01231
0.878406
0.880186
0.928341
1.01374
0.952026
1.02756
1.04763
0.928543
0.849571
1.04391
0.981384
1.0197
1.06125
0.990707
1.0699
0.944712
1.04862
0.997913
0.949525
1.00611
1.03373
1.00652
0.997114
0.905881
0.925195
1.0388
0.932581
1.05061
1.06266
0.944676
1.07736
0.915746
0.889288
0.965178
0.972248
0.988046
0.967071
0.930236
0.980027
0.992346
1.03173
0.939369
1.11898
1.12002
0.883646
0.947295
0.826846
0.959409
0.922755
0.909898
1.19918
1.01986
1.11945
0.946877
0.883046
1.1383
0.956988
0.888647
1.03727
0.966779
1.00087
0.924889
0.918488
1.04336
1.09379
0.999455
0.922152
0.983384
1.03949
0.882693
1.14511
0.846403
0.929962
1.13289
0.792169
1.08292
0.953946
1.1008
0.906969
0.842678
0.917302
1.11627
1.05734
1.08657
1.04341
0.913367
1.16955
1.09496
1.06194
0.906142
1.04445
1.02756
1.04542
0.958671
1.19388
0.98915
1.01327
0.86499
1.14003
0.870404
0.97598
0.965101
0.998928
0.965945
1.01526
0.892198
1.03615
1.05378
0.964906
0.957465
0.941081
0.988582
1.05194
0.97411
1.01295
1.02071
0.94876
0.968808
1.00756
0.949543
0.956394
0.8745
0.956773
1.0272
1.03146
1.02696
0.968943
0.990747
1.04336
0.985402
1.04646
1.10278
1.06444
1.07443
1.04977
1.05576
1.07751
0.994121
1.00143
1.12623
1.09972
0.989678
1.09641
0.971981
0.987469
0.994461
0.895031
1.11301
1.00973
0.957908
0.999046
1.01634
0.866868
0.956309
0.957834
1.11613
1.00098
0.870105
0.872842
0.994642
0.916924
1.06965
1.07145
0.980437
1.17759
1.16352
1.225
1.01495
1.05063
1.07439
0.872557
1.06642
1.06939
0.940465
1.15968
0.847153
1.06098
0.903689
0.873626
0.990906
1.07738
1.0228
1.15684
1.09022
1.09817
0.965117
1.02988
1.13552
1.02711
1.04171
0.82841
0.94356
0.931715
1.14176
0.937006
0.930605
0.926651
0.91396
1.02173
0.921676
0.957248
1.06947
1.03275
0.987578
1.03707
1.08467
1.03302
1.05421
1.04047
0.998076
0.872837
1.15976
0.9714
1.0037
0.97953
1.10229
0.963175
0.971813
1.20463
0.940469
1.07883
0.888151
0.971632
0.985391
0.946882
1.00867
1.04141
1.06836
0.981312
1.10788
1.01508
0.906958
0.993397
0.921358
1.01291
0.88217
0.993817
0.832578
1.07459
0.947181
1.00431
0.991618
0.962342
0.954415
1.00633
0.900236
0.96238
1.08831
1.15621
1.03133
1.03822
0.972798
0.87736
1.04622
0.899929
0.997781
1.07732
1.05901
0.921874
0.964359
0.948372
1.06475
0.93978
0.908853
0.826034
0.995682
1.13544
1.01809
1.03913
1.03979
1.10845
0.989578
0.905272
1.11725
1.04517
0.917423
0.964885
1.0311
1.07838
1.03931
0.782876
1.01212
1.06626
1.12431
0.990725
1.06597
1.05728
0.969488
0.97453
1.04497
0.941493
0.950776
0.994423
0.959776
0.977002
0.871749
1.06316
0.973401
1.10302
1.10335
0.837946
0.950416
1.06938
0.943014
0.967282
0.977987
1.02743
1.01046
0.829443
1.0069
1.06507
1.06769
1.07552
0.891744
1.1093
1.10181
1.01714
1.03956
1.04782
1.03691
1.00097
0.942093
0.876142
1.01282
0.922461
1.09112
1.00258
0.990061
0.874066
1.11072
0.984436
1.03767
0.935479
1.07895
1.02605
0.962313
1.07775
1.02446
1.03205
0.947989
0.899429
0.95682
0.880032
1.0652
1.09578
1.05306
0.955752
0.934552
0.9365
1.17359
0.931954
1.08188
0.973905
1.00274
0.796931
1.05797
0.840047
0.95882
0.826032
1.01322
1.08044
1.07347
0.904647
1.07791
1.01849
0.937044
1.14421
1.0092
0.922178
0.994587
0.98956
0.873567
0.989405
0.909054
1.07169
1.04529
1.05863
0.840285
0.8227
0.990981
1.08357
0.993353
0.974347
0.951
1.00478
0.875931
1.01148
0.951278
1.0183
1.14572
1.01628
1.04972
0.903091
0.951681
0.965248
0.972557
1.10775
1.0817
1.07996
0.921583
1.00264
1.01752
1.02788
0.998044
1.00231
0.855875
1.05292
0.91595
1.08144
0.980775
0.945721
0.965898
1.05291
1.08706
1.07445
0.987649
1.03101
1.15829
1.11921
1.04448
0.912318
0.841655
1.05297
1.01635
0.966784
0.863234
0.850575
1.22259
1.13296
0.860006
1.05193
1.07233
0.894766
1.13542
0.953776
1.03105
1.1285
1.02411
1.02938
0.983707
0.95303
0.831524
1.00091
0.849613
0.882921
1.03682
0.838234
0.887026
0.982833
1.04238
0.895372
0.987673
0.831659
1.0961
0.94754
1.11269
0.985901
0.985277
1.10005
0.962454
0.815436
1.03535
1.1094
0.851928
1.10335
1.0356
0.930594
0.924162
0.982369
1.1057
0.88899
1.04323
0.996111
1.09822
1.10115
0.90469
1.02793
0.926962
1.0358
1.06777
1.1077
0.922186
0.984642
1.00903
0.891316
0.935942
0.944575
0.902974
0.929485
1.07367
1.05796
1.03651
1.03689
0.938512
1.19438
0.925605
1.05604
0.974431
0.987632
0.971371
1.09744
0.964613
1.05197
1.04403
1.02087
1.02609
0.947074
0.87987
0.942515
0.973803
0.922705
1.03744
0.958629
0.962139
0.947484
1.1208
0.958506
1.03157
0.91099
1.09361
0.883173
0.936969
0.948244
0.960775
0.944473
1.10213
1.01161
0.930892
0.948706
1.10533
0.931414
1.01667
1.15876
1.01443
0.978824
1.06419
1.07122
1.03361
1.00492
1.00107
1.0532
1.02264
1.02362
0.896327
1.00512
1.13502
1.0139
0.949726
0.965947
1.03758
0.986632
1.07636
0.964447
0.934028
0.844464
1.13163
1.08614
1.00243
0.971724
1.01369
1.1334
0.936179
1.12795
1.04487
1.03985
0.862917
1.03725
1.10665
1.116
1.08407
0.940256
0.958339
1.0758
0.942819
1.0619
0.909067
0.974283
0.991219
1.03452
1.04395
1.03872
0.950118
0.958313
1.03321
0.915404
1.01564
1.06663
0.894258
0.870704
0.829379
0.87455
0.968282
0.855647
0.952036
0.959055
1.0494
1.00196
1.01024
0.932777
1.14972
0.981177
1.0102
1.04058
0.989875
0.941907
1.09975
0.973708
1.06069
0.996735
1.08258
1.06789
0.923196
0.962997
0.999516
0.921023
1.00477
0.924289
0.924874
1.09429
1.09093
1.08906
1.05828
0.955649
1.13645
1.09867
0.943634
1.27606
0.88835
0.995382
0.95358
1.16737
0.932344
0.995237
0.923897
0.994543
0.950266
1.01543
0.971099
1.04695
0.96354
1.07116
0.888002
1.04583
0.920132
0.98802
0.950195
1.08186
0.964551
0.983858
0.88998
1.00114
1.02339
0.901057
0.920984
0.978476
0.977859
0.948283
1.01517
1.07728
0.965269
0.969553
0.903827
0.944755
1.01826
1.0018
1.09198
0.988899
1.14817
0.985941
0.891689
1.04576
0.772432
0.79146
1.01752
0.986565
1.11109
1.01572
1.08222
0.979017
1.11025
1.06503
1.26076
0.894869
1.02481
0.928856
0.936106
1.08147
1.03342
1.18295
1.01356
0.986044
1.1414
1.1268
1.01436
1.06044
0.978882
0.945963
0.93809
1.00512
1.01937
1.06825
1.01528
1.08724
0.939752
0.940611
0.974773
1.06853
0.962609
1.13808
1.06174
0.923564
1.05772
0.956407
0.969182
1.09182
1.22861
0.990462
1.03052
0.888029
1.01389
1.03696
0.807207
1.14817
0.932139
1.05074
1.08371
0.981183
1.04403
1.0389
1.02579
0.901503
0.923633
0.921099
1.0977
0.856051
1.07609
0.974146
1.04837
0.872633
1.01142
0.909125
1.07164
1.00303
1.00904
1.08634
0.866025
0.947947
1.03996
0.926505
0.897266
1.10397
0.994133
1.0448
0.964006
1.02196
0.901382
0.993683
0.882365
0.975571
0.915749
1.01243
1.11745
0.797497
0.979159
0.956746
0.974026
1.13619
1.10374
0.986099
1.00105
0.944119
1.11642
1.04987
0.93995
0.995324
0.881966
1.02383
1.05066
1.03457
1.02662
1.04778
1.00356
0.92743
0.981557
1.05663
0.901155
1.13208
0.950472
0.948408
0.971453
1.03786
1.05209
0.960654
1.09242
1.06791
1.03474
0.97248
1.12501
1.12376
0.993025
0.921602
1.17989
0.897939
1.02296
0.910043
0.940515
1.08907
1.02177
1.09721
1.04197
0.946541
1.01349
1.04656
1.00757
0.944392
1.12774
1.10315
1.04584
0.961878
0.956157
1.05011
0.824289
0.868279
0.946622
1.06146
1.05135
1.07063
0.917967
1.1245
0.989116
1.00949
1.08477
0.951431
0.915192
0.992518
1.05032
1.08223
1.06318
1.01118
0.933693
1.02308
0.991077
1.10339
0.988045
1.0503
0.961792
1.03645
0.929557
0.979505
0.917715
0.98662
1.02288
0.958118
1.11843
0.841066
0.884122
1.04778
1.06938
0.901958
1.05206
0.943536
0.852742
0.88395
0.966681
1.07441
0.948396
1.05295
1.04972
1.08037
1.05404
1.01719
1.13666
1.04238
0.964602
1.03533
1.19026
1.06354
1.02376
1.08902
0.975798
1.12121
0.935898
1.14224
0.931598
0.956948
1.09681
1.01676
0.989324
0.913136
0.966855
1.06232
1.0897
1.00942
1.04749
0.989599
0.998258
1.01748
0.824454
1.01762
0.983299
1.05974
0.924941
1.04511
0.977312
1.09877
0.920172
1.0858
1.13572
0.914569
1.00405
1.08401
0.978948
1.007
0.889032
0.923671
0.963111
0.912017
0.987885
1.01178
0.955549
0.900651
0.996728
1.06422
1.00996
1.04018
0.94469
0.967532
1.02285
0.996668
0.94171
0.982208
1.02077
1.07459
1.00841
1.00975
0.889844
1.19187
1.11526
0.971046
0.894785
0.979697
1.04721
0.83807
0.996312
0.903649
0.938677
0.947716
0.993613
0.925214
0.880813
1.01029
0.93822
1.06477
0.920095
1.00895
0.897198
1.01294
0.89884
0.855443
1.00945
0.98942
1.23031
1.03815
1.0185
0.989601
0.951838
0.934313
0.948821
0.994431
1.09305
1.02743
1.02792
1.06585
0.99934
1.03224
1.03124
0.940103
1.16784
0.968583
0.885085
0.959774
0.969062
1.03978
0.989587
0.957322
0.877063
1.14836
0.952367
1.02621
0.860707
0.865951
0.841273
0.92696
1.05894
0.947823
0.896526
1.1417
0.936048
1.06807
1.1483
1.0284
1.11919
1.20923
0.999891
1.03089
0.959509
1.00202
1.14074
1.10229
0.998302
0.938261
1.07092
1.04947
0.801155
0.984915
0.954239
1.11255
1.00513
1.07812
0.860943
0.911834
1.0886
0.975256
1.01605
0.888337
0.948143
0.958226
0.859467
1.03935
0.911638
1.13464
0.874388
1.04587
0.969543
1.10422
0.90865
0.802841
1.06534
0.927759
1.00621
0.890053
0.889745
0.983911
1.00157
0.972913
0.911793
0.996245
0.852709
0.876952
1.01392
1.17682
0.946773
0.954277
0.994606
0.936233
1.08887
0.932925
0.959898
1.06513
0.82723
0.967166
0.983088
0.953732
0.942298
1.09786
0.99869
1.11586
0.975313
0.95265
1.09151
0.990543
0.980326
1.01142
0.928599
1.12099
1.07498
0.943641
0.850604
1.1137
1.01473
0.926663
0.876791
1.02245
0.983898
1.05287
0.999373
1.10522
0.948854
0.976265
0.916487
1.15052
1.07172
1.00045
1.0195
0.909014
1.01692
1.03439
0.994121
1.10781
0.882506
0.970787
0.900304
1.09196
1.12602
1.03169
0.95984
0.916203
0.984514
0.836599
1.01322
0.985784
1.11284
0.956129
1.09564
1.10101
0.958615
1.00948
0.998001
1.08403
1.02922
1.06405
0.998448
0.90376
1.00821
0.960982
1.0302
1.118
1.08263
1.05667
1.129
1.07414
0.972073
0.956693
0.995111
0.990206
0.997019
1.06604
1.03028
1.05262
0.924605
1.07156
0.90118
0.999979
0.942447
0.994884
0.955385
1.02743
1.03331
1.10292
1.06107
1.03294
1.00198
0.935637
0.871024
1.06988
1.10195
1.04585
1.01139
0.964788
1.1601
0.992415
0.853278
1.05969
0.963819
0.963299
1.02593
1.09566
0.945731
0.978964
0.982776
1.0474
1.07744
1.10708
1.16345
1.06808
0.975032
1.06662
1.05921
0.959702
0.953909
0.903853
1.08184
1.06431
0.937526
0.927319
1.04272
1.0377
1.18802
1.03048
1.00619
0.901905
0.990724
1.1092
0.96389
1.03487
1.03823
1.12118
1.01005
1.02448
1.04157
0.968446
0.996009
0.968283
0.892003
0.882079
0.857024
0.862618
1.03643
1.02225
0.879697
1.00524
1.14017
0.931397
1.03029
0.898868
0.879851
1.02431
0.912099
0.877828
1.13004
1.17199
0.984117
0.902068
0.976848
0.95557
0.838476
1.049
0.916394
1.15081
0.889621
0.946085
0.928432
0.871982
0.885371
1.18179
1.04688
1.00599
0.95715
1.10169
0.9262
0.948212
0.92024
0.970938
1.05983
0.96087
0.951258
0.902426
0.999229
1.01556
0.989082
1.021
1.05218
0.834497
1.0348
0.964865
0.973511
0.99909
0.944418
0.998002
0.905711
1.05528
0.896665
1.04228
1.03945
1.05411
1.0272
0.940462
0.93713
0.951766
0.970176
1.01908
1.10091
0.893259
0.939137
0.961038
1.06458
0.966468
0.955912
1.09495
0.988979
1.20886
0.952422
0.982518
0.955254
0.953927
1.03005
0.863267
1.06985
0.996919
0.958195
0.951688
1.04345
1.22232
1.12001
0.978622
0.922748
1.05544
1.07483
1.04973
0.979521
1.05394
0.985522
0.799233
0.979479
1.04386
0.988255
0.887519
1.0735
1.01441
1.08882
1.08273
0.877061
0.861114
0.889982
0.965588
0.872002
1.05713
1.03759
1.08963
1.09523
0.949
0.993325
1.00876
0.929794
1.09066
1.06995
0.970372
1.12232
0.95707
1.14115
1.02286
1.02415
1.00766
1.09815
1.0394
1.0123
1.16836
1.05895
0.875243
1.00965
0.859976
1.12927
1.0155
1.02413
0.894011
1.02037
0.877557
1.02037
1.02895
1.02874
0.969543
0.933573
1.0713
1.00651
1.01166
1.04617
1.19964
1.04732
0.965715
1.13627
0.996961
0.839313
0.96509
0.996335
1.02309
1.16215
1.09113
0.973358
0.866303
1.10054
0.956241
0.942968
0.906584
1.03728
0.855861
1.06693
0.952088
1.19373
1.05521
1.0851
1.04122
1.04649
1.0367
0.950587
1.00165
0.87737
0.956689
1.02495
1.02
0.910512
0.921397
0.852701
1.01575
1.04905
1.05936
1.00763
0.982968
0.984674
0.996593
0.910411
0.927051
1.09116
0.919464
1.13738
1.08969
0.9099
0.919211
1.00458
1.07027
0.996323
0.981583
1.034
0.981789
0.938384
1.02395
0.970026
1.0029
1.07779
0.899113
1.06324
0.905332
1.07858
0.972457
0.988181
0.966101
1.14841
1.03888
1.12705
1.06364
1.12212
0.919476
0.953744
0.897083
1.04459
0.949403
0.974118
0.913185
1.03356
1.15486
1.00952
0.96052
0.944465
1.08649
0.871368
0.926621
1.00677
0.94669
0.915948
1.02571
1.03672
0.903451
0.978671
0.99776
0.975363
1.02034
1.08638
0.964791
0.994581
0.821866
0.926195
0.964786
0.995647
1.10124
0.966279
1.0096
0.981047
0.960244
1.12681
0.881961
0.96417
0.907292
0.993161
0.998833
1.05372
1.12453
0.937199
1.02842
0.941407
0.887339
1.1058
1.09029
1.01819
1.06092
1.10502
0.856878
1.00564
0.979326
1.13079
1.00424
1.12985
0.895659
1.17957
1.12474
1.09759
0.940431
0.925114
1.16356
1.07124
0.940457
1.20299
1.07343
1.01143
1.0481
0.978625
0.779429
1.1432
0.941818
1.08745
0.840292
0.989225
1.0251
1.08551
1.1297
1.03074
1.0377
1.08799
1.03119
0.987212
1.06757
1.03707
1.1404
0.96155
1.0675
1.01132
1.06064
0.993386
0.967149
1.07361
1.07651
1.05381
1.02284
0.915729
1.05997
1.02405
0.869435
1.05861
1.01657
1.02418
1.01014
1.03058
0.940311
0.834809
0.943218
0.947655
1.0387
1.01011
0.984801
0.797066
1.05821
1.0285
0.945637
0.934819
0.988235
1.00401
0.949586
1.09562
1.03171
1.09016
0.929008
0.926491
1.03451
0.972822
0.988541
0.90877
1.15526
1.05604
0.906105
1.02711
0.896239
0.945986
1.07178
1.12646
1.00892
0.969061
1.03385
1.11868
0.861263
0.985025
0.871459
1.00367
0.998441
1.06267
0.954001
0.958616
0.986639
0.950101
1.02226
1.00112
0.892365
0.934047
1.11878
0.987844
1.09384
0.991184
0.914559
1.05144
1.00858
1.04707
1.11155
1.09625
0.916641
1.06999
1.00262
0.934162
0.95427
0.991451
1.06375
1.07246
0.953653
1.10254
1.081
1.05972
1.05683
0.960258
1.00563
0.901362
1.00181
1.03071
1.02832
1.03478
0.936999
0.906199
0.986593
1.15836
0.952019
1.00162
1.02503
0.91295
1.05447
1.05952
1.02034
1.05409
1.17343
1.07014
0.921521
0.916812
1.00085
1.01572
1.00022
1.17428
0.955929
1.14567
0.906836
0.96567
1.02742
0.866538
0.894196
1.0831
0.910304
1.11286
1.08815
0.959013
1.01705
0.915367
1.01875
1.06553
1.0081
0.990386
0.942998
1.09653
1.16226
1.00766
0.927924
1.02154
0.905328
0.854551
1.01993
0.862927
1.09203
1.10916
0.983608
0.977289
1.02284
0.829509
0.896798
0.91199
0.958695
1.04741
0.938619
1.12252
0.967273
1.08656
1.0004
0.941816
1.13815
1.01872
0.795811
1.1278
1.21339
1.01977
0.829557
1.11454
0.95923
0.945046
1.0505
1.02314
1.05484
0.937813
1.03508
0.900734
1.01656
0.919839
0.854659
1.06968
1.06549
0.89531
1.00628
1.06599
0.92847
1.06392
0.985227
1.19251
0.939007
1.01506
0.852251
1.03057
0.990394
1.01531
0.969209
1.0967
0.926371
0.923423
0.971852
0.996427
0.960119
0.979369
1.00494
0.91653
0.973394
1.12512
1.1114
0.83978
0.914724
1.0411
1.15773
1.05563
1.13869
1.04556
0.86235
0.937875
0.879843
0.998245
1.07515
1.1028
0.86601
1.03246
0.989149
1.02735
1.00202
1.04329
0.944946
1.11934
1.00846
0.988435
1.10171
0.940458
1.0173
1.04794
0.987284
1.09183
0.917785
1.04091
0.839582
1.03753
1.01705
1.10828
1.05655
0.982375
1.01947
0.987781
0.950363
1.05749
1.04555
0.899684
0.969494
0.979995
0.981214
1.0145
0.919824
0.906807
1.02177
0.98497
1.10375
1.04438
1.0076
1.04002
0.950803
1.11153
1.03478
1.05074
1.00305
0.978401
1.04227
1.05359
0.955993
0.894319
0.933433
0.855175
0.928877
1.04341
0.894804
0.965412
1.01048
0.983688
0.945944
0.939938
0.995875
1.03671
0.958509
0.974977
0.873491
0.908692
0.906802
1.00001
1.17511
1.03066
0.977423
0.994492
0.982171
0.961783
0.925765
1.04992
1.04486
0.801546
1.04149
1.00076
0.985848
1.09786
0.956139
1.01383
0.91788
1.06641
0.984076
1.07609
1.09088
1.00833
0.976266
0.999575
0.816768
1.1259
1.08373
1.00501
1.08782
1.07767
1.0333
0.830894
1.00752
0.889837
0.975506
1.05553
1.03692
1.02737
1.01599
0.879296
0.941621
0.978637
1.17272
1.00103
1.12909
0.913261
0.898224
0.936989
1.23826
0.956572
0.850194
0.855844
1.04664
0.90952
1.00494
1.068
0.90852
1.02186
0.893146
1.14544
0.944879
1.08471
1.00226
0.88732
1.07142
1.09962
0.938858
0.970233
1.1059
1.00029
0.941509
0.951272
0.951476
0.923913
1.04001
0.912415
0.999094
0.966965
0.840129
1.01732
0.945885
1.06174
0.991802
0.881473
1.04259
0.984648
0.95092
1.03503
0.967619
0.877049
1.0098
1.03401
0.90434
1.10503
1.13148
1.10615
1.08946
0.978125
1.0665
0.874713
0.958194
0.922554
0.977295
1.06479
0.966277
0.991521
0.920899
1.11454
1.08257
1.10585
0.930206
1.07482
0.976909
1.01551
0.92879
0.977486
0.930686
0.941081
0.907286
1.05589
0.969488
0.923316
1.11348
0.923167
1.17565
0.982221
1.00324
0.929198
1.06061
0.957895
1.07968
0.847633
1.02007
0.896925
0.898478
1.09155
0.984666
1.09142
1.04082
1.26703
1.08708
0.961822
0.971681
0.99008
0.954662
1.05534
0.831038
1.02573
1.18024
1.15318
1.11381
1.00378
0.953993
1.01212
1.09485
1.04522
1.06585
1.03638
0.935251
0.98301
1.07166
0.96807
1.01894
1.0729
0.838572
0.987915
1.06938
0.956054
1.11596
0.937027
1.05667
0.954025
1.06939
0.881924
0.836777
1.01984
1.03514
1.04733
1.02442
1.03669
1.06255
1.09551
0.981299
0.978336
1.05699
1.08296
0.82687
1.01787
1.0616
1.10087
1.11791
1.05972
0.995493
1.03297
1.07587
1.11011
0.932019
1.09013
1.05348
0.907224
0.99974
1.04601
1.02179
0.998449
1.00099
0.901611
0.986813
1.05655
0.958144
1.09853
0.990876
0.942908
0.917491
1.01039
0.998875
1.07657
0.93842
1.10026
0.971442
0.987684
0.985853
0.979842
0.876492
0.932432
0.84443
0.939243
0.972966
1.03285
0.976982
1.00882
0.942231
0.968589
0.997239
0.899192
1.09699
0.957294
1.04025
0.951818
1.05113
0.914394
0.936834
0.918111
0.946824
1.1203
0.824986
1.02353
1.02946
0.968777
0.993679
0.975513
0.969361
1.0313
1.09581
1.04965
1.04745
1.03335
1.01202
0.896218
1.09401
1.06952
1.11827
1.07211
1.10017
1.08913
0.880783
0.793442
0.929996
0.910628
1.04864
0.976059
1.16467
1.068
1.09197
1.16059
1.03223
1.01856
1.13556
1.14644
0.996974
0.98742
0.919106
1.09404
1.03853
1.06422
1.02323
0.955727
1.08317
1.09819
0.98902
1.04793
1.15901
0.946524
1.05657
0.991057
0.971707
0.883412
0.857307
0.849188
1.02899
1.07161
0.907666
0.928302
0.903651
0.992203
0.933281
1.10876
1.00728
1.05551
0.962042
0.98804
1.11382
0.939125
1.00046
0.850383
0.972743
0.969357
0.973991
1.14355
1.09867
1.02593
1.0685
0.858785
1.02955
1.13394
1.04646
1.01612
0.923949
0.953067
0.997049
0.871912
1.18074
1.0816
0.962488
0.968447
0.888643
1.112
1.0447
1.05178
0.969979
1.01855
1.05083
1.02333
1.14188
1.16518
1.06679
0.913483
0.921111
1.00485
1.11124
0.91521
0.944519
0.924898
1.08525
1.0465
1.15505
0.996815
1.0345
1.08411
0.973196
0.962367
0.998882
0.998507
0.924996
0.932321
0.947842
0.971134
1.0354
0.886315
1.04103
1.03464
0.925376
0.992277
0.986475
1.02553
0.998218
0.981436
1.09539
1.01741
0.877555
0.956173
1.05801
0.930911
0.982937
0.963239
1.0617
0.794029
0.907886
0.892969
1.02411
1.00554
1.07096
1.00314
1.08602
0.940811
1.0928
0.948912
0.968327
0.963333
1.03485
0.966335
1.05799
1.06161
1.06762
1.05475
1.11425
0.892596
0.953909
1.01657
0.964075
1.13064
0.933469
0.943448
1.07703
0.994879
0.905256
0.903138
1.02484
1.24935
0.907652
0.904095
1.08252
0.911239
1.01314
0.89975
1.00024
1.06251
1.0981
0.96703
1.04079
0.99624
0.992581
1.13987
0.932757
1.04396
1.12696
0.956749
0.931394
0.902354
1.08313
1.06218
1.18856
1.07089
0.916744
1.04775
0.927132
0.933842
1.02533
0.967197
1.10944
0.993304
1.04229
0.936694
1.0136
0.927871
0.952757
0.996704
0.992814
0.949673
0.924334
0.950517
1.07342
1.00538
1.0888
1.0593
0.854448
1.13759
1.05992
0.98135
0.954719
1.06375
1.01958
0.884414
0.888515
0.996516
1.00855
0.887576
1.02411
0.959277
0.975292
1.07105
0.98054
1.01589
0.965368
0.978244
1.0127
1.00512
0.944978
1.11564
0.967545
1.02991
1.04372
0.958782
0.927535
1.09359
1.10788
0.906758
1.01738
1.0344
0.939217
0.977858
0.993811
1.05593
1.00728
1.06367
0.794247
0.897166
0.945437
1.24902
1.02514
1.08092
1.04093
0.980942
1.14775
1.0701
1.01755
1.04119
1.04547
1.08816
1.12258
1.00455
0.869942
1.06003
1.01553
0.961053
1.03064
1.02021
1.12327
0.88918
0.977894
0.941578
1.00626
0.830353
1.04894
1.06446
0.91843
0.966139
1.20107
0.877442
1.08071
1.0102
1.10926
1.03877
1.0076
0.978137
0.937357
0.979079
0.963741
1.07731
1.11304
1.03781
0.929953
1.13396
1.0481
1.07063
1.09943
1.0209
0.982524
1.01476
1.05098
1.04222
1.03557
1.08688
1.20957
0.981187
0.796387
0.937402
1.00999
1.01308
0.970691
1.08363
0.899101
0.922885
1.04998
1.05536
1.13655
0.91994
0.996589
0.934884
1.08912
0.988837
0.969444
1.02264
0.97386
1.02071
0.95146
0.995109
1.04616
0.945951
0.869163
0.954773
1.10753
0.962121
1.03641
1.02452
1.00292
1.00698
0.937969
0.917933
0.886945
1.03604
1.05798
1.00756
0.957606
0.990526
1.02979
1.10944
1.15096
0.895144
0.911776
1.15342
1.00697
0.968135
1.0255
0.809325
1.03535
0.978158
0.95453
0.994686
0.941345
0.813874
1.05782
0.971228
0.938422
0.964646
0.902774
0.938648
1.06369
0.966075
1.04909
0.921043
1.08506
0.95414
1.05915
1.09012
0.985838
1.10818
1.05921
1.00005
1.02387
1.09604
0.98361
1.03112
0.809076
0.979857
1.00453
1.11123
1.06979
1.0044
1.06212
0.864145
1.0426
0.98195
0.971453
0.995133
1.05775
1.02353
0.914033
0.906966
1.03367
0.953544
1.03172
0.919032
1.07354
0.972868
1.02155
1.07555
1.004
0.92775
1.05357
0.908301
1.05302
0.760476
1.0243
0.890809
0.933473
1.04228
1.09496
1.00831
1.01461
1.13624
1.01834
1.05212
1.00563
0.994078
1.05537
0.990593
1.02362
0.934059
0.984549
1.03522
0.980574
0.984843
1.01671
0.936844
0.879761
1.05609
0.968968
1.00326
0.937212
1.02634
0.852929
1.01531
1.08189
0.892526
0.972299
1.00124
0.909833
1.03516
0.938289
1.07941
1.08252
1.18697
0.888566
0.974213
1.1183
0.904301
0.947259
1.0646
1.03052
0.904304
0.871507
1.08471
1.05718
0.897826
1.01601
0.921595
1.03181
1.0717
0.908025
1.09725
0.955971
1.04089
0.840822
1.14053
0.811086
0.958421
1.01949
0.970668
0.937439
1.0055
1.01164
1.02237
1.02207
0.88308
1.00885
0.879322
1.22416
1.02746
0.916397
0.966451
0.74653
1.01633
0.985101
0.848769
0.935021
0.906726
1.03608
1.03121
1.0388
1.06661
1.09105
0.897416
1.02126
0.917924
1.04125
0.782738
1.1103
1.13979
0.926609
0.977543
1.01989
1.11239
0.903579
0.864754
1.00165
1.05294
1.07232
0.920594
1.01094
0.991281
1.0454
1.0299
0.970922
0.924278
1.07992
1.04137
1.00999
0.91993
1.17895
1.01794
0.86986
1.08474
0.961034
1.08759
0.90578
0.969918
0.964697
1.02996
0.965757
1.02892
1.12968
1.06021
1.0132
1.01761
1.02598
0.909813
1.02821
1.0887
0.947544
0.958997
0.691991
0.938104
1.06691
1.00281
0.872789
1.05567
1.09667
1.01357
1.03287
1.04655
0.947546
1.0759
0.895059
1.13842
0.956184
1.01367
1.14038
1.17053
0.872867
0.861871
0.936128
0.929593
0.922698
0.947244
1.04189
0.908432
0.902191
1.09214
1.03212
0.954782
0.993105
0.965964
0.88735
1.02959
1.02504
0.925666
1.03808
1.12107
1.0228
0.986974
1.0223
0.924491
1.03314
1.06199
0.982776
1.1077
0.986677
1.03776
1.01359
0.936387
1.01207
1.03034
1.07905
1.18193
1.08298
1.16825
1.09712
0.955098
1.10913
1.07513
0.887767
1.03941
1.04311
1.01604
1.08761
1.03931
1.07135
1.0746
1.01441
0.993499
1.04361
0.98
0.984858
0.9199
0.870717
0.959069
1.11188
0.987814
1.05403
0.937897
1.06484
0.7941
1.06072
0.982524
0.993778
0.942583
1.05755
0.990467
0.986369
1.09533
1.02014
0.971385
1.04179
1.01745
0.919463
0.91577
1.02546
1.13713
0.982601
1.03079
0.953225
1.10115
0.991966
1.05456
0.971722
1.16834
0.944013
0.884386
1.09213
1.04886
1.01922
0.904372
1.06501
1.0039
1.00219
0.9894
0.895328
0.98103
0.958635
1.05563
0.889095
0.856642
1.08307
1.06645
0.991247
0.929602
0.920927
0.991451
1.04499
0.899557
1.11765
0.994545
1.04875
0.975365
1.02322
0.930678
0.967101
1.03199
1.24815
0.87603
0.918093
0.930605
0.986234
0.878443
0.992767
0.847075
0.931226
1.02528
0.894098
1.1235
0.96335
0.982886
1.0315
1.09865
0.872443
0.974252
0.915253
0.937314
1.0591
0.962418
0.932196
0.871724
1.03732
0.956554
1.05135
1.0304
0.932674
0.993588
1.09113
0.973946
1.08605
0.995315
0.885502
0.765603
1.06218
0.972444
0.909163
0.963939
0.958616
1.10627
0.98425
1.04567
0.96019
1.21443
1.12902
1.01791
1.04021
0.932807
1.10911
0.930858
0.968676
1.04959
1.05484
0.959199
1.1222
1.10619
1.05249
1.00799
0.939987
0.927775
1.01112
0.909948
1.02758
1.03322
0.983945
0.964792
0.844217
0.999615
0.963072
1.05582
1.03467
0.967694
0.877438
1.05504
1.01455
0.844709
0.947643
0.991764
0.80909
1.04489
1.07616
0.946491
1.11616
0.975917
1.03418
1.01336
0.933352
0.950039
0.905754
1.02613
1.04191
1.05809
0.867321
0.929454
0.922138
0.960128
1.13236
0.864051
1.1013
0.89616
1.06245
1.01301
1.09266
1.00464
1.02106
0.924558
1.01742
0.940508
1.01932
0.953261
1.11035
0.8815
1.2485
1.15588
1.05463
0.954312
1.05968
0.961771
0.96193
0.897111
0.885954
0.928326
1.02402
1.08515
1.00264
0.886428
0.938843
1.13011
1.07158
0.927976
0.998195
1.08922
1.00771
1.18342
1.03612
1.21144
1.00371
1.05947
1.09405
0.925551
0.919807
0.894365
0.902325
1.01495
1.03146
1.01432
0.870985
1.11724
0.949816
1.13128
0.929139
1.20605
1.06002
0.989173
0.976602
1.13842
1.02397
0.914949
1.09622
1.1024
1.01982
1.00733
0.859769
0.9251
1.05668
0.815499
1.00924
1.05502
1.00349
0.989274
1.02528
1.04054
1.00199
0.892742
1.04794
0.919999
1.10884
1.05826
0.978142
0.860773
0.984527
1.24092
1.12553
1.05487
0.945982
0.854797
0.919693
1.04554
1.03649
1.07086
0.956697
0.990549
0.876382
0.96448
1.0531
0.966539
1.04489
0.967408
0.997597
0.848882
0.929334
1.03841
1.08222
0.999636
0.972588
1.06875
0.910744
1.01876
1.10611
0.962797
0.909727
0.93654
1.08412
0.985726
1.0954
0.860407
0.832727
1.0435
1.01194
1.1165
1.00206
0.891739
1.09903
1.05582
0.804116
1.08466
1.01055
0.976559
0.967787
1.00049
1.14614
0.82023
1.09147
0.964845
1.00935
0.982639
0.988707
1.0282
1.02939
1.01644
0.918032
0.993056
1.10354
1.00332
0.952198
0.905365
0.920309
0.837486
0.998186
0.847164
0.969802
1.00356
1.08121
0.940868
1.07037
0.980255
0.960156
0.94555
1.05322
1.06589
0.991313
0.983362
0.907623
1.03537
0.905952
0.937496
0.923891
1.07772
0.990919
0.993843
0.852689
1.04603
0.869819
1.04849
0.756135
0.993482
0.99154
1.0794
0.992553
0.935389
0.947677
0.988474
1.0171
1.03626
1.03942
0.967269
0.900827
0.930686
0.814695
0.953026
1.01721
0.915351
0.966672
1.09199
0.998809
0.972597
0.965454
1.01352
1.00673
1.00141
1.05192
0.97539
0.96134
1.05141
1.0644
0.916438
1.07826
0.974849
1.02488
0.972319
1.00231
1.06548
0.965507
1.0058
0.989097
0.92924
0.910821
0.961675
1.02856
1.05837
0.934646
1.02709
1.02517
0.954624
0.979772
0.955363
0.998065
0.955121
1.11717
0.943709
1.05241
1.01856
1.01827
1.09213
0.876895
0.929869
1.00946
0.86513
1.00779
0.991947
0.984309
1.08744
1.08537
0.965757
1.06575
0.899455
1.02679
1.02636
0.94793
1.04319
0.982833
1.00966
1.02707
1.06478
0.989066
1.15732
1.03661
0.964888
1.06571
0.993309
0.930226
0.939821
0.881992
0.974376
0.811578
1.04074
0.95714
0.831206
1.09232
1.0672
0.850594
1.05072
1.01349
0.968408
1.04097
1.12312
0.969796
0.98451
1.10069
0.9615
0.922179
0.965841
1.03252
0.970222
0.916311
1.08415
0.986062
0.880881
0.905103
1.17255
0.96321
1.00091
0.967166
0.962379
1.02565
0.983184
0.927239
0.979845
0.951461
0.948692
0.919215
1.07156
0.965535
0.939963
0.801848
0.900347
0.979723
0.941586
0.896712
1.00486
1.1622
0.905617
1.03147
0.894171
0.960458
1.0261
0.967377
1.05423
1.15685
0.829733
1.00615
0.869212
0.90394
1.03161
0.890746
1.02461
0.809671
1.06756
1.13707
1.10945
0.983423
0.928475
0.931703
1.02194
1.10253
1.18704
1.06097
0.917943
1.10118
1.02447
0.916405
0.925687
0.958087
0.931651
0.781428
1.03685
0.945884
1.07164
1.04174
1.21455
0.903568
1.12282
1.0118
1.0002
1.04697
1.05014
1.02645
0.944647
1.06115
1.0769
1.09783
1.00016
1.20109
0.964035
0.999724
1.05935
0.978763
1.05194
0.934881
1.02091
0.972917
0.984841
0.915096
0.811582
1.01141
0.963299
1.09666
0.865452
1.05036
0.857397
0.880158
1.11721
1.04814
1.05852
0.949077
1.03156
1.00619
0.877542
0.989304
1.08145
1.08191
0.997577
0.850105
1.05268
1.12485
1.08523
1.03113
1.10461
0.924445
0.978468
0.879691
1.09837
1.01559
1.16637
0.977772
1.00851
1.10949
0.957102
1.00804
0.961497
1.04565
0.881199
0.986603
1.01663
0.995217
0.94187
0.886433
0.911087
0.994663
0.90128
1.16008
1.05374
1.03826
1.10044
1.00805
0.993017
1.06812
0.945065
0.988366
0.937149
0.874889
1.05798
1.00439
0.884264
1.12199
0.91105
1.1601
1.12222
1.17531
1.05791
0.904215
0.990818
0.98279
0.953008
0.874552
1.07519
0.992406
0.945512
0.808663
0.961431
1.03569
1.09759
0.95808
1.09023
1.02424
0.925819
1.04972
0.99778
1.03404
0.978644
0.936413
1.10111
0.983562
0.933577
1.09469
1.04303
0.958324
0.987048
0.923279
1.13356
0.824987
1.1114
0.954949
1.11559
1.01933
0.895537
0.941305
1.10327
0.932157
0.958564
0.983859
0.967655
0.981748
0.967195
1.06009
1.04357
1.12439
0.871909
0.904489
0.911054
0.953985
1.00253
0.925542
0.99636
0.91204
0.882536
0.866737
1.07848
1.02543
0.93513
0.946406
1.0303
1.01823
0.897559
0.95711
1.0495
1.06482
0.897401
1.14442
0.93595
1.00728
0.953867
0.812756
0.973411
1.00913
1.03731
0.932795
0.994689
0.972235
1.00056
1.02005
0.931045
1.01553
0.943734
1.05005
0.909258
0.990688
1.0565
1.07748
1.01537
0.956163
1.02816
1.04154
1.03943
1.06631
1.03384
0.918107
1.12929
1.03146
1.01814
0.885896
1.07473
0.985555
0.931577
1.04956
0.974888
0.969726
1.0637
1.05755
0.880244
1.0026
1.15493
1.23646
0.838439
1.04138
1.10913
0.987558
1.00331
1.12766
0.991147
0.994625
0.955535
1.05579
1.02317
1.15523
1.05195
1.09349
0.858806
0.97525
1.03306
1.02402
1.15722
1.2296
0.986989
0.897361
1.06947
1.02941
0.993369
1.02239
1.06486
1.01379
0.99091
0.849063
1.03085
1.10976
0.987635
1.03403
0.973202
0.975422
1.02213
0.982023
0.918503
1.24324
0.929201
1.12545
1.07584
0.927812
0.993788
0.993591
0.972572
0.91698
1.0223
1.0619
1.07259
0.975474
1.05831
1.02579
0.96106
1.01004
0.938851
1.06876
1.06203
0.969807
0.91918
1.05348
1.02546
1.03024
1.01794
0.958775
0.914506
1.07192
1.15987
1.07777
0.924395
0.9372
0.924087
1.00694
1.09215
1.10483
1.12194
1.0581
0.939496
0.938543
1.08908
1.01319
1.09531
1.04808
1.02367
1.08911
1.00131
1.00252
0.972763
0.988422
0.889177
0.829867
0.94951
0.98078
0.844925
0.979271
0.938475
0.856763
1.10889
1.06709
0.943532
0.838023
0.861953
0.884192
0.998814
0.925742
0.81125
0.988501
1.09156
1.04181
0.969887
1.01718
1.02062
0.987275
0.913094
1.03083
0.989941
1.03047
1.1052
1.00356
1.0665
0.934622
0.918713
1.03597
0.914931
1.00759
1.02966
1.0826
0.806574
0.964616
1.02123
1.08311
0.993617
1.00164
1.02088
1.06623
1.01748
1.20482
0.954425
1.01932
1.09033
0.897605
1.05924
1.05204
0.873046
0.870238
1.01044
0.966068
1.03552
1.06162
0.96542
0.94571
0.852624
1.01921
1.07862
1.06305
1.04992
0.992186
1.04455
1.06698
1.13514
1.14459
1.02388
1.00328
1.07647
1.11435
1.04835
1.02399
1.0644
0.848056
1.07365
1.04311
0.870275
0.833753
0.909706
1.04281
0.908236
0.99871
0.950899
0.970356
1.11081
0.923814
1.04447
1.21088
0.945032
1.02857
1.05424
0.764614
0.953141
0.952465
0.889252
1.03974
0.976097
1.06204
1.13051
1.11392
1.15032
0.967473
1.02973
1.04769
0.974381
1.13516
1.0446
1.02868
0.960509
0.892673
0.969402
0.885172
1.05451
0.86417
1.06615
0.97703
1.00037
0.971497
0.90483
1.0164
0.916488
1.04314
1.09619
0.911401
1.07813
0.999664
1.04603
1.0678
1.03572
1.14305
0.946989
0.969432
0.948871
1.0074
1.04377
0.933843
1.0492
1.06236
0.973637
1.07416
0.969895
1.12076
0.993352
0.939879
1.0744
1.05453
1.13923
1.03135
0.972519
1.03502
0.953573
0.973713
1.055
0.929809
0.911668
1.00689
0.928004
1.03146
1.03968
0.97349
1.05525
1.13528
0.959468
1.04491
0.918695
1.00861
0.999753
1.01905
0.897944
1.01875
0.983023
0.921703
1.1053
0.987338
1.06711
1.10457
0.974935
1.04045
0.941484
0.937446
0.940412
0.912106
1.06943
0.904923
0.890313
0.920215
1.12364
0.969704
1.12573
1.09921
0.995221
0.932433
0.811623
1.07203
1.00331
1.02945
1.00315
1.07984
1.14148
0.924775
0.992986
0.827745
0.933683
0.921007
0.900889
1.13249
0.933232
0.924033
1.20667
1.04838
1.09625
1.00639
0.918046
1.06857
1.09573
1.02522
1.09449
0.996445
1.06867
1.09029
1.04355
0.947905
1.11103
1.07067
1.01208
0.990509
1.06072
1.0018
0.994264
0.973682
1.05387
1.08094
0.997766
1.02692
0.968731
1.05689
0.890896
1.05696
1.16458
0.968349
0.957968
1.05046
1.1001
1.07787
1.05748
0.968032
1.10076
1.0448
1.0914
0.976437
0.947098
0.935098
1.1616
1.02126
1.06906
0.966582
0.971288
0.981399
0.953571
0.965843
1.02423
1.00654
0.935617
0.957133
0.975146
1.00119
1.10087
0.902076
1.08384
1.10761
1.05188
0.931533
1.11067
0.934279
0.992836
1.03638
1.02993
0.970105
0.968812
1.05395
0.959795
0.925389
1.00005
1.03041
1.00938
1.06315
0.91185
0.971661
1.01866
1.09159
0.995456
1.02524
0.97936
1.03919
0.914044
0.933966
1.03469
0.864057
1.02291
1.01301
1.00384
0.983786
1.1821
0.989448
0.93518
1.0508
0.934573
1.02175
0.856777
1.09243
0.877579
1.01863
0.926121
0.975545
1.01687
0.943872
1.11051
0.915658
1.02514
1.04639
0.80538
0.916372
1.16432
0.994922
0.940698
1.07788
0.940717
1.04616
0.93683
0.930541
1.02105
1.06667
1.02226
1.01442
0.997204
0.985543
1.12129
1.09466
0.9617
1.04148
1.06146
1.00288
0.924187
0.876928
1.20101
1.06927
1.12133
0.94004
0.903296
1.06746
0.983064
1.08352
0.883574
0.978845
1.16807
0.981908
1.05334
0.948904
0.943345
0.91342
0.997614
1.16789
0.965181
0.926706
1.00913
1.15453
1.07781
1.02513
1.06613
1.04043
0.950996
0.96967
0.832569
0.862711
0.998086
1.06272
0.880568
0.877014
1.11274
0.924159
1.00752
0.999057
1.00062
1.06802
0.991919
1.05049
1.03366
1.10499
1.14967
1.17462
1.05288
0.942599
0.907941
0.913586
1.10446
1.06505
0.859854
0.918052
1.10838
0.946338
1.03398
0.938742
1.00401
1.01374
0.945512
1.05192
0.989612
1.03823
1.03488
1.00621
0.87286
1.00824
1.18342
1.05058
0.976955
0.954391
0.858233
1.01241
1.09084
1.01843
1.24686
1.05431
1.04904
0.925902
1.04462
0.921826
0.980591
1.04143
1.11326
0.969294
1.21201
0.885815
1.01762
0.996345
0.942831
1.0372
0.984329
1.08233
0.855568
0.949314
1.06513
1.03206
0.921178
0.929787
1.0979
0.983146
0.94639
1.08281
1.07007
1.04105
1.12806
1.10881
1.12944
0.939616
1.03339
0.853276
0.956918
0.968966
0.946624
0.881583
1.04449
1.01697
1.03048
1.11754
0.941751
1.03075
1.01639
0.998432
1.08516
1.02246
1.02694
1.08407
1.03063
0.828558
1.05166
0.878361
1.14418
1.05952
1.04163
0.884383
0.876195
0.941264
0.805513
1.01761
0.904018
1.00631
0.953543
0.90593
1.07104
1.11513
1.19522
1.06417
1.06257
0.979823
1.02107
1.17157
0.968934
0.900417
0.861421
1.11238
0.967245
1.00609
1.06641
1.00013
0.936531
0.95491
0.981882
1.07969
0.970588
1.15603
1.01107
1.10304
0.95774
0.937592
0.94332
1.00825
0.948125
1.13522
0.960756
0.960763
0.939134
1.04672
0.931481
1.05164
0.874225
1.05205
1.03663
1.04614
1.02777
0.991473
1.0985
1.02068
0.94235
0.969758
1.09193
1.07012
1.01447
0.952887
1.12024
1.01894
1.04843
0.95059
0.924711
1.05344
1.08005
0.997669
1.01713
0.956674
0.929886
0.980664
1.08732
0.94912
0.954971
1.06912
1.00135
0.912978
0.91957
1.01662
0.956972
0.930379
1.02883
0.991732
1.0821
1.01466
0.983691
1.08371
1.03478
0.911079
0.94053
1.09566
0.856981
0.935944
0.96957
1.10729
0.901528
0.957707
1.19839
1.01714
0.959821
0.916545
0.999448
0.910063
0.845177
0.986305
0.971655
1.00656
1.05556
0.894882
1.02997
0.954591
1.08235
1.11262
0.977033
1.07131
0.922684
1.03758
1.07224
1.07793
1.01061
1.05668
1.11206
0.913945
1.09021
0.96026
0.900562
1.10738
0.897171
0.929286
1.04854
1.00142
0.913183
0.963189
0.958424
1.01618
0.924147
1.08443
0.974167
0.891141
1.12445
0.982688
0.954443
1.08054
1.09067
0.986702
0.903153
1.08255
0.957421
0.926103
0.965918
0.942176
1.04809
1.02514
0.906926
1.01853
0.974686
1.19062
1.14997
0.987239
1.03231
1.07305
1.00065
1.04353
0.966601
1.00363
1.03827
1.08295
0.898327
0.970337
1.00965
0.935694
1.00921
1.07782
0.897842
1.02042
1.06439
0.979017
1.04439
0.879453
0.992064
0.9982
1.10448
0.916867
0.918591
1.02505
0.875895
0.9907
1.07288
0.916755
0.973243
0.973016
1.05264
1.08351
0.89385
0.919228
0.987424
0.795309
1.05837
1.10953
0.907652
0.95313
0.886715
1.14367
0.974157
0.987931
0.861166
0.96773
1.00917
1.12521
1.07783
1.07632
1.1189
1.07724
0.9675
1.05041
1.00129
0.904825
0.944131
0.967541
1.02163
1.05198
0.999116
1.01345
0.95841
0.97853
0.959604
1.03607
1.12132
0.943084
1.03652
0.766917
0.986285
0.959245
0.903846
1.12611
1.01587
1.12328
0.996808
0.919007
0.95714
1.03531
0.923548
1.03282
1.02366
0.858677
1.03833
1.03914
1.01485
0.890094
0.925564
0.921908
0.965808
0.900181
0.966562
1.05527
0.916353
0.995649
0.97064
0.974311
0.976038
1.0041
1.04934
1.13569
0.945807
0.93907
1.07027
0.92982
1.0589
1.01494
1.03832
0.966448
0.867314
1.00411
1.11231
1.04983
1.03724
1.05025
1.02022
1.10017
1.07056
1.00719
0.929127
0.994758
1.22592
0.989301
0.885744
0.876092
1.13538
1.05428
1.0278
0.997134
1.07064
1.23887
1.05642
0.98116
1.07926
0.88196
0.998846
0.99788
1.00965
0.986651
0.998558
1.02575
1.07853
1.00713
1.15053
0.988588
0.958348
1.0529
1.11766
0.970402
0.970739
0.961989
0.959426
0.944685
1.02228
0.916013
0.855451
0.925519
1.17524
1.09431
1.07225
1.02357
0.998591
0.907791
0.907223
1.10352
1.02793
0.988347
0.944682
0.951538
0.802894
1.10393
1.0135
1.14881
0.994112
1.08132
0.97686
1.12109
0.885161
1.04961
1.07477
0.934153
1.05878
1.13895
1.22877
0.89736
1.09674
1.05212
1.09281
0.838619
1.07353
0.985851
0.878599
0.991263
1.00065
0.913562
0.908509
0.861086
0.875392
0.952013
0.992998
1.12714
1.07248
0.846983
1.00577
0.846384
1.02878
0.929133
0.942293
0.90054
0.827538
0.780915
0.899958
0.943925
1.03264
1.06431
1.03821
1.0858
0.921554
1.08326
1.20476
1.00052
0.915612
1.01739
1.03466
0.924647
0.986817
0.838054
0.84298
0.967048
1.1242
0.938394
1.0036
1.1221
0.882182
0.912083
0.927586
0.936804
1.06365
0.96715
1.02903
0.802883
0.997409
1.01202
1.00681
1.08865
1.05113
0.984113
1.07436
1.13995
0.920458
0.868404
0.905938
0.960312
1.06437
1.05338
0.906491
0.890593
0.983874
0.996921
1.08233
1.04448
0.938829
1.09415
0.906898
0.986457
1.0248
0.887183
0.947856
0.800178
0.927778
0.990125
1.01746
0.979858
1.08397
1.20765
0.913834
0.948049
0.892959
1.02229
0.972084
1.05397
1.02632
1.04476
0.959972
1.1804
1.1612
0.992694
0.915531
0.975321
1.02756
1.13177
0.96315
0.746799
0.84752
0.994401
0.984198
1.1186
0.847714
0.961978
1.06699
1.04858
1.04244
1.10891
1.13376
1.00738
0.959969
0.911561
0.983057
1.0448
1.19553
1.1161
1.03152
0.913136
1.1268
1.02595
0.971364
0.98567
1.05102
0.986168
0.977288
0.984516
0.991325
1.08619
1.06775
1.08898
1.03057
1.09562
1.09773
0.870586
0.908479
1.07508
0.956439
0.947435
0.928591
0.992443
0.975668
1.05329
1.04805
0.877585
0.924736
1.05844
0.880824
1.0016
1.02898
0.950439
1.03149
1.20573
0.905775
1.07548
1.17968
1.02128
0.939946
0.98473
1.04524
0.92347
1.03977
1.18062
1.11172
1.04076
0.984945
0.894798
0.99674
0.919126
1.04443
1.02895
1.13737
0.928567
0.963055
0.901522
1.0741
1.06209
1.06671
1.00398
0.925528
1.03748
0.983488
1.02433
0.989996
0.914207
0.889738
0.984638
0.948139
1.00179
1.0145
0.948059
0.947553
1.03087
1.01194
1.13515
1.04552
0.990988
0.904675
1.12254
0.937381
1.00967
1.01067
1.01805
0.939353
1.10182
1.0331
0.979908
0.923941
0.860221
1.08558
1.05851
1.02976
0.884106
0.998766
0.925103
0.989077
1.06454
1.03686
0.987923
0.957459
1.05787
0.969098
1.04267
0.942034
1.03919
1.0316
0.989291
0.906743
0.952878
0.976765
0.955722
0.922834
1.02296
1.02645
0.951323
1.07424
0.919478
0.945252
0.993439
1.09142
1.12385
1.16057
0.919206
0.958405
1.02634
1.20782
0.962785
1.06123
1.1009
0.950033
0.928635
0.916145
1.01871
0.959435
0.968208
1.09098
1.10944
0.966602
1.03646
0.948869
0.928801
0.898165
0.973074
0.78826
1.05052
1.03998
1.03766
0.963428
1.00385
1.06798
0.977984
1.02747
0.949907
1.00155
0.94895
1.05174
1.1182
0.913779
0.973682
1.11747
1.00715
1.06176
1.12614
1.03312
0.98728
0.928005
0.972376
0.972833
1.01959
1.01685
0.985071
1.06992
1.136
1.02866
1.09184
0.971029
1.02144
0.988397
0.829998
0.952246
1.05156
0.926821
0.982941
0.911575
1.01824
1.02346
0.951199
1.07901
1.13445
0.99806
1.03264
0.961824
0.911122
1.1035
1.07865
0.926906
1.0417
0.96277
0.93319
0.989149
1.04657
0.939185
0.978963
1.07603
1.01222
1.13424
1.10873
0.973624
1.13669
0.996919
0.96372
0.885788
1.00813
0.982459
0.871694
0.99905
0.957951
1.04584
0.998162
0.881778
1.03948
1.13072
0.940589
0.862731
0.989291
1.12346
0.85783
1.0421
1.14148
1.18475
0.882748
0.981043
0.995041
0.930734
0.890364
1.04349
0.985069
1.01216
0.931013
0.991105
1.06791
1.09438
0.938406
1.0233
0.823397
0.9291
1.02938
1.00161
0.967572
0.923164
1.00661
0.983467
0.797755
0.879948
1.10026
0.856881
0.950743
1.04245
1.0097
1.02648
1.00206
1.00065
0.85492
0.946632
0.989638
1.0779
0.942218
0.982569
1.05971
0.938785
0.840563
1.05196
1.02903
0.909598
0.842105
0.992158
0.892533
1.07497
0.940323
1.00217
1.0272
0.972894
1.04121
1.13435
1.07649
0.937796
1.0353
0.950936
1.04536
1.16047
1.03123
1.08326
1.05988
1.04896
0.882961
1.13258
0.972089
1.01177
0.934287
0.968122
0.999903
1.08115
1.01348
0.964761
1.0432
1.03977
1.15533
1.17123
0.893718
0.99334
0.920777
0.989184
0.953322
1.17423
0.875359
1.0155
1.01307
1.00308
0.946258
0.976159
0.912796
1.02058
1.0147
1.08443
1.05258
1.033
1.0488
1.06908
0.963588
0.866105
1.05997
0.916336
0.893368
1.02405
0.937842
0.924739
1.01987
1.00919
0.921066
0.960798
1.01554
0.909512
0.985489
0.961118
1.0876
1.08981
1.11216
1.04897
0.999522
0.935662
1.05716
1.0365
1.07824
0.881942
1.07929
0.995944
1.02579
1.13278
1.15048
1.00951
1.02515
0.940335
0.954497
1.0897
0.931942
1.09777
0.884471
0.910108
0.93913
0.941469
1.0986
0.904451
0.987181
1.216
1.08014
0.966742
1.00622
0.899726
0.997943
1.00589
1.08596
1.09713
1.01327
0.984757
0.905143
0.992995
0.944848
1.0442
1.00014
0.999861
1.01739
1.06596
1.05502
0.949806
1.09918
0.970324
0.990557
0.891086
0.997789
1.05924
1.04894
0.92356
0.951714
1.06079
1.03442
0.944099
0.972235
1.00601
1.0855
0.831023
0.883204
0.948947
1.02411
0.920442
0.994089
0.884472
0.974923
1.04493
1.12052
0.933363
0.979322
0.982884
1.0602
0.995575
0.98983
1.04987
0.997365
0.992411
0.960381
1.09722
0.920223
0.940132
1.02347
0.961379
1.05058
1.00699
0.970135
0.832056
0.893008
0.944568
0.896194
0.984239
1.02779
0.966335
1.04546
0.903674
1.08866
0.953528
0.94508
0.833552
0.967709
0.951561
1.09688
0.960065
0.983428
0.892094
1.0198
0.882113
1.07297
0.951841
1.03276
1.04036
1.0109
1.00396
0.849813
1.05277
0.939465
1.00293
1.00459
0.962813
1.01122
0.939428
1.25005
1.00284
0.936869
0.966469
1.01706
0.89619
1.16486
1.15056
0.947587
1.05958
1.06667
1.01664
1.09408
0.882721
0.947892
1.17371
1.04035
1.00138
0.936516
1.07815
0.964724
1.06166
0.975485
1.04556
1.05414
0.977758
0.992243
1.05377
0.972527
0.930379
1.08936
1.05768
1.014
1.0068
0.970303
0.965034
1.02373
1.00207
0.926607
1.04978
1.00716
1.0568
1.03709
1.0848
0.906083
0.884918
0.958773
1.06623
0.86551
1.16083
0.950329
1.13422
1.03654
1.0026
1.03672
0.96024
0.95867
1.01653
1.06005
0.98515
0.95579
1.01076
0.939816
0.927533
1.03927
1.05798
0.939419
0.945233
0.951014
0.9125
1.01577
0.913659
1.15602
0.950866
0.987449
1.03758
0.999989
1.03622
1.06257
0.942009
0.94051
0.951994
0.925009
1.04805
1.04931
1.01174
1.05628
1.1323
0.992406
0.994682
0.988384
1.00319
0.923279
0.94755
1.02424
1.08133
0.96063
1.08442
1.16815
1.03573
1.05574
0.960946
0.991563
1.01716
1.0281
0.796072
1.16773
1.02731
0.97505
0.992698
0.957696
0.887496
0.948251
0.99814
0.962678
1.0623
1.0218
1.01711
1.17852
0.847431
1.11866
1.05039
1.12763
0.938994
0.958001
1.05843
1.231
0.968859
0.975554
0.896602
0.918517
1.09754
1.01355
0.983833
0.974247
1.06416
1.07471
1.00274
1.01627
0.965902
1.03315
1.04155
0.86477
0.975718
0.917255
1.0029
0.989801
1.02723
1.1031
0.959896
0.965841
0.938634
0.949647
1.04641
0.956615
0.834111
1.03819
1.13311
1.01069
1.22894
0.897924
1.04713
0.960847
1.03758
1.02894
0.93373
1.11033
1.05308
1.042
1.13895
0.989211
1.03345
0.942679
0.87902
0.904501
1.05395
0.969217
1.00041
1.03335
0.929147
1.14316
0.974384
1.01539
1.10747
0.898725
1.05004
0.776485
0.989214
1.05343
0.967353
1.00536
0.920866
1.15126
0.994855
0.94742
0.931373
0.993933
1.19351
0.937805
0.954685
0.99926
1.00552
1.00143
0.908837
0.968013
0.851591
1.0572
0.880257
1.16691
1.14382
1.06826
1.1819
0.930555
1.02773
0.991778
1.0175
1.03612
1.03177
0.900101
1.09786
0.989193
1.12706
1.18212
1.02088
1.09919
1.09106
0.932977
1.03643
1.07904
0.950522
0.974854
0.996599
1.04572
1.15817
1.04667
1.02878
0.937502
0.969707
0.993631
0.922993
0.96845
1.16126
0.942344
0.878126
1.03879
1.02498
0.841114
1.17007
0.915336
1.04049
1.05779
1.20595
1.07756
1.12197
1.0603
0.827858
1.0217
1.01494
1.10493
1.01598
1.2474
1.0156
0.86975
0.843517
1.12632
0.968769
0.993019
1.05871
0.947142
1.07908
0.996344
0.934809
0.991995
1.02559
1.01968
1.04163
1.01201
1.04378
0.992994
1.04475
0.95539
1.00613
1.15219
0.90831
0.964535
1.127
0.941753
0.946884
1.03044
0.965567
0.939851
1.00192
1.07922
0.920609
0.948516
0.9171
0.897203
0.918062
1.10431
0.988849
1.10157
1.11839
1.07596
0.8635
1.14517
1.10912
1.01808
1.06382
1.00901
0.969082
0.85661
1.0738
0.8003
1.11957
0.995567
1.03071
1.08561
0.882639
1.01141
0.942296
0.806298
1.00665
0.937399
1.10502
0.997407
1.01496
1.01315
0.855678
1.08238
0.942107
0.933268
1.03564
1.00223
0.99051
0.891335
0.998161
1.03845
0.94603
1.06227
1.03578
1.10524
1.02806
0.968826
1.0233
1.00322
1.14991
0.999436
0.900679
0.988955
1.03082
1.08276
0.970993
0.882449
1.0451
1.08861
0.884391
0.945442
0.895665
1.10395
1.07357
1.08094
0.931374
1.01415
0.929908
0.971348
0.95559
1.05701
0.945725
1.08747
0.938104
1.04814
0.909371
1.07586
0.866937
1.07132
0.995295
1.09784
0.901125
1.01555
1.01303
0.904247
1.04468
1.02326
1.02097
0.943982
0.946861
0.935787
1.01343
1.05299
0.936856
0.927801
0.976459
0.967865
0.98302
1.06694
1.02572
1.05033
1.14124
1.18771
0.968144
1.07028
0.863062
0.981823
1.01762
1.02646
0.9217
0.99953
1.0876
0.937199
0.800303
0.884909
1.03207
1.11359
0.815534
0.96092
0.9828
0.795045
1.03063
0.930842
0.925844
0.967427
0.956251
0.993763
0.989171
0.969811
1.03298
0.947576
0.977118
1.04635
0.968828
0.896654
0.917329
1.03321
0.896546
0.915772
0.984153
0.947415
1.02005
0.959656
0.926607
0.951716
1.05981
1.0338
0.910086
1.02479
0.994883
1.06325
1.12672
0.883165
1.04038
1.04226
0.823157
0.986703
0.843722
1.00221
0.934618
0.945001
1.12661
0.965246
0.9719
0.901674
0.886214
0.946952
0.958203
0.963225
1.0716
1.08828
1.04009
0.908214
1.1318
1.02464
0.851276
1.09037
0.957367
1.12179
0.957912
0.987654
0.823714
1.05827
1.05973
0.880971
1.00339
0.980202
0.986486
1.0365
1.01491
0.943262
0.989407
0.980547
1.03255
1.1382
0.932574
1.04477
0.932313
1.02113
1.01148
0.995305
0.933396
0.894563
1.07357
0.90975
0.961372
1.10571
1.16421
1.02941
0.91208
0.961611
1.08697
1.09951
1.13125
0.904751
0.911461
0.876987
1.13314
1.01774
1.05481
0.979797
0.975803
0.938668
1.0181
1.046
0.989399
0.980467
1.01839
0.928324
0.862771
1.12846
0.966498
0.977516
0.914771
1.08641
1.03486
0.975595
1.01815
0.895165
1.04813
0.89027
0.986815
0.864017
0.954888
1.05168
0.985331
0.939587
0.901869
1.00545
1.00826
1.06509
0.997274
0.930258
0.840825
0.984396
0.912157
1.06251
0.946668
0.946098
0.95055
1.03583
1.05213
0.982013
1.06909
1.12822
1.108
1.03689
0.949717
1.0494
1.00976
1.06062
1.03977
1.12938
1.03011
0.986514
1.08991
0.950617
0.939794
0.922572
0.970439
0.922457
1.08093
0.919273
1.14797
0.937087
0.841404
1.18919
0.989195
0.911388
1.00393
0.957079
0.979747
0.874727
1.09032
0.916537
1.02127
1.08277
1.03935
0.984649
1.04205
0.919356
0.974137
0.958045
0.792045
1.11952
1.01494
1.03675
0.934836
0.951106
1.15404
0.906497
1.04937
0.93576
0.994615
0.941374
1.00145
1.02473
1.06024
0.784175
1.0724
0.909144
0.836236
0.936096
1.07616
0.981417
1.01433
1.07139
0.88474
0.868834
0.971039
1.01137
0.906803
1.107
0.886626
0.852655
0.965363
0.904493
1.01843
0.90811
1.03793
1.11514
0.909296
1.0376
0.906593
1.10482
1.09412
0.850527
0.999319
0.948491
1.0054
0.920291
1.0551
0.988277
1.08242
1.03015
0.762591
0.887294
0.933452
0.960488
0.946966
1.03763
1.02759
0.984997
0.945871
1.12237
1.10461
0.972891
1.05973
0.97924
0.990306
1.03301
1.01749
0.918493
0.920768
1.06744
0.980814
1.15337
1.01771
0.953229
1.00242
0.962086
1.05456
0.968239
1.01941
1.03598
0.984225
0.993204
0.991427
1.04224
0.972422
0.98772
1.01635
0.906039
0.977689
0.846654
0.996674
0.941748
0.976967
1.10096
1.02215
0.926733
1.01474
1.00681
0.870796
0.896649
0.880472
1.21369
1.02119
1.0676
0.951673
1.08206
0.845137
0.889204
1.07556
0.99976
0.980615
1.05439
1.035
0.990122
1.15264
0.948888
1.0224
1.05589
1.00389
0.965968
1.10831
0.913933
0.993972
0.910647
1.09795
1.10601
1.06456
0.946145
1.06399
1.01951
0.954102
0.914266
0.919859
0.975526
1.02194
1.02568
1.14029
1.01087
0.938997
1.00664
0.998647
0.782352
1.04966
1.08637
1.20546
0.973655
1.01931
1.00054
0.992854
0.977785
1.04217
0.982498
1.04888
0.975817
1.07368
0.981892
0.945888
0.929381
1.08452
0.984888
1.00044
0.953528
1.00445
0.974797
0.992811
0.836809
0.877634
0.935784
0.999349
0.962769
0.867568
1.03805
0.884689
1.10722
0.974449
1.00549
1.09579
0.97761
0.955411
0.989607
1.25159
0.905201
0.770546
0.944234
1.11306
0.857145
1.07745
1.02679
1.05676
0.870242
1.04543
0.963265
0.987702
1.04141
0.867738
0.947208
1.0344
1.0176
1.09126
0.972667
0.98674
0.997077
0.939899
0.961149
1.0493
0.993015
0.96605
1.08988
1.18822
0.947094
0.948435
0.985296
0.96291
0.960379
1.00263
1.07987
0.901575
0.847954
1.17356
1.09475
1.04734
1.04797
0.906152
0.852549
0.909951
0.975983
0.939889
1.07961
0.881584
1.01138
1.04869
0.889939
0.979116
0.931552
1.11921
1.03773
0.999435
0.950886
1.074
0.95373
1.0952
1.0131
0.89525
1.02487
1.02169
1.03916
1.05184
0.991874
0.979632
0.973402
1.12177
0.904962
0.955815
1.02204
1.04002
0.900221
0.985917
1.2454
0.916784
0.974721
0.924872
1.06454
0.989576
0.961888
1.12222
0.859935
1.02982
1.02123
0.969261
1.04363
0.907702
1.00625
1.04051
0.962414
1.00713
0.956064
0.991177
0.98649
0.965401
0.877381
0.976537
1.00778
0.960494
1.06967
0.952842
0.980414
0.934143
1.02901
1.04947
0.915607
0.993339
0.986238
0.981837
0.923343
0.924892
1.06885
0.969798
1.1018
1.06268
0.955365
1.00958
1.05615
1.12521
0.906388
0.959143
0.905864
1.12301
0.945585
1.07225
1.10024
0.869695
0.942238
0.963604
0.948194
1.15994
1.19329
0.976784
1.03171
0.856077
1.19254
1.11326
1.02557
0.980068
1.09295
0.992047
0.909184
0.907946
0.973037
0.98448
0.996706
0.884022
1.02085
0.990212
1.08366
0.946337
1.0713
1.07799
0.881789
0.938017
1.172
1.04777
0.96732
1.00751
1.09007
1.16136
1.0016
0.921612
0.995145
0.992111
1.10566
0.908174
1.15551
0.864261
0.944665
0.877774
1.10612
1.17039
0.983935
0.954375
0.861468
0.95473
1.03497
1.15742
0.953895
1.01148
1.03248
0.988661
1.05439
1.00976
0.958375
1.10068
1.02451
1.01842
0.830817
0.832415
1.00303
1.05179
0.926503
1.00355
0.950666
0.91102
0.955184
0.806431
0.940871
0.939493
0.929502
0.978249
0.830234
0.919087
1.03407
0.964608
1.13031
0.85351
0.983207
1.07535
0.899158
0.87012
1.13595
1.06728
0.998195
1.0462
0.932767
0.984677
1.11838
0.886947
1.06497
0.957937
0.906973
0.989527
1.05496
0.916339
0.844315
1.08869
0.950247
1.09548
0.970808
1.00329
0.946269
1.07789
0.878615
1.01565
1.07407
1.0102
1.0554
1.02119
0.9036
0.895344
1.05496
1.03919
1.08122
0.986397
1.09367
1.01633
1.10327
1.01165
1.24113
0.85067
0.945482
1.00826
0.999111
1.14997
0.937085
0.887607
1.0467
0.974294
0.962378
1.19213
1.07465
1.00269
0.993257
0.901353
0.981571
0.920945
0.905384
0.882108
0.956003
1.02751
0.957649
1.04459
1.04582
0.983912
0.951543
0.850551
0.874565
1.00497
1.01092
1.04274
0.945543
0.798865
1.09787
1.0642
0.979131
0.940871
1.12213
0.988204
1.02548
0.920493
1.07855
0.942413
0.95802
0.931769
1.02108
0.951021
0.986966
1.0371
0.907227
1.06726
1.03175
0.958533
1.01159
0.979498
0.845751
0.971655
1.0379
1.08591
0.92325
1.00294
0.903682
1.08455
0.998672
0.953943
1.07458
0.878181
1.01098
0.918184
1.12747
1.00686
1.00414
0.901657
1.0223
1.03877
1.19342
0.907042
0.978556
1.04425
0.864798
1.02523
1.08173
0.863492
1.09079
1.01471
1.12348
1.07375
1.04436
1.12461
1.05296
0.999575
0.855427
1.12633
1.06511
0.988332
0.970397
0.916761
1.02809
0.917812
1.08354
0.998576
0.934624
0.984485
0.923283
0.961871
0.970189
1.11809
1.03771
0.899502
1.0192
1.05229
1.15972
1.04947
1.00016
0.899063
0.968535
1.00034
1.08403
1.1034
1.22284
1.04217
1.12342
0.985144
1.03409
1.08834
1.10871
1.08469
1.03651
1.11919
0.989217
0.962053
0.950649
1.02272
1.07976
1.13545
0.919036
1.06676
0.949871
0.969507
1.05327
1.1365
1.09959
1.05366
1.1122
1.03905
0.983949
0.981891
1.16375
0.793877
0.951637
0.907091
0.812485
1.08531
1.06347
1.00259
1.08958
1.0682
0.833332
1.03672
0.932582
1.02587
0.894347
1.09003
0.978787
1.07912
1.024
0.964056
0.87848
1.1128
0.987406
0.96008
0.906065
0.922897
0.958158
1.0253
0.991762
1.06579
1.02875
0.962004
1.03138
1.03592
1.04318
0.915691
1.00302
1.00254
0.893544
1.09648
1.06378
0.979769
1.06847
1.07833
1.05669
0.975374
1.05674
0.806319
1.07056
0.998401
1.12512
0.932236
1.01796
1.03039
1.02212
0.961314
1.04978
0.996928
0.903155
0.981243
0.882576
1.02077
0.981306
1.06479
0.977844
0.942642
1.15441
0.879051
0.999985
0.992156
1.16125
0.855226
1.04607
0.888064
1.11012
0.975837
0.920409
0.962148
0.843869
1.12553
1.03365
0.867512
1.0642
1.06097
0.873132
0.961884
1.03431
0.913604
0.932362
0.892539
1.04903
1.08649
0.879408
1.06345
0.951433
0.891224
0.955301
0.930762
1.00065
0.94373
1.02463
0.979522
0.936797
1.05886
1.04179
1.0775
1.00414
0.914677
1.00197
0.985624
0.903573
0.969333
0.951039
0.951334
1.05046
0.924321
1.06814
0.853055
1.00804
0.877301
1.02602
1.03957
0.984255
0.972201
0.962091
0.873803
1.00802
1.02051
1.00186
1.04469
1.03764
1.11106
1.04917
1.12837
1.04468
1.0619
0.91497
0.803864
0.99225
0.938345
0.896121
1.06427
0.94402
1.09544
0.959098
1.15631
0.989867
1.10018
1.00634
0.935737
1.12657
1.05509
0.930027
1.04328
0.963954
1.07868
0.953425
0.910266
1.04556
0.945104
0.963072
0.984863
1.05785
1.09695
0.992131
1.12599
1.03029
0.956146
0.882814
1.00194
1.07691
1.02948
0.953325
0.994876
0.933603
0.957745
0.946547
0.935837
0.883941
0.922993
1.06309
0.960324
0.90515
1.09449
0.90638
1.10035
1.03019
0.980299
1.01025
0.954613
1.10014
0.907229
1.01841
1.13581
1.08308
0.95715
1.05181
0.874677
0.998749
0.934001
1.03997
1.04787
1.03868
1.09484
0.783665
1.16957
0.971227
1.01525
0.966165
0.878783
0.952674
1.00642
1.00131
1.09077
1.08046
1.05663
1.00322
1.14076
1.11594
1.12218
0.992572
0.862144
1.08647
1.03743
0.955364
0.949918
0.946195
0.91288
0.931619
1.00847
0.868844
1.06923
1.10691
1.04805
1.10721
0.983465
0.93902
0.87277
0.955425
0.957926
1.00724
0.971788
0.862039
0.929595
1.03163
1.04394
0.97569
1.05316
1.16857
0.996148
1.06459
1.04271
1.21413
1.04089
0.937373
1.11924
1.01735
0.929681
1.10633
0.999848
0.940858
1.03281
1.01944
1.04698
1.04362
1.07597
0.954386
1.01534
1.00038
0.968882
1.03999
1.02945
0.940924
1.0635
1.0369
1.04619
0.968081
0.990495
1.0081
1.03221
0.989767
0.924014
1.03081
1.0043
0.967325
0.845152
1.03338
0.959542
1.04392
0.999469
1.01136
0.904762
1.06234
0.887331
1.02186
1.17143
0.942017
0.933104
1.13729
0.873646
1.00419
1.20447
0.991773
0.995011
0.979103
0.855978
1.09576
0.990879
0.984981
1.20537
0.971694
1.12042
0.942945
0.955212
1.03236
0.939371
0.959605
0.869151
0.976257
1.12908
1.00742
1.03975
1.07169
1.0793
1.03629
1.11536
0.966474
1.04463
0.97421
1.07416
1.01019
0.925582
1.02148
1.06806
0.945178
0.958305
1.05637
0.930514
1.02216
0.96068
0.923411
0.943889
1.02815
0.999195
1.03823
1.04956
0.911287
0.95967
0.892271
1.22163
1.03299
0.957342
0.865748
1.02225
1.05732
0.964345
1.00518
0.898785
1.04157
0.933847
0.998362
1.06573
1.13686
0.953235
0.96395
0.832241
0.902793
1.04269
0.929974
1.01373
0.957216
0.981705
0.948663
1.06367
0.879702
1.04939
1.03401
1.0827
0.940791
0.967552
0.860287
0.988546
0.967334
1.05159
1.005
0.952564
0.944814
0.981044
0.944789
0.903977
0.950945
0.966462
0.85519
1.12497
0.877853
0.90059
1.02792
1.1107
0.958278
1.05812
0.981849
0.948223
1.00378
1.09039
0.954871
1.00047
0.854696
1.11061
0.998496
1.13875
1.083
0.960356
1.18634
0.989653
1.00585
0.925577
1.0019
0.897302
0.959259
0.918401
0.956897
1.05293
1.01828
0.95228
0.895292
1.16802
0.983041
0.962727
1.01565
0.920865
0.871692
1.07514
0.887662
1.04884
1.01353
0.990662
1.06347
1.01997
0.970452
1.00403
0.97176
0.973011
1.00533
0.784814
1.05196
0.894831
0.877325
1.12906
0.960351
1.06249
0.945868
1.09282
1.024
0.983666
1.04193
1.04347
0.897403
0.889746
1.07443
1.04064
0.890142
1.00834
1.00757
1.01573
0.992106
1.06397
0.999878
0.835603
1.01542
1.14132
0.949542
1.12268
1.08544
0.983921
1.16702
1.14829
1.05523
0.814399
1.01026
0.912236
0.991664
1.12749
1.09349
0.911252
1.00755
0.931626
1.03321
1.00656
1.06233
0.923477
0.852732
1.12752
0.982813
1.07647
1.02007
1.02506
0.957006
1.09362
1.05443
0.945214
1.08896
0.847456
0.875881
1.0406
1.02776
1.02166
0.98117
0.931176
1.06091
1.01122
0.937094
1.06999
1.17402
1.10704
0.981987
1.0702
1.01407
0.987049
1.02484
1.00446
0.909146
1.10448
1.02085
1.14022
0.955474
0.930026
1.07095
1.01952
1.03078
0.886522
0.988956
0.858701
1.10306
1.10053
0.90093
1.10527
1.00078
1.04476
0.884427
1.02822
1.09758
1.07706
0.824358
1.02223
1.0336
0.848753
1.04587
1.0007
0.914522
0.971019
1.0172
0.983499
0.924755
0.925177
1.05215
1.13047
0.979011
1.03362
0.979138
0.920808
0.949021
1.02679
1.01545
0.932423
0.916923
0.922775
0.971866
1.00475
0.984345
1.0935
1.01895
1.06282
1.09221
0.901665
1.09183
1.0708
1.04097
1.0602
0.898033
1.07915
1.11734
0.896001
1.05377
0.963012
1.05106
0.880838
1.00673
0.925529
0.944375
1.11444
1.01283
1.02642
1.10188
1.10185
1.03792
1.02367
1.15371
1.052
0.95912
0.954833
1.04634
1.06215
1.01274
0.929239
0.917575
0.940955
0.953029
1.09491
0.98033
1.06273
0.885676
1.00253
1.00973
0.991545
1.04223
0.935148
1.07798
0.926863
1.04766
0.963416
0.992423
0.997603
1.08358
0.960859
1.05549
1.10304
1.01636
1.04045
1.16824
0.954056
1.11619
1.00188
0.920168
0.907534
1.00235
1.06156
0.942553
1.09057
0.940052
0.982705
1.02082
1.00015
0.996278
1.01445
0.83994
1.12264
0.954591
1.03642
0.886487
1.13573
1.12405
0.914936
0.996005
0.919164
0.850089
0.968016
0.936669
1.07601
1.15959
0.928703
0.840732
0.967121
0.961287
0.989492
0.876518
1.04373
0.930257
0.991784
0.946335
1.13603
1.01256
0.87428
1.24546
1.09226
1.06065
1.1352
0.91577
1.0066
1.08929
0.895391
1.08403
0.989472
0.932952
0.96975
1.06825
0.882964
1.09367
1.11158
0.989634
1.02884
0.920612
1.04971
1.02814
1.03572
0.978474
0.986711
1.02651
0.854912
1.01732
1.0301
1.01157
1.04593
0.960164
1.07572
0.921415
0.993688
1.11212
1.0731
0.920931
1.06057
0.986582
0.987729
0.89896
0.998606
0.945769
0.974369
0.891368
1.08869
0.908102
0.958636
0.900734
0.977476
1.07194
1.01718
0.914369
0.987762
0.804084
1.05673
1.15537
1.09865
0.988081
1.06161
1.03498
0.963503
0.97307
0.907972
1.13916
1.02043
1.00513
1.01557
1.05533
1.0676
0.886253
0.95779
1.06068
0.890591
1.01775
0.906536
1.10488
1.01056
0.986758
1.09908
1.12879
1.00517
1.12996
1.05209
1.13986
1.0046
0.932202
0.95459
0.94023
0.993632
1.07646
1.01471
0.921182
0.934278
1.0897
1.04521
1.0601
1.00989
1.14454
0.954617
0.833193
1.13451
0.927685
0.928144
0.967338
1.11828
1.05672
0.937424
0.949116
1.04621
0.853239
0.993031
0.994241
1.07196
0.970143
1.05772
1.06593
1.06965
0.905842
1.04107
1.04878
0.870849
0.995492
1.1176
1.00941
1.08768
0.876867
0.879017
0.909511
1.06432
0.924643
0.917356
1.1688
0.938092
1.03269
1.08938
0.966931
1.06596
1.07276
1.11708
0.953892
0.963278
1.01489
0.979108
1.00014
1.01508
0.887993
1.02485
0.937758
0.885438
1.10873
0.911173
1.0081
0.925361
1.0607
0.996792
1.04284
0.969028
0.95387
0.855507
1.07222
0.919293
0.986343
1.14802
1.0391
0.966466
1.0586
0.981796
1.04681
1.1434
1.01312
0.937312
1.08164
1.05258
0.952371
0.911652
0.938292
0.988215
1.0727
0.971557
0.901436
0.938063
1.00885
0.987289
0.933045
0.855744
0.953655
0.845373
0.989233
0.99525
1.11657
1.07726
1.04706
1.12136
1.01939
0.992914
0.963864
0.999397
1.03474
0.867575
0.996763
1.03364
1.02789
0.919179
1.11155
1.07818
1.01977
1.03502
0.989723
1.05335
1.00597
0.855696
1.00345
1.02482
1.0442
1.00213
1.11558
0.927576
1.0348
1.01922
0.91005
1.0623
0.931868
0.961795
1.08436
1.05191
1.06495
0.956524
1.07186
0.960821
1.00645
1.02057
0.977287
0.863069
0.886242
0.936119
1.02642
0.913401
0.962181
0.898747
1.02415
0.920451
1.10464
1.17825
1.03427
0.780286
1.04561
1.05144
0.965059
0.919921
0.941646
0.923829
1.01825
0.93362
0.905698
0.940496
1.09231
1.063
1.04562
1.00545
0.909977
1.1213
1.04493
1.1125
1.08308
1.01786
0.929942
1.02776
0.841209
0.901949
1.12597
1.00136
0.968431
0.989599
1.11
1.0464
0.990276
0.916725
0.925648
0.973779
1.00636
1.08696
1.0071
1.04015
1.05977
0.887957
0.925372
1.13576
1.00068
0.945464
1.01747
1.13466
1.08528
0.982833
0.949081
1.01969
0.959315
1.03008
1.02992
0.9461
0.925902
0.984703
1.11465
1.05425
0.964997
0.964365
0.990226
1.11035
1.08121
0.984079
0.97973
1.01107
1.01237
1.03477
1.04774
1.08985
0.926509
1.01201
0.969971
0.945794
1.04603
0.972311
1.11437
0.916145
0.935747
0.850598
1.00202
0.935693
0.984695
0.832749
1.03072
0.976431
0.827188
0.864991
1.13543
0.966981
1.02951
0.923667
0.955301
0.965579
0.995354
0.97794
0.856339
1.1667
0.937054
1.03276
1.10928
0.971491
0.94932
0.730049
1.13108
0.99084
0.999204
1.08987
0.988811
0.931542
0.878368
0.938657
1.01956
0.932064
1.01065
0.980334
0.953174
0.948918
1.0372
1.09
1.05968
0.934969
1.12387
1.01204
1.0131
0.948904
1.06301
1.00403
0.971259
1.03909
1.08647
0.988319
0.975103
0.971205
1.1769
1.00667
0.987261
1.21748
0.910012
1.0895
0.99014
0.976471
0.946585
0.982491
1.15086
1.0809
0.930854
0.924198
0.877831
1.08141
0.932507
1.08763
0.981087
0.977592
0.956788
1.0357
1.10332
0.984806
1.04559
0.94186
1.01847
0.997976
1.01084
0.978985
1.02624
0.9726
0.978415
0.970756
1.19326
1.03493
1.02046
1.11124
1.00083
0.863452
0.988373
0.79269
0.93596
1.06745
0.926368
0.904772
